# RECSRecommendations Upload File,,,,,,,,,,,,,,,,,,,,
## RECS''## RECS'' indicates a Recommendations pre-process header. Please do not remove these lines.,,,,,,,,,,,,,,,,,,,,
## RECS,,,,,,,,,,,,,,,,,,,,
## RECSUse this file to upload product display information to Recommendations. Each product has its own row. Each line must contain 19 values and if not all are filled a space should be left.,,,,,,,,,,,,,,,,,,,,
## RECSThe last 100 columns (entity.custom1 - entity.custom100) are custom. The name 'customN' can be replaced with a custom name such as 'onSale' or 'brand'.,,,,,,,,,,,,,,,,,,,,
## RECSIf the products already exist in Recommendations then changes uploaded here will override the data in Recommendations. Any new attributes entered here will be added to the product''s entry in Recommendations.,,,,,,,,,,,,,,,,,,,,
##RECSentity.id,entity.name,entity.categoryId,entity.message,entity.thumbnailUrl,entity.value,entity.pageUrl,entity.inventory,entity.margin,entity.hookline,entity.priceDisplayValue,entity.priceOriginalValue,entity.dealerLocatorUrl,entity.productGroup,entity.brandValueClass,entity.onlineDate,entity.keyBenefits1,entity.keyBenefits2,entity.keyBenefits3,entity.keyBenefits4,entity.keyBenefits5
PXX875D34E,domino giris kanali modulu,pisirme grubu,PXX875D34E,//media3.bosch-home.com/Product_Shots/600x600/MCSA01757168_PXX875D34E_ElectricHob_Bosch_STP_def.jpg,17548,https://www.bosch-home.com.tr/urun-listesi/pisirme-grubu/davlumbazlar-ve-aspiratorler/domino-giris-kanali-modulu/PXX875D34E?breadcrumb=null,0,0,Havalandırma modulü ile tamamlanmış indüksiyon ocak: Mükemmel sonuçlar için en iyi havalandırma teknolojisi ile en iyi indüksiyonu birleştirir.,17.548-00 TL,-,https://www.bosch-home.com.tr/yetkili-saticilar?product=PXX875D34E,-,Serie | 8,0,DirectSelect Premium: İstenilen pişirme bölgesinin direk ve kolay seçimi-güç ve ek fonksiyonlar.,PerfectCook: hassas sıcaklık kontrolünü sağlayan sensörlü aparatı sayesinde yemeğin yanması- kavrulması ya da fazla kaynamasına izin vermez.,PerfectFry: 5 güç seviyeli sensör sayesinde istenilen derecede kızarmış yemekler.,PerfectAir sensor: En düşük ses seviyesinde üstün emiş gücü için otomatik kontrol sistemi.,FlexInduction Zone: Ocak gözlerini birleştirerek geniş tenceler veya farklı pişirme ebatları için esneklik sağlar.
CTL636ES6,ankastre tam otomatik kahve makineleri,kahve makineleri,AnkastreTam Otomatik Kahve Makinesi,//media3.bosch-home.com/Product_Shots/600x600/MCSA01010474_632853_CTL636ES6_def.jpg,13404,https://www.bosch-home.com.tr/urun-listesi/kahve-makineleri/ankastre-tam-otomatik-kahve-makineleri/CTL636ES6?breadcrumb=null,0,0,Home Connect özellikli tam otomatik ankastre kahve makinesi,13.404-00 TL,16.755-00 TL,https://www.bosch-home.com.tr/yetkili-saticilar?product=CTL636ES6,-,-,0,Akıllı ısıtma sistemi: Sabit sıcaklıkla ısıtma sayesinde maksimum kahve keyfi,Cappuccino: Aynı anda iki fincan için bile bir dokunuş yeter,AromaDouble Shot: Arka arkaya iki öğütme ve ısıtma sayesinde ekstra güçlü kahvenizin tadı artık daha az acı,Home Connect: Hayatı daha kolay hale getirmek için akıllı ev aletleri,creamCleaner: Her içecekten sonra süt sistemini otomatik temizleyen basınçlı sistem
B1ZMX42008,klimalar,klimalar ve ev konforu,B1ZMI42008 iç ünite ile B1ZMA42008 dış üniteyi içerir.,//media3.bosch-home.com/Product_Shots/600x600/MCSA02616988_B1ZMX42008_def.jpg,15974,https://www.bosch-home.com.tr/urun-listesi/klimalar-ve-ev-konforu/klimalar/B1ZMX42008?breadcrumb=null,0,0,Cafe- Restorant- Toplantı salonları- camiler gibi büyük alanlarda kullanıma uygundur.,15.974-00 TL,-,https://www.bosch-home.com.tr/yetkili-saticilar?product=B1ZMX42008,Yeni enerji yönetmeliğine uygun- inverter A+ enerji sınıfı split klima iç ünite,-,1528236000,Kış aylarında verimli çalışması için 3 adet ek ısıtıcı( 3x1167 W ) ile güçlendirilmiştir.,Programların başkaları tarafından değiştirilmesi yada küçük çocukların klima programları ile oynamaması için çocuk kiliti bulunmaktadır.,Büyük LCD displayli (Dijital ekran),0-24 saat arası programlama özelliği,
PXX975KW1E,induksiyonlu ocaklar,pisirme grubu,PXX975KW1E,//media3.bosch-home.com/Product_Shots/600x600/MCSA01731370_1173284_PXX975KW1E_def.jpg,13866,https://www.bosch-home.com.tr/urun-listesi/pisirme-grubu/ocaklar/induksiyonlu-ocaklar/PXX975KW1E?breadcrumb=null,0,0,PerfectFry ile indüksiyonlu ocak : otomatik sıcaklık kontrolü sayesinde mükemmel pişirme sonuçlarına ulaşır.,13.866-00 TL,-,https://www.bosch-home.com.tr/yetkili-saticilar?product=PXX975KW1E,-,Serie | 8,0,DirectSelect Premium: İstenilen pişirme bölgesinin direk ve kolay seçimi-güç ve ek fonksiyonlar.,PerfectFry: 5 güç seviyeli sensör sayesinde istenilen derecede kızarmış yemekler.,FlexInduction Zone: Ocak gözlerini birleştirerek geniş tenceler veya farklı pişirme ebatları için esneklik sağlar.,ComfortProfil: Eğimli ön ve metal şeritli yan yüzeyi ile şık ve hoş tasarım.,Her ocak gözü için zamanlayıcı : Ayarlanan sürede seçilen pişirme bölgesini kapatır.
HRG636XS7,ankastre firinlar,pisirme grubu,Inox,//media3.bosch-home.com/Product_Shots/600x600/MCSA00780728_426550_HSG636XS6_def.jpg,12956,https://www.bosch-home.com.tr/urun-listesi/pisirme-grubu/ankastre-firinlar/ankastre-firinlar/HRG636XS7?breadcrumb=null,0,0,PerfectBake- PerfectRoast ve buhar destekli pişirme özelliğine sahip ankastre fırın: sensörleri ve buhar desteği sayesinde otomatik olarak mükemmel yemekler hazırlar,12.956-00 TL,-,https://www.bosch-home.com.tr/yetkili-saticilar?product=HRG636XS7,-,Serie | 8,1549839600,Home Connect: akıllı ev aletleri ile daha rahat bir yaşam,4D hot Air: her raf seviyesinde mükemmel sonuçlar için homojen ısı dağılımı,DishAssist: sayısız yemek türü için otomatik olarak ayarlanmış program- ısı ve zaman ayarı.,TFT dokunmatik ekran: yüksek çözünürlüklü ekran- control ring sayesinde kolay kullanım,EcoClean Direct: Fırının arka duvarındaki kendi kendini temizleyen özel kaplama sayesinde temizlik için neredeyse vakit harcamanız gerekmez.
B1ZMX42005,klimalar,klimalar ve ev konforu,Salon Tipi- 42.000 Btu Sınıfı- On-Off F Enerji Sınıfı Klima.,//media3.bosch-home.com/Product_Shots/600x600/MCSA02082198_IMG_9837_def.jpg,11418,https://www.bosch-home.com.tr/urun-listesi/klimalar-ve-ev-konforu/klimalar/B1ZMX42005?breadcrumb=null,0,0,Cafe- Restorant- Toplantı salonları- camiler gibi büyük alanlarda kullanıma uygundur.,11.418-00 TL,-,https://www.bosch-home.com.tr/yetkili-saticilar?product=B1ZMX42005,B1ZMI42005 iç ünite ile B1ZMA42005 dış üniteyi içerir.,-,0,Soğutmada Enerji Verimlilik Sınıfı : F,Kış aylarında verimli çalışması için 3 adet ek ısıtıcı( 3x1167 W ) ile güçlendirilmiştir.,Programların başkaları tarafından değiştirilmesi yada küçük çocukların klima programları ile oynamaması için çocuk kiliti bulunmaktadır.,Büyük LCD displayli (Dijital ekran),0-24 saat arası programlama özelliği
HMG656RS1,ankastre kompakt mikrodalga firin,pisirme grubu,800 W,//media3.bosch-home.com/Product_Shots/600x600/MCSA00766690_411043_HMG636BS1_def.jpg,11324,https://www.bosch-home.com.tr/urun-listesi/pisirme-grubu/mikrodalga-firinlar/ankastre-kompakt-mikrodalga-firin/HMG656RS1?breadcrumb=null,0,0,PerfectBake- PerfectRoast ve mikrodalga özelliğine sahip ankastre fırın: Otomatik programları sayesinde mükemmel yemekler hazırlar.,11.324-00 TL,-,https://www.bosch-home.com.tr/yetkili-saticilar?product=HMG656RS1,Inox,Serie | 8,0,PerfectBakeSensörü ve PerfectRoast et termometresi: mükemmel pişirme ve rosto sonuçları almanın en kolay yolu.,Mikrodalga fonksiyonu: hızlı ısıtma ya da sıcak hava ile kombine kullanılarak hızlı pişirme için.,DishAssist: sayısız yemek türü için otomatik olarak ayarlanmış program- ısı ve zaman ayarı.,TFT dokunmatik ekran: yüksek çözünürlüklü ekran- control ring sayesinde kolay kullanım,EcoClean Direct: kirleri emen özel kaplama sayesinde artık temizliğe gerek yok
PXX975DC1E,induksiyonlu ocaklar,pisirme grubu,PXX975DC1E,//media3.bosch-home.com/Product_Shots/600x600/MCSA01004331_625824_PXX975DC1E_def.jpg,10812,https://www.bosch-home.com.tr/urun-listesi/pisirme-grubu/ocaklar/induksiyonlu-ocaklar/PXX975DC1E?breadcrumb=null,0,0,PerfectFry ile indüksiyonlu ocak : otomatik sıcaklık kontrolü sayesinde mükemmel pişirme sonuçlarına ulaşır.,10.812-00 TL,-,https://www.bosch-home.com.tr/yetkili-saticilar?product=PXX975DC1E,-,Serie | 8,0,DirectSelect Premium: İstenilen pişirme bölgesinin direk ve kolay seçimi-güç ve ek fonksiyonlar.,PerfectFry: 5 güç seviyeli sensör sayesinde istenilen derecede kızarmış yemekler.,FlexInduction Zone: Ocak gözlerini birleştirerek geniş tenceler veya farklı pişirme ebatları için esneklik sağlar.,ComfortProfil: Eğimli ön ve metal şeritli yan yüzeyi ile şık ve hoş tasarım.,Her ocak gözü için zamanlayıcı : Ayarlanan sürede seçilen pişirme bölgesini kapatır.
HBG6767S1,ankastre firinlar,pisirme grubu,Inox,//media3.bosch-home.com/Product_Shots/600x600/MCSA00766674_411035_HBG636BS1_def.jpg,10314,https://www.bosch-home.com.tr/urun-listesi/pisirme-grubu/ankastre-firinlar/ankastre-firinlar/HBG6767S1?breadcrumb=null,0,0,PerfectBake ve PerfectRoast özelliklerine sahip ankastre fırın: otomatik olarak mükemmel pişirme ve rosto sonuçları alabilirsiniz.,10.314-00 TL,-,https://www.bosch-home.com.tr/yetkili-saticilar?product=HBG6767S1,-,Serie | 8,0,PerfectBakeSensörü ve PerfectRoast et termometresi: mükemmel pişirme ve rosto sonuçları almanın en kolay yolu.,4D hot Air: her raf seviyesinde mükemmel sonuçlar için homojen ısı dağılımı,DishAssist: sayısız yemek türü için otomatik olarak ayarlanmış program- ısı ve zaman ayarı.,TFT dokunmatik ekran: yüksek çözünürlüklü ekran- control ring sayesinde kolay kullanım,Pirolitik temizleme: Pirolitik temizleme özelliği sayesinde hiç efor harcamadan otomatik temizlik. Pirolotik temizliğe uygun raflar ve teleskopik raylar ile birlikte.
WKD28541EU,washerdryers2,camasir ve kurutma makineleri,Kurutmalı Çamaşır Makinesi- Tam entegre,//media3.bosch-home.com/Product_Shots/600x600/MCSA00989436_WKD28541EU_def.jpg,10180,https://www.bosch-home.com.tr/urun-listesi/camasir-ve-kurutma-makineleri/kurutmali-camasir-makineleri/washerdryers2/WKD28541EU?breadcrumb=null,0,0,-,10.180-00 TL,-,https://www.bosch-home.com.tr/yetkili-saticilar?product=WKD28541EU,-,Serie | 6,1531346400,Otomatik kurutma: İstemiş olduğunuz kuruluk seviyesinde çamaşırlarınızı hassas bir şekilde kurutur.,Aktif Su™: 2 kademeli miktar otomaği sudan tasarruf edilmesini sağlar.,7/4 kg kapasitesi ile 7kg yıkar 4kg kurutur.,Quik 15': 2kg kadar olan çamaşırlarınızı 15 dk. da yıkayın.,Night-Wash: Seçilen bu program ile son derece sessiz yıkama yapabilirsiniz.
DWK98JS69,duvar tipi davlumbazlar,pisirme grubu,DWK98JS69,//media3.bosch-home.com/Product_Shots/600x600/MCSA01743284_STP_DWK98JS69_1181734_def.jpg,9894,https://www.bosch-home.com.tr/urun-listesi/pisirme-grubu/davlumbazlar-ve-aspiratorler/duvar-tipi-davlumbazlar/DWK98JS69?breadcrumb=null,0,0,Eğimli davlumbaz: tencerelerinize göz kulak olması için en uygun.,9.894-00 TL,-,https://www.bosch-home.com.tr/yetkili-saticilar?product=DWK98JS69,Duvar tipi davlumbaz- 90 cm,Serie | 6,0,DirectSelect kontrol: arzulanan güç kademesi ve aydınlatma ayarını hızlı bir şekilde seçebilirsiniz.,Emiş gücü: 840 m3/h- mutfağınızda kaliteli hava olmasını garanti eder.,Home Connect: Bağlı ev aletleri; Yaşam için Teknoloji,PerfectAir sensör: en az ses ile en fazla performans için otomatik ayar.,Yüksek sessizlik: minimum ses ile maksimum performans
DWF97RV60,duvar tipi davlumbazlar,pisirme grubu,DWF97RV60,//media3.bosch-home.com/Product_Shots/600x600/MCSA01743310_STP_DWF97RV60_1181752_def.jpg,9894,https://www.bosch-home.com.tr/urun-listesi/pisirme-grubu/davlumbazlar-ve-aspiratorler/duvar-tipi-davlumbazlar/DWF97RV60?breadcrumb=null,0,0,Flat tasarım davlumbaz: tasarımıyla gözü hep tencerelerinizin üzerindedir.,9.894-00 TL,-,https://www.bosch-home.com.tr/yetkili-saticilar?product=DWF97RV60,-,Serie | 8,0,Control Ring tasarımı ile dijital ekran: uygun ayarlar ve aydınlatma Control Ring'i çevirerek kolayca seçilir.,EcoSilence Drive: yüksek verimli motorumuz- performanstan değil enerjiden tasarruf etmenizi sağlar.,LED aydınlatma: enerji verimliliği sayesinde ocağın mükemmel bir şekilde aydınlatılmasını sağlar.,Özellikle sessiz: yüksek performansta sadece 44 dB ses basıncı.,Emiş gücü: 717 m3/h- mutfağınızda kaliteli hava olmasını garanti eder.
KAN90VI20N,gardirop tipi buzdolaplari3,buzdolaplari derin dondurucular,NoFrost- Gardırop Tipi Buzdolabı,//media3.bosch-home.com/Product_Shots/600x600/MCSA00762054_E6359_KAN90VI20G_407042_def.jpg,8161,https://www.bosch-home.com.tr/urun-listesi/buzdolaplari-derin-dondurucular/gardirop-tipi-buzdolaplari/gardirop-tipi-buzdolaplari3/KAN90VI20N?breadcrumb=null,0,0,622 litre iç hacme ve MultiBox tazelik sistemine sahip NoFrost gardırop tipi buzdolabı- kalabalık aileler ve haftalık alışveriş yapanlar için daha fazla saklama kapasitesi sunarken yiyeceklerin daha uzun süre taze kalmalarını sağlar.,8.161-00 TL,9.675-00 TL,https://www.bosch-home.com.tr/yetkili-saticilar?product=KAN90VI20N,Kolay temizlenebilir inox kapılar,Serie | 2,1482879600,MultiBox çekmecesinin dalgalı tabanı sayesinde meyve ve sebzeler standart tazelik sistemlerine göre daha uzun süre taze kalır.,MultiAirflow hava akış sistemi sayesinde buzdolabının içerisindeki her noktada eşit soğutma sağlanır.,Optimum konumu sayesinde aydınlık bir iç ortam sunarken gölgelenmeyi de engelleyen LED aydınlatmanın cihazın ömrü boyunca değiştirilmesi gerekmez.,A+ enerji sınıfı ile A enerji sınıfı buzdolaplarına göre %20 daha az enerji harcar.,
KGN56HB40N,alttan donduruculu buzdolaplari,buzdolaplari derin dondurucular,NoFrost- Alttan donduruculu buzdolabı,//media3.bosch-home.com/Product_Shots/600x600/MCSA00922377_F4710_KGN56SB40N_552976_def.jpg,7921,https://www.bosch-home.com.tr/urun-listesi/buzdolaplari-derin-dondurucular/buzdolaplari/alttan-donduruculu-buzdolaplari/KGN56HB40N?breadcrumb=null,0,0,554 litre geniç iç hacme ve VitaFresh pro tazelik sistemine sahip NoFrost kombi buzdolabı- yiyecekleriniz için çok daha fazla saklama kapasitesi sunarken üç kata kadar daha uzun süre taze kalmalarını sağlar!,7.921-00 TL,9.390-00 TL,https://www.bosch-home.com.tr/yetkili-saticilar?product=KGN56HB40N,Home Connect,Serie | 8,1482879600,Wi-Fi destekli HomeConnect özelliği sayesinde buzdolabınızı dilediğiniz yerden kontrol etmenin kolaylığını yaşayın !,Buzdolabının içine ve dışına yerleştirilmiş sensörler sürekli olarak sıcaklık ölçümü yaparak dalgalanmaları en aza indirip çok daha uzun süre tazeliği garantilerler.,Hem sıcaklık hem de nem kontrolü sayesinde VitaFresh pro 0°C tazelik sistemi meyve- sebze ve et- balık gibi yiyeceklerinizi 3 kata kadar daha uzun süre taze saklar.,Optimum konuma yerleştirilmiş LED yan aydınlatma- meyve ve sebze çekmecesini aydınlatan LED spot aydınlatmayla birlikte buzdolabında çok daha aydınlık bir iç ortam sağlar.,Özel fonksiyon ayarlarına sahip kapıya entegre LCD elektronik hem buzdolabı hem de dondurucu sıcaklığını kolayca ayarlamayı sağlar.
HBG656ES6,ankastre firinlar,pisirme grubu,Inox,//media3.bosch-home.com/Product_Shots/600x600/MCSA01073497_662685_HBG676ES6_def.jpg,9202,https://www.bosch-home.com.tr/urun-listesi/pisirme-grubu/ankastre-firinlar/ankastre-firinlar/HBG656ES6?breadcrumb=null,0,0,PerfectBake ve PerfectRoast özelliklerine sahip ankastre fırın: otomatik olarak mükemmel pişirme ve rosto sonuçları alabilirsiniz.,9.202-00 TL,-,https://www.bosch-home.com.tr/yetkili-saticilar?product=HBG656ES6,HomeConnect ile uzaktan erişim,Serie | 8,0,PerfectBakeSensörü ve PerfectRoast et termometresi: mükemmel pişirme ve rosto sonuçları almanın en kolay yolu.,4D hot Air: her raf seviyesinde mükemmel sonuçlar için homojen ısı dağılımı,DishAssist: sayısız yemek türü için otomatik olarak ayarlanmış program- ısı ve zaman ayarı.,TFT dokunmatik ekran: yüksek çözünürlüklü ekran- control ring sayesinde kolay kullanım,Home Connect: akıllı ev aletleri ile daha rahat bir yaşam
B1ZMX24501,klimalar,klimalar ve ev konforu,Salon Tipi- 24.000 Btu Sınıfı- İnverter A++ Enerji Sınıfı Klima.,//media3.bosch-home.com/Product_Shots/600x600/MCSA02082194_IMG_9991_def.jpg,9162,https://www.bosch-home.com.tr/urun-listesi/klimalar-ve-ev-konforu/klimalar/B1ZMX24501?breadcrumb=null,0,0,Cafe- Restorant- Toplantı salonları- camiler gibi büyük alanlarda kullanıma uygundur.,9.162-00 TL,-,https://www.bosch-home.com.tr/yetkili-saticilar?product=B1ZMX24501,B1ZMI24501 iç ünite ile B1ZMA24501 dış üniteyi içerir.,-,1516834800,Programların başkaları tarafından değiştirilmesi yada küçük çocukların klima programları ile oynamaması için çocuk kiliti bulunmaktadır.,0-24 saat arası programlama özelliği,,,
B1ZMX24725,klimalar,klimalar ve ev konforu,Ev Tipi- 24.000 Btu Sınıfı- İnverter A++ Enerji Sınıfı Klima.,//media3.bosch-home.com/Product_Shots/600x600/MCSA01750218_B1ZMAI09725-12725-18725-24725_def.jpg,8663,https://www.bosch-home.com.tr/urun-listesi/klimalar-ve-ev-konforu/klimalar/B1ZMX24725?breadcrumb=null,0,0,İç ünitede 12 farklı fan kademesi sayesinde odada tam istenilen konforda hava akışı sağlanır,8.663-00 TL,-,https://www.bosch-home.com.tr/yetkili-saticilar?product=B1ZMX24725,B1ZMI24725 iç ünite ile B1ZMA24725 dış üniteyi içerir.,-,1516834800,Wi-Fi Kontrol: ister akıllı telefonunuzdan ister bilgisayarınızdan internet üzerinden bulunduğunuz yerden - uzaktan kumanda ile yaptığınız tüm işlemleri yapabilir- odalarınızı eve ulaşmadan ısıtır/soğutabilirsiniz.,Soğutmada Enerji Verimlilik Sınıfı : A++,Enerji verimlilik değerleri bağımsız Alman test kuruşu TÜV-SÜD tarafından kontrol edilmiş ve onaylanmıştır.,Bilgisayar kontrol odaları yada güç merkezleri gibi devamlı serin tutulması gereken yerlerde iç ünitenin donup teçhizata zarar vermesini engellemek adına dış ünite fanının hızı-yoğunlaştırıcının ısısına göre değiştirilerek klimanın çok düşük dış ortam ısılarında dahi soğutma yapabilmesi sağlanır.,
CDG634BS1,buharli pisiriciler,pisirme grubu,Inox,//media3.bosch-home.com/Product_Shots/600x600/MCSA00789722_436176_CDG634BS1_def.jpg,8617,https://www.bosch-home.com.tr/urun-listesi/pisirme-grubu/buhar-destekli-firinlar/buharli-pisiriciler/CDG634BS1?breadcrumb=null,0,0,Buharlı pişirici: gıdalarınızı tüm aroma ve vitaminlerini koruyarak hazırlamanızı sağlar,8.617-00 TL,-,https://www.bosch-home.com.tr/yetkili-saticilar?product=CDG634BS1,-,Serie | 8,0,Buhar fonksiyonu: sağlıklı yiyecekler hazırlamak için,AutoPilot 20: Önceden tanımlanmış olan 20 adet otomatik program sayesinde mükemmel sonuçlar,TFT ekran: control ring sayesinde kolay kullanım,SoftOpen & SoftClose: kolayca açılıp kapanan fırın kapısı,
KGN56LW30N,alttan donduruculu buzdolaplari,buzdolaplari derin dondurucular,NoFrost- Alttan donduruculu buzdolabı,//media3.bosch-home.com/Product_Shots/600x600/MCSA00922375_F4708_KGN56LW30N_552974_def.jpg,7210,https://www.bosch-home.com.tr/urun-listesi/buzdolaplari-derin-dondurucular/buzdolaplari/alttan-donduruculu-buzdolaplari/KGN56LW30N?breadcrumb=null,0,0,559 litre geniç iç hacme ve VitaFresh plus tazelik sistemine sahip NoFrost kombi buzdolabı- yiyecekleriniz için çok daha fazla saklama kapasitesi sunarken iki kata kadar daha uzun süre taze kalmalarını sağlar!,7.210-00 TL,8.546-00 TL,https://www.bosch-home.com.tr/yetkili-saticilar?product=KGN56LW30N,-,Serie | 6,1482879600,A++ enerji sınıfı ile A enerji sınıfı buzdolaplarına göre %40 daha az enerji harcar.,Ayarlanabilir nem kontrol mekanizmasına sahip sürgülü ve tamamen kapanabilen VitaFresh plus çekmecesi sayesinde meyve ve sebzeler en uygun nem oranında iki katına kadar daha uzun süre taze kalır.,"Ayarlanabilir sıcaklık mekanizması sayesinde VitaFresh plus ""<>"" 0°C çekmecesinde kahvaltılıklarınız- et ve balık gibi hassas yiyecekleriniz 2 kata kadar daha uzun süre taze kaldığı gibi ihtiyaç duyulmadığında çekmeceler kolayca çıkartılıp buzdolabınızda daha fazla kullanım alanı yaratılabilir.",Optimum konumu sayesinde aydınlık bir iç ortam sunarken gölgelenmeyi de engelleyen LED aydınlatmanın cihazın ömrü boyunca değiştirilmesi gerekmez.,Optimum konuma yerleştirilmiş LED yan aydınlatma- meyve ve sebze çekmecesini aydınlatan LED spot aydınlatmayla birlikte buzdolabında çok daha aydınlık bir iç ortam sağlar.
KGN56LB30N,alttan donduruculu buzdolaplari,buzdolaplari derin dondurucular,NoFrost- Alttan donduruculu buzdolabı,//media3.bosch-home.com/Product_Shots/600x600/MCSA03020104_J3056_2335948_KGN56LB30N_def.jpg,7210,https://www.bosch-home.com.tr/urun-listesi/buzdolaplari-derin-dondurucular/buzdolaplari/alttan-donduruculu-buzdolaplari/KGN56LB30N?breadcrumb=null,0,0,559 litre geniç iç hacme ve VitaFresh plus tazelik sistemine sahip NoFrost kombi buzdolabı- yiyecekleriniz için çok daha fazla saklama kapasitesi sunarken iki kata kadar daha uzun süre taze kalmalarını sağlar!,7.210-00 TL,8.546-00 TL,https://www.bosch-home.com.tr/yetkili-saticilar?product=KGN56LB30N,-,Serie | 6,1482879600,A++ enerji sınıfı ile A enerji sınıfı buzdolaplarına göre %40 daha az enerji harcar.,Ayarlanabilir nem kontrol mekanizmasına sahip sürgülü ve tamamen kapanabilen VitaFresh plus çekmecesi sayesinde meyve ve sebzeler en uygun nem oranında iki katına kadar daha uzun süre taze kalır.,"Ayarlanabilir sıcaklık mekanizması sayesinde VitaFresh plus ""<>"" 0°C çekmecesinde kahvaltılıklarınız- et ve balık gibi hassas yiyecekleriniz 2 kata kadar daha uzun süre taze kaldığı gibi ihtiyaç duyulmadığında çekmeceler kolayca çıkartılıp buzdolabınızda daha fazla kullanım alanı yaratılabilir.",Optimum konuma yerleştirilmiş LED yan aydınlatma- meyve ve sebze çekmecesini aydınlatan LED spot aydınlatmayla birlikte buzdolabında çok daha aydınlık bir iç ortam sağlar.,Özel fonksiyon ayarlarına sahip kapıya entegre LCD elektronik hem buzdolabı hem de dondurucu sıcaklığını kolayca ayarlamayı sağlar.
KGN56LM30N,alttan donduruculu buzdolaplari,buzdolaplari derin dondurucular,NoFrost- Alttan donduruculu buzdolabı,//media3.bosch-home.com/Product_Shots/600x600/MCSA00922374_F4707_KGN56LM30N_552973_def.jpg,7106,https://www.bosch-home.com.tr/urun-listesi/buzdolaplari-derin-dondurucular/buzdolaplari/alttan-donduruculu-buzdolaplari/KGN56LM30N?breadcrumb=null,0,0,559 litre geniç iç hacme ve VitaFresh plus tazelik sistemine sahip NoFrost kombi buzdolabı- yiyecekleriniz için çok daha fazla saklama kapasitesi sunarken iki kata kadar daha uzun süre taze kalmalarını sağlar!,7.106-00 TL,8.423-00 TL,https://www.bosch-home.com.tr/yetkili-saticilar?product=KGN56LM30N,-,Serie | 6,1505167200,Cam kapılı Glassdoor serisi buzdolapları mutfağınıza şıklık katar.,Ayarlanabilir nem kontrol mekanizmasına sahip sürgülü ve tamamen kapanabilen VitaFresh plus çekmecesi sayesinde meyve ve sebzeler en uygun nem oranında iki katına kadar daha uzun süre taze kalır.,"Ayarlanabilir sıcaklık mekanizması sayesinde VitaFresh plus ""<>"" 0°C çekmecesinde kahvaltılıklarınız- et ve balık gibi hassas yiyecekleriniz 2 kata kadar daha uzun süre taze kaldığı gibi ihtiyaç duyulmadığında çekmeceler kolayca çıkartılıp buzdolabınızda daha fazla kullanım alanı yaratılabilir.",Optimum konumu sayesinde aydınlık bir iç ortam sunarken gölgelenmeyi de engelleyen LED aydınlatmanın cihazın ömrü boyunca değiştirilmesi gerekmez.,Optimum konuma yerleştirilmiş LED yan aydınlatma- meyve ve sebze çekmecesini aydınlatan LED spot aydınlatmayla birlikte buzdolabında çok daha aydınlık bir iç ortam sağlar.
DII31RU60,ada tipi davlumbazlar,pisirme grubu,DII31RU60,//media3.bosch-home.com/Product_Shots/600x600/MCSA01743383_STP_DII31RU60_1181826_def.jpg,8415,https://www.bosch-home.com.tr/urun-listesi/pisirme-grubu/davlumbazlar-ve-aspiratorler/ada-tipi-davlumbazlar/DII31RU60?breadcrumb=null,0,0,Küp tasarım davlumbaz: küçük mutfaklar için harika bir tasarım.,8.415-00 TL,-,https://www.bosch-home.com.tr/yetkili-saticilar?product=DII31RU60,-,Serie | 8,1552431600,Control Ring tasarımı ile dijital ekran: uygun ayarlar ve aydınlatma Control Ring'i çevirerek kolayca seçilir.,EcoSilence Drive: yüksek verimli motorumuz- performanstan değil enerjiden tasarruf etmenizi sağlar.,LED aydınlatma: enerji verimliliği sayesinde ocağın mükemmel bir şekilde aydınlatılmasını sağlar.,Özellikle sessiz: yüksek performansta sadece 56 dB ses basıncı.,Emiş gücü: 510 m3/h- mutfağınızda kaliteli hava olmasını garanti eder.
PXY675DW4E,induksiyonlu ocaklar,pisirme grubu,PXY675DW4E,//media3.bosch-home.com/Product_Shots/600x600/MCSA02089381_PXY675DW4E_ElectricHob_Bosch_STP_def.jpg,8291,https://www.bosch-home.com.tr/urun-listesi/pisirme-grubu/ocaklar/induksiyonlu-ocaklar/PXY675DW4E?breadcrumb=null,0,0,PerfectFry ile indüksiyonlu ocak: Otomatik sıcaklık kontrolü sayesinde mükemmel kızartma sonuçlarına ulaşır.,8.291-00 TL,-,https://www.bosch-home.com.tr/yetkili-saticilar?product=PXY675DW4E,-,Serie | 8,0,DirectSelect Premium: İstenilen pişirme bölgesinin direk ve kolay seçimi-güç ve ek fonksiyonlar.,PerfectFry: 5 güç seviyeli sensör sayesinde istenilen derecede kızarmış yemekler.,Genişletilmiş Flex İndüksiyon Alanı: Büyük tencereleriniz için pişirme alanlarını tek yüzeyde birleştirirerek daha fazla esneklik.,Home Connect: Daha keyifli ve kolay bir yaşam için uzaktan erişilebilir ev aletleri.,Ocak üzerinden davlumbaz kontrol etme imkanı (yalnızca uygun modeller)
KGN86AI42N,alttan donduruculu buzdolaplari,buzdolaplari derin dondurucular,NoFrost- Alttan donduruculu buzdolabı,//media3.bosch-home.com/Product_Shots/600x600/MCSA02002890_H3057_KGN86AI42N_1398281_cmyk_def.jpg,6769,https://www.bosch-home.com.tr/urun-listesi/buzdolaplari-derin-dondurucular/buzdolaplari/alttan-donduruculu-buzdolaplari/KGN86AI42N?breadcrumb=null,0,0,Kendi serisinin En Büyük Net Hacmine ve VitaFresh plus tazelik sistemine sahip NoFrost XXL kombi buzdolabı- yiyecekleriniz için çok daha fazla saklama kapasitesi sunarken iki kata kadar daha uzun süre taze kalmalarını sağlar.,6.769-00 TL,8.025-00 TL,https://www.bosch-home.com.tr/yetkili-saticilar?product=KGN86AI42N,-,Serie | 6,1491343200,Ayarlanabilir nem kontrol mekanizmasına sahip sürgülü ve tamamen kapanabilen VitaFresh plus çekmecesi sayesinde meyve ve sebzeler en uygun nem oranında iki katına kadar daha uzun süre taze kalır.,"Ayarlanabilir sıcaklık mekanizması sayesinde VitaFresh plus ""<>"" 0°C çekmecesinde kahvaltılıklarınız- et ve balık gibi hassas yiyecekleriniz 2 kata kadar daha uzun süre taze kaldığı gibi ihtiyaç duyulmadığında çekmeceler kolayca çıkartılıp buzdolabınızda daha fazla kullanım alanı yaratılabilir.",Optimum konuma yerleştirilmiş LED yan aydınlatma- meyve ve sebze çekmecesini aydınlatan LED spot aydınlatmayla birlikte buzdolabında çok daha aydınlık bir iç ortam sağlar.,A+++ enerji sınıfı ile A enerji sınıfı buzdolaplarına göre %60 daha az enerji harcar.,Az yer kaplayan- kolay kullanımlı IceTwister sayesinde buz yapımı hiç olmadığı kadar kolay
KVN56IZ3AN,alttan donduruculu buzdolaplari,buzdolaplari derin dondurucular,NoFrost- Alttan donduruculu buzdolabı,//media3.bosch-home.com/Product_Shots/600x600/MCSA03018832_J2711_2334371_KVN56IZ3AN_def.jpg,5807,https://www.bosch-home.com.tr/urun-listesi/buzdolaplari-derin-dondurucular/buzdolaplari/alttan-donduruculu-buzdolaplari/KVN56IZ3AN?breadcrumb=null,0,0,Türkiye’de İlk ve Tek olan değiştirilebilir renkli kapaklı VarioStyle No Frost alttan donduruculu buzdolabı- modern ve inovatif tasarımının yanı sıra 559 litre geniş iç hacmi ve VitaFresh tazelik sistemi sayesinde daha fazla saklama kapasitesi ve daha uzun süre tazelik sağlar!,5.807-00 TL,7.999-00 TL,https://www.bosch-home.com.tr/yetkili-saticilar?product=KVN56IZ3AN,VarioStyle,Serie | 6,1554069600,Kolayca değiştirilebilir renkli kapaklarla mutfağınızı istediğiniz zaman renklendirin!,Ayarlanabilir nem kontrol mekanizması sayesinde VitaFresh çekmecesinde meyve ve sebzeler daha uzun süre taze kalır.,Optimum konumu sayesinde aydınlık bir iç ortam sunarken gölgelenmeyi de engelleyen LED aydınlatmanın cihazın ömrü boyunca değiştirilmesi gerekmez.,,
KVN56IU3AN,alttan donduruculu buzdolaplari,buzdolaplari derin dondurucular,NoFrost- Alttan donduruculu buzdolabı,//media3.bosch-home.com/Product_Shots/600x600/MCSA03018839_J2714_2334376_KVN56IU3AN_def.jpg,5807,https://www.bosch-home.com.tr/urun-listesi/buzdolaplari-derin-dondurucular/buzdolaplari/alttan-donduruculu-buzdolaplari/KVN56IU3AN?breadcrumb=null,0,0,Türkiye’de İlk ve Tek olan değiştirilebilir renkli kapaklı VarioStyle No Frost alttan donduruculu buzdolabı- modern ve inovatif tasarımının yanı sıra 559 litre geniş iç hacmi ve VitaFresh tazelik sistemi sayesinde daha fazla saklama kapasitesi ve daha uzun süre tazelik sağlar!,5.807-00 TL,7.999-00 TL,https://www.bosch-home.com.tr/yetkili-saticilar?product=KVN56IU3AN,VarioStyle,Serie | 6,1554069600,Kolayca değiştirilebilir renkli kapaklarla mutfağınızı istediğiniz zaman renklendirin!,Ayarlanabilir nem kontrol mekanizması sayesinde VitaFresh çekmecesinde meyve ve sebzeler daha uzun süre taze kalır.,Optimum konumu sayesinde aydınlık bir iç ortam sunarken gölgelenmeyi de engelleyen LED aydınlatmanın cihazın ömrü boyunca değiştirilmesi gerekmez.,,
KVN56IR3AN,alttan donduruculu buzdolaplari,buzdolaplari derin dondurucular,NoFrost- Alttan donduruculu buzdolabı,//media3.bosch-home.com/Product_Shots/600x600/MCSA03018830_J2710_2334368_KVN56IR3AN_def.jpg,5807,https://www.bosch-home.com.tr/urun-listesi/buzdolaplari-derin-dondurucular/buzdolaplari/alttan-donduruculu-buzdolaplari/KVN56IR3AN?breadcrumb=null,0,0,Türkiye’de İlk ve Tek olan değiştirilebilir renkli kapaklı VarioStyle No Frost alttan donduruculu buzdolabı- modern ve inovatif tasarımının yanı sıra 559 litre geniş iç hacmi ve VitaFresh tazelik sistemi sayesinde daha fazla saklama kapasitesi ve daha uzun süre tazelik sağlar!,5.807-00 TL,7.999-00 TL,https://www.bosch-home.com.tr/yetkili-saticilar?product=KVN56IR3AN,VarioStyle,Serie | 6,1554069600,Kolayca değiştirilebilir renkli kapaklarla mutfağınızı istediğiniz zaman renklendirin!,Ayarlanabilir nem kontrol mekanizması sayesinde VitaFresh çekmecesinde meyve ve sebzeler daha uzun süre taze kalır.,Optimum konumu sayesinde aydınlık bir iç ortam sunarken gölgelenmeyi de engelleyen LED aydınlatmanın cihazın ömrü boyunca değiştirilmesi gerekmez.,,
KVN56IN3AN,alttan donduruculu buzdolaplari,buzdolaplari derin dondurucular,NoFrost- Alttan donduruculu buzdolabı,//media3.bosch-home.com/Product_Shots/600x600/MCSA03018837_J2713_2334373_KVN56IN3AN_def.jpg,5807,https://www.bosch-home.com.tr/urun-listesi/buzdolaplari-derin-dondurucular/buzdolaplari/alttan-donduruculu-buzdolaplari/KVN56IN3AN?breadcrumb=null,0,0,Türkiye’de İlk ve Tek olan değiştirilebilir renkli kapaklı VarioStyle No Frost alttan donduruculu buzdolabı- modern ve inovatif tasarımının yanı sıra 559 litre geniş iç hacmi ve VitaFresh tazelik sistemi sayesinde daha fazla saklama kapasitesi ve daha uzun süre tazelik sağlar!,5.807-00 TL,7.999-00 TL,https://www.bosch-home.com.tr/yetkili-saticilar?product=KVN56IN3AN,VarioStyle,Serie | 6,1554069600,Kolayca değiştirilebilir renkli kapaklarla mutfağınızı istediğiniz zaman renklendirin!,Ayarlanabilir nem kontrol mekanizması sayesinde VitaFresh çekmecesinde meyve ve sebzeler daha uzun süre taze kalır.,Optimum konumu sayesinde aydınlık bir iç ortam sunarken gölgelenmeyi de engelleyen LED aydınlatmanın cihazın ömrü boyunca değiştirilmesi gerekmez.,,
KVN56IH3AN,alttan donduruculu buzdolaplari,buzdolaplari derin dondurucular,NoFrost- Alttan donduruculu buzdolabı,//media3.bosch-home.com/Product_Shots/600x600/MCSA03018835_J2712_2334372_KVN56IH3AN_def.jpg,5807,https://www.bosch-home.com.tr/urun-listesi/buzdolaplari-derin-dondurucular/buzdolaplari/alttan-donduruculu-buzdolaplari/KVN56IH3AN?breadcrumb=null,0,0,Türkiye’de İlk ve Tek olan değiştirilebilir renkli kapaklı VarioStyle No Frost alttan donduruculu buzdolabı- modern ve inovatif tasarımının yanı sıra 559 litre geniş iç hacmi ve VitaFresh tazelik sistemi sayesinde daha fazla saklama kapasitesi ve daha uzun süre tazelik sağlar!,5.807-00 TL,7.999-00 TL,https://www.bosch-home.com.tr/yetkili-saticilar?product=KVN56IH3AN,VarioStyle,Serie | 6,1554069600,Kolayca değiştirilebilir renkli kapaklarla mutfağınızı istediğiniz zaman renklendirin!,Ayarlanabilir nem kontrol mekanizması sayesinde VitaFresh çekmecesinde meyve ve sebzeler daha uzun süre taze kalır.,Optimum konumu sayesinde aydınlık bir iç ortam sunarken gölgelenmeyi de engelleyen LED aydınlatmanın cihazın ömrü boyunca değiştirilmesi gerekmez.,,
KGN56PI32N,alttan donduruculu buzdolaplari,buzdolaplari derin dondurucular,NoFrost- Alttan donduruculu buzdolabı,//media3.bosch-home.com/Product_Shots/600x600/MCSA00922376_F4709_KGN56PI30N_552975_def.jpg,6479,https://www.bosch-home.com.tr/urun-listesi/buzdolaplari-derin-dondurucular/buzdolaplari/alttan-donduruculu-buzdolaplari/KGN56PI32N?breadcrumb=null,0,0,554 litre geniç iç hacme ve VitaFresh pro tazelik sistemine sahip NoFrost kombi buzdolabı- yiyecekleriniz için çok daha fazla saklama kapasitesi sunarken üç kata kadar daha uzun süre taze kalmalarını sağlar!,6.479-00 TL,7.897-00 TL,https://www.bosch-home.com.tr/yetkili-saticilar?product=KGN56PI32N,-,Serie | 8,1490652000,Hem sıcaklık hem de nem kontrolü sayesinde VitaFresh pro 0°C tazelik sistemi meyve- sebze ve et- balık gibi yiyeceklerinizi 3 kata kadar daha uzun süre taze saklar.,Optimum konuma yerleştirilmiş LED yan aydınlatma- meyve ve sebze çekmecesini aydınlatan LED spot aydınlatmayla birlikte buzdolabında çok daha aydınlık bir iç ortam sağlar.,Özel fonksiyon ayarlarına sahip kapıya entegre LCD elektronik hem buzdolabı hem de dondurucu sıcaklığını kolayca ayarlamayı sağlar.,Buzdolabının içine ve dışına yerleştirilmiş sensörler sürekli olarak sıcaklık ölçümü yaparak dalgalanmaları en aza indirip çok daha uzun süre tazeliği garantilerler.,Şık tasarlanmış kapı kolları ile buzdolabınızı çok daha rahat kullanabilirsiniz.
KGN56HI30N,alttan donduruculu buzdolaplari,buzdolaplari derin dondurucular,NoFrost- Alttan donduruculu buzdolabı,//media3.bosch-home.com/Product_Shots/600x600/MCSA02178056_H7324_1580450_KGN56HI30N_cmyk_def.jpg,6609,https://www.bosch-home.com.tr/urun-listesi/buzdolaplari-derin-dondurucular/buzdolaplari/alttan-donduruculu-buzdolaplari/KGN56HI30N?breadcrumb=null,0,0,559 litre geniç iç hacme ve VitaFresh plus tazelik sistemine sahip NoFrost kombi buzdolabı- yiyecekleriniz için çok daha fazla saklama kapasitesi sunarken iki kata kadar daha uzun süre taze kalmalarını sağlar!,6.609-00 TL,7.835-00 TL,https://www.bosch-home.com.tr/yetkili-saticilar?product=KGN56HI30N,Home Connect- Kameralı Buzdolabı,Serie | 6,1522360800,Buzdolabınızdaki iki yenilikçi iç kamera- buzdolabınızın içinde neler olduğu gösterir. Böylece market alışverişinizi ihtiyacınıza göre yapabilirsiniz !,Wi-Fi destekli HomeConnect özelliği sayesinde buzdolabınızı dilediğiniz yerden kontrol etmenin kolaylığını yaşayın !,Ayarlanabilir nem kontrol mekanizmasına sahip sürgülü ve tamamen kapanabilen VitaFresh plus çekmecesi sayesinde meyve ve sebzeler en uygun nem oranında iki katına kadar daha uzun süre taze kalır.,"Ayarlanabilir sıcaklık mekanizması sayesinde VitaFresh plus ""<>"" 0°C çekmecesinde kahvaltılıklarınız- et ve balık gibi hassas yiyecekleriniz 2 kata kadar daha uzun süre taze kaldığı gibi ihtiyaç duyulmadığında çekmeceler kolayca çıkartılıp buzdolabınızda daha fazla kullanım alanı yaratılabilir.",Optimum konuma yerleştirilmiş LED yan aydınlatma- meyve ve sebze çekmecesini aydınlatan LED spot aydınlatmayla birlikte buzdolabında çok daha aydınlık bir iç ortam sağlar.
B1ZMX18922,klimalar,klimalar ve ev konforu,Ev Tipi- 18.000 Btu Sınıfı- İnverter A++ Enerji Sınıfı Klima.,//media3.bosch-home.com/Product_Shots/600x600/MCSA02009434_20160422_024_def.jpg,7785,https://www.bosch-home.com.tr/urun-listesi/klimalar-ve-ev-konforu/klimalar/B1ZMX18922?breadcrumb=null,0,0,V- Dizayn tasarım sayesinde çalışma moduna göre klimanın yan tarafında mavi ya da kırmızı ışık yanar,7.785-00 TL,-,https://www.bosch-home.com.tr/yetkili-saticilar?product=B1ZMX18922,B1ZMI18922 iç ünite ile B1ZMA18922 dış üniteyi içerir.,-,1516834800,Wi-Fi Kontrol: ister akıllı telefonunuzdan ister bilgisayarınızdan internet üzerinden bulunduğunuz yerden - uzaktan kumanda ile yaptığınız tüm işlemleri yapabilir- odalarınızı eve ulaşmadan ısıtır/soğutabilirsiniz.,Soğutmada Enerji Verimlilik Sınıfı : A++,Odanın ışığı kapatıldığında fan sesi minimuma indirilir ve tüm ekran ışıkları otomatikman kısılır.,İç ünitenin yanlarında ısıtmada kırmızı- soğutmada mavi renkli ışık yanarak çalışma modu belirtilir.,Süper iyonizer özelliği sayesinde bakteriler hızla yok edilir. Toz- koku-polen parçacıkları yok edilerek ortam havasına tazelik katılır.
KGN86AI30N,alttan donduruculu buzdolaplari,buzdolaplari derin dondurucular,NoFrost- Alttan donduruculu buzdolabı,//media3.bosch-home.com/Product_Shots/600x600/MCSA01081064_F8260_KGN86AI30N_670987_def.jpg,6550,https://www.bosch-home.com.tr/urun-listesi/buzdolaplari-derin-dondurucular/buzdolaplari/alttan-donduruculu-buzdolaplari/KGN86AI30N?breadcrumb=null,0,0,Kendi serisinin En Büyük Net Hacmine ve VitaFresh plus tazelik sistemine sahip NoFrost XXL kombi buzdolabı- yiyecekleriniz için çok daha fazla saklama kapasitesi sunarken iki kata kadar daha uzun süre taze kalmalarını sağlar.,6.550-00 TL,7.767-00 TL,https://www.bosch-home.com.tr/yetkili-saticilar?product=KGN86AI30N,-,Serie | 6,1482879600,A++ enerji sınıfı ile A enerji sınıfı buzdolaplarına göre %40 daha az enerji harcar.,Ayarlanabilir nem kontrol mekanizmasına sahip sürgülü ve tamamen kapanabilen VitaFresh plus çekmecesi sayesinde meyve ve sebzeler en uygun nem oranında iki katına kadar daha uzun süre taze kalır.,"Ayarlanabilir sıcaklık mekanizması sayesinde VitaFresh plus ""<>"" 0°C çekmecesinde kahvaltılıklarınız- et ve balık gibi hassas yiyecekleriniz 2 kata kadar daha uzun süre taze kaldığı gibi ihtiyaç duyulmadığında çekmeceler kolayca çıkartılıp buzdolabınızda daha fazla kullanım alanı yaratılabilir.",Optimum konuma yerleştirilmiş LED yan aydınlatma- meyve ve sebze çekmecesini aydınlatan LED spot aydınlatmayla birlikte buzdolabında çok daha aydınlık bir iç ortam sağlar.,Özel fonksiyon ayarlarına sahip kapıya entegre LCD elektronik hem buzdolabı hem de dondurucu sıcaklığını kolayca ayarlamayı sağlar.
CMG633BS1,ankastre kompakt firinlar,pisirme grubu,900 W,//media3.bosch-home.com/Product_Shots/600x600/MCSA00773621_421100_CMG633BS1_def.jpg,7669,https://www.bosch-home.com.tr/urun-listesi/pisirme-grubu/ankastre-firinlar/ankastre-kompakt-firinlar/CMG633BS1?breadcrumb=null,0,0,Mikrodalga fonksiyonuna sahip kompakt fırın: en hızlı şekilde mükemmel pişirme sonuçlarına ulaşmanızı sağlar,7.669-00 TL,-,https://www.bosch-home.com.tr/yetkili-saticilar?product=CMG633BS1,Inox,Serie | 8,0,Mikrodalga fonksiyonu: hızlı ısıtma ya da sıcak hava ile kombine kullanılarak hızlı pişirme için.,AutoPilot 14: Önceden tanımlanmış olan 14 adet otomatik program sayesinde mükemmel sonuçlar,TFT ekran: control ring sayesinde kolay kullanım,LED aydınlatma: yiyeceklerin minimum enerji tüketimi ile mükkemmel bir şekilde aydınlatılmasını sağlar,SoftOpen & SoftClose: kolayca açılıp kapanan fırın kapısı
WAY288H0TR,camasir makineleri,camasir ve kurutma makineleri,Çamaşır Makinesi,//media3.bosch-home.com/Product_Shots/600x600/MCSA02096521_WAY288H0TR_def.jpg,6340,https://www.bosch-home.com.tr/urun-listesi/camasir-ve-kurutma-makineleri/camasir-makineleri/camasir-makineleri/WAY288H0TR?breadcrumb=null,0,0,-,6.340-00 TL,7.516-00 TL,https://www.bosch-home.com.tr/yetkili-saticilar?product=WAY288H0TR,9 kg 1400 devir A+++,HomeProfessional,1508104800,i-DOS™: Mükemmel yıkama sonuçları için tam otomatik hassasiyette likid deterjan dozaj sistemi.,Home Connect: Uzaktan bağlanılabilme özelliği ile hayatı kolaylaştıran ev aletleri,Leke çıkarma: 16 türde farklı lekeyi algılar ve çıkarır.,,
SMS88TI16T,60cm genisliginde bulasik makineleri,bulasik makineleri,Bulaşık Makinesi 8 Program HomeConnect Inox,//media3.bosch-home.com/Product_Shots/600x600/MCSA02528900_i5225_1898104_SMS88TI16T_CMYK_def.jpg,6323,https://www.bosch-home.com.tr/urun-listesi/bulasik-makineleri/solo-bulasik-makineleri/60cm-genisliginde-bulasik-makineleri/SMS88TI16T?breadcrumb=null,0,0,Home Connect özelliği ve Zeolith® Kurutma Teknolojili Bulaşık Makinesi: Zor kuruyan plastik kaplarda bile hızlı ve mükemmel kurutma sağlar.,6.323-00 TL,7.496-00 TL,https://www.bosch-home.com.tr/yetkili-saticilar?product=SMS88TI16T,-,Serie | 8,1550012400,Enerji Verimliliği Sınıfı A+++ : En düşük enerji sınıfı- en yüksek tasarruf.,Home Connect uygulamasıyla bulaşık makinenizi uzaktan kontrol edebilir- EasyStart ile bulaşıklarınız için en doğru program önerisine göre yıkamayı başlatabilirsiniz.,TFT ön ekran- programları- kalan süreyi- tüketimi ve dolum seviyelerini tek bir ekranda detaylı olarak görme ve kolayca kontrol etme imkanı verir.,VarioFlex Pro sepetler ve VarioDrawer Pro: her seviyede maksimum esneklik ve geniş yükleme alanı sayesinde daha fazla kullanım alanı sağlar.,9-5 Litre Su Tüketimi: Sadece 9-5 lite suyla en iyi sonuçlar.
WTWH7561TR,isi pompali kurutma makineleri,camasir ve kurutma makineleri,Kurutma Makinesi - Isı pompalı,//media3.bosch-home.com/Product_Shots/600x600/MCSA02456399_WTWH7561TR_def.jpg,6276,https://www.bosch-home.com.tr/urun-listesi/camasir-ve-kurutma-makineleri/kurutma-makineleri/isi-pompali-kurutma-makineleri/WTWH7561TR?breadcrumb=null,0,0,-,6.276-00 TL,7.442-00 TL,https://www.bosch-home.com.tr/yetkili-saticilar?product=WTWH7561TR,9 kg A++,Serie | 8,1539813600,Home Connect: Uzaktan bağlanılabilme özelliği ile hayatı kolaylaştıran ev aletleri,SelfCleaning Condenser™: Kendi kendini temizleyen kondanser ile manuel temizliğe gerek kalmaz ayrıca enerjiden tasarruf etmenizi sağlar.,Hızlı kurutma: kg başına 35 dk. kurutma süresi ile daha hızlı kurutma.,,
KGN86AW30N,alttan donduruculu buzdolaplari,buzdolaplari derin dondurucular,NoFrost- Alttan donduruculu buzdolabı,//media3.bosch-home.com/Product_Shots/600x600/MCSA01016987_F7279_KGN86AW30N_640382_def.jpg,5955,https://www.bosch-home.com.tr/urun-listesi/buzdolaplari-derin-dondurucular/buzdolaplari/alttan-donduruculu-buzdolaplari/KGN86AW30N?breadcrumb=null,0,0,Kendi serisinin En Büyük Net Hacmine ve VitaFresh plus tazelik sistemine sahip NoFrost XXL kombi buzdolabı- yiyecekleriniz için çok daha fazla saklama kapasitesi sunarken iki kata kadar daha uzun süre taze kalmalarını sağlar.,5.955-00 TL,7.406-00 TL,https://www.bosch-home.com.tr/yetkili-saticilar?product=KGN86AW30N,-,Serie | 6,1482879600,Ayarlanabilir nem kontrol mekanizmasına sahip sürgülü ve tamamen kapanabilen VitaFresh plus çekmecesi sayesinde meyve ve sebzeler en uygun nem oranında iki katına kadar daha uzun süre taze kalır.,"Ayarlanabilir sıcaklık mekanizması sayesinde VitaFresh plus ""<>"" 0°C çekmecesinde kahvaltılıklarınız- et ve balık gibi hassas yiyecekleriniz 2 kata kadar daha uzun süre taze kaldığı gibi ihtiyaç duyulmadığında çekmeceler kolayca çıkartılıp buzdolabınızda daha fazla kullanım alanı yaratılabilir.",Optimum konuma yerleştirilmiş LED yan aydınlatma- meyve ve sebze çekmecesini aydınlatan LED spot aydınlatmayla birlikte buzdolabında çok daha aydınlık bir iç ortam sağlar.,A++ enerji sınıfı ile A enerji sınıfı buzdolaplarına göre %40 daha az enerji harcar.,Özel fonksiyon ayarlarına sahip kapıya entegre LCD elektronik hem buzdolabı hem de dondurucu sıcaklığını kolayca ayarlamayı sağlar.
KGN56PW32N,alttan donduruculu buzdolaplari,buzdolaplari derin dondurucular,NoFrost- Alttan donduruculu buzdolabı,//media3.bosch-home.com/Product_Shots/600x600/MCSA00922378_F4711_KGN56PW30N_552977_def.jpg,6132,https://www.bosch-home.com.tr/urun-listesi/buzdolaplari-derin-dondurucular/buzdolaplari/alttan-donduruculu-buzdolaplari/KGN56PW32N?breadcrumb=null,0,0,554 litre geniç iç hacme ve VitaFresh pro tazelik sistemine sahip NoFrost kombi buzdolabı- yiyecekleriniz için çok daha fazla saklama kapasitesi sunarken üç kata kadar daha uzun süre taze kalmalarını sağlar!,6.132-00 TL,7.387-00 TL,https://www.bosch-home.com.tr/yetkili-saticilar?product=KGN56PW32N,-,Serie | 8,1491343200,Şık tasarlanmış kapı kolları ile buzdolabınızı çok daha rahat kullanabilirsiniz.,Buzdolabının içine ve dışına yerleştirilmiş sensörler sürekli olarak sıcaklık ölçümü yaparak dalgalanmaları en aza indirip çok daha uzun süre tazeliği garantilerler.,Hem sıcaklık hem de nem kontrolü sayesinde VitaFresh pro 0°C tazelik sistemi meyve- sebze ve et- balık gibi yiyeceklerinizi 3 kata kadar daha uzun süre taze saklar.,Optimum konuma yerleştirilmiş LED yan aydınlatma- meyve ve sebze çekmecesini aydınlatan LED spot aydınlatmayla birlikte buzdolabında çok daha aydınlık bir iç ortam sağlar.,Az yer kaplayan- kolay kullanımlı IceTwister sayesinde buz yapımı hiç olmadığı kadar kolay
KIL82AF30N,ankastre tek kapili buzdolaplari,buzdolaplari derin dondurucular,Ankastre tek kapılı buzdolabı,//media3.bosch-home.com/Product_Shots/600x600/MCSA00582765_D8467_KIL82AF30N_220738_def.jpg,7369,https://www.bosch-home.com.tr/urun-listesi/buzdolaplari-derin-dondurucular/tek-kapili-buzdolaplari/ankastre-tek-kapili-buzdolaplari/KIL82AF30N?breadcrumb=null,0,0,288 litre iç hacme ve VitaFresh plus tazelik sistemine sahip ankastre buzdolabı- mutfakğınızın şıklığını tamamlarken yiyecekleriniz için de iki kata kadar daha uzun süre tazelik sunar.,7.369-00 TL,-,https://www.bosch-home.com.tr/yetkili-saticilar?product=KIL82AF30N,-,Serie | 6,0,Ayarlanabilir nem kontrol mekanizmasına sahip sürgülü ve tamamen kapanabilen VitaFresh plus çekmecesi sayesinde meyve ve sebzeler en uygun nem oranında iki katına kadar daha uzun süre taze kalır.,Optimum konumu sayesinde aydınlık bir iç ortam sunarken gölgelenmeyi de engelleyen LED aydınlatmanın cihazın ömrü boyunca değiştirilmesi gerekmez.,A++ enerji sınıfı ile A enerji sınıfı buzdolaplarına göre %40 daha az enerji harcar.,VarioShelf: bölünebilen raflar sayesinde şişeler ve tencereler için daha fazla alan yaratılabilir.,
KGN56AI32N,alttan donduruculu buzdolaplari,buzdolaplari derin dondurucular,NoFrost- Alttan donduruculu buzdolabı,//media3.bosch-home.com/Product_Shots/600x600/MCSA01015376_F7043_KGN56AI30N_638483_def.jpg,5979,https://www.bosch-home.com.tr/urun-listesi/buzdolaplari-derin-dondurucular/buzdolaplari/alttan-donduruculu-buzdolaplari/KGN56AI32N?breadcrumb=null,0,0,559 litre geniç iç hacme ve VitaFresh plus tazelik sistemine sahip NoFrost kombi buzdolabı- yiyecekleriniz için çok daha fazla saklama kapasitesi sunarken iki kata kadar daha uzun süre taze kalmalarını sağlar!,5.979-00 TL,7.369-00 TL,https://www.bosch-home.com.tr/yetkili-saticilar?product=KGN56AI32N,-,Serie | 6,1490652000,Ayarlanabilir nem kontrol mekanizmasına sahip sürgülü ve tamamen kapanabilen VitaFresh plus çekmecesi sayesinde meyve ve sebzeler en uygun nem oranında iki katına kadar daha uzun süre taze kalır.,"Ayarlanabilir sıcaklık mekanizması sayesinde VitaFresh plus ""<>"" 0°C çekmecesinde kahvaltılıklarınız- et ve balık gibi hassas yiyecekleriniz 2 kata kadar daha uzun süre taze kaldığı gibi ihtiyaç duyulmadığında çekmeceler kolayca çıkartılıp buzdolabınızda daha fazla kullanım alanı yaratılabilir.",Optimum konuma yerleştirilmiş LED yan aydınlatma- meyve ve sebze çekmecesini aydınlatan LED spot aydınlatmayla birlikte buzdolabında çok daha aydınlık bir iç ortam sağlar.,Özel fonksiyon ayarlarına sahip kapıya entegre LCD elektronik hem buzdolabı hem de dondurucu sıcaklığını kolayca ayarlamayı sağlar.,Az yer kaplayan- kolay kullanımlı IceTwister sayesinde buz yapımı hiç olmadığı kadar kolay
WTWH876STR,isi pompali kurutma makineleri,camasir ve kurutma makineleri,Kurutma Makinesi - Isı pompalı,//media3.bosch-home.com/Product_Shots/600x600/MCSA02302180_WTWH876STR_def.jpg,6212,https://www.bosch-home.com.tr/urun-listesi/camasir-ve-kurutma-makineleri/kurutma-makineleri/isi-pompali-kurutma-makineleri/WTWH876STR?breadcrumb=null,0,0,-,6.212-00 TL,7.365-00 TL,https://www.bosch-home.com.tr/yetkili-saticilar?product=WTWH876STR,9 kg A++,Serie | 6,1525125600,Home Connect: Uzaktan bağlanılabilme özelliği ile hayatı kolaylaştıran ev aletleri,SelfCleaning Condenser™: Kendi kendini temizleyen kondanser ile manuel temizliğe gerek kalmaz ayrıca enerjiden tasarruf etmenizi sağlar.,SensitiveDrying: Özel tambur yapısı ile narin kurutma.,,
KGN76AI32N,alttan donduruculu buzdolaplari,buzdolaplari derin dondurucular,NoFrost- Alttan donduruculu buzdolabı,//media3.bosch-home.com/Product_Shots/600x600/MCSA02002888_H3056_KGN76AI32N_1398280_cmyk_def.jpg,6143,https://www.bosch-home.com.tr/urun-listesi/buzdolaplari-derin-dondurucular/buzdolaplari/alttan-donduruculu-buzdolaplari/KGN76AI32N?breadcrumb=null,0,0,578 litre geniç iç hacme ve VitaFresh plus tazelik sistemine sahip NoFrost XL kombi buzdolabı- yiyecekleriniz için çok daha fazla saklama kapasitesi sunarken iki kata kadar daha uzun süre taze kalmalarını sağlar.,6.143-00 TL,7.283-00 TL,https://www.bosch-home.com.tr/yetkili-saticilar?product=KGN76AI32N,-,Serie | 6,1491343200,Ayarlanabilir nem kontrol mekanizmasına sahip sürgülü ve tamamen kapanabilen VitaFresh plus çekmecesi sayesinde meyve ve sebzeler en uygun nem oranında iki katına kadar daha uzun süre taze kalır.,"Ayarlanabilir sıcaklık mekanizması sayesinde VitaFresh plus ""<>"" 0°C çekmecesinde kahvaltılıklarınız- et ve balık gibi hassas yiyecekleriniz 2 kata kadar daha uzun süre taze kaldığı gibi ihtiyaç duyulmadığında çekmeceler kolayca çıkartılıp buzdolabınızda daha fazla kullanım alanı yaratılabilir.",Az yer kaplayan- kolay kullanımlı IceTwister sayesinde buz yapımı hiç olmadığı kadar kolay,Optimum konuma yerleştirilmiş LED yan aydınlatma- meyve ve sebze çekmecesini aydınlatan LED spot aydınlatmayla birlikte buzdolabında çok daha aydınlık bir iç ortam sağlar.,A++ enerji sınıfı ile A enerji sınıfı buzdolaplarına göre %40 daha az enerji harcar.
B1ZMX18725,arsiv,arsiv,Ev Tipi- 18.000 Btu Sınıfı- İnverter A++ Enerji Sınıfı Klima.,//media3.bosch-home.com/Product_Shots/600x600/MCSA01750218_B1ZMAI09725-12725-18725-24725_def.jpg,7271,https://www.bosch-home.com.tr/urun-listesi/arsiv/B1ZMX18725?breadcrumb=null,0,0,İç ünitede 12 farklı fan kademesi sayesinde odada tam istenilen konforda hava akışı sağlanır,7.271-00 TL,-,https://www.bosch-home.com.tr/yetkili-saticilar?product=B1ZMX18725,B1ZMI18725 ünite ve B1ZMA18725 dış üniteyi içerir,-,1516834800,Wi-Fi Kontrol: ister akıllı telefonunuzdan ister bilgisayarınızdan internet üzerinden bulunduğunuz yerden - uzaktan kumanda ile yaptığınız tüm işlemleri yapabilir- odalarınızı eve ulaşmadan ısıtır/soğutabilirsiniz.,Soğutmada Enerji Verimlilik Sınıfı : A++,Enerji verimlilik değerleri bağımsız Alman test kuruşu TÜV-SÜD tarafından kontrol edilmiş ve onaylanmıştır.,Bilgisayar kontrol odaları yada güç merkezleri gibi devamlı serin tutulması gereken yerlerde iç ünitenin donup teçhizata zarar vermesini engellemek adına dış ünite fanının hızı-yoğunlaştırıcının ısısına göre değiştirilerek klimanın çok düşük dış ortam ısılarında dahi soğutma yapabilmesi sağlanır.,
WTYH7760TR,isi pompali kurutma makineleri,camasir ve kurutma makineleri,Kurutma Makinesi - Isı pompalı,//media3.bosch-home.com/Product_Shots/600x600/MCSA02281969_WTYH7760TR_def.jpg,6123,https://www.bosch-home.com.tr/urun-listesi/camasir-ve-kurutma-makineleri/kurutma-makineleri/isi-pompali-kurutma-makineleri/WTYH7760TR?breadcrumb=null,0,0,-,6.123-00 TL,7.260-00 TL,https://www.bosch-home.com.tr/yetkili-saticilar?product=WTYH7760TR,9 kg A++,HomeProfessional,1515366000,Home Connect: Uzaktan bağlanılabilme özelliği ile hayatı kolaylaştıran ev aletleri,SelfCleaning Condenser™: Kendi kendini temizleyen kondanser ile manuel temizliğe gerek kalmaz ayrıca enerjiden tasarruf etmenizi sağlar.,Hızlı kurutma: kg başına 35 dk. kurutma süresi ile daha hızlı kurutma.,ComfortControl Plus: Kullanıcı dostu- kolay kontrol edilebilir TFT display ile kolay program ve opsiyon seçimi.,
PXX675FC1E,induksiyonlu ocaklar,pisirme grubu,PXX675FC1E,//media3.bosch-home.com/Product_Shots/600x600/MCSA01019161_642178_PXX675FC1E_def.jpg,7194,https://www.bosch-home.com.tr/urun-listesi/pisirme-grubu/ocaklar/induksiyonlu-ocaklar/PXX675FC1E?breadcrumb=null,0,0,PerfectFry ile indüksiyonlu ocak : otomatik sıcaklık kontrolü sayesinde mükemmel pişirme sonuçlarına ulaşır.,7.194-00 TL,-,https://www.bosch-home.com.tr/yetkili-saticilar?product=PXX675FC1E,-,Serie | 6,0,DirectSelect: İstenilen pişirme bölgesinin kolay ve direk seçimi-güç ve ek fonksiyonlar.,PerfectFry: 4 güç seviyeli sensör kontrolü sayesinde mükemmel kızaran yemekler,FlexInduction Zone: Ocak gözlerini birleştirerek geniş tenceler veya farklı pişirme ebatları için esneklik sağlar.,ComfortProfil: Eğimli ön ve metal şeritli yan yüzeyi ile şık ve hoş tasarım.,Her ocak gözü için zamanlayıcı : Ayarlanan sürede seçilen pişirme bölgesini kapatır.
B1ZMX24406,klimalar,klimalar ve ev konforu,B1ZMI24406 iç ünite ile B1ZMA24406 dış üniteyi içerir.,//media3.bosch-home.com/Product_Shots/600x600/MCSA02616987_B1ZMX09406_def.jpg,7133,https://www.bosch-home.com.tr/urun-listesi/klimalar-ve-ev-konforu/klimalar/B1ZMX24406?breadcrumb=null,0,0,-,7.133-00 TL,-,https://www.bosch-home.com.tr/yetkili-saticilar?product=B1ZMX24406,Yeni enerji yönetmeliğine uygun- inverter A+ enerji sınıfı split klima iç ünite,-,1526594400,Enerji verimlilik değerleri bağımsız Alman test kuruşu TÜV-SÜD tarafından kontrol edilmiş ve onaylanmıştır.,1 Watt standby özelliği ile enerji tasarrufu sağlar. Standby konumunda bir klima 4-5 Watt elektrik tüketimi yaparken- Cihaz standby konumunda otomatik olarak enerji tasarruf konumuna geçerek 1 Watt elektrk harcaması yapar.,İç ünitede 12 farklı fan kademesi sayesinde odada tam istenilen konforda hava akışı sağlanır.,,
KGN56AB30N,alttan donduruculu buzdolaplari,buzdolaplari derin dondurucular,NoFrost- Alttan donduruculu buzdolabı,//media3.bosch-home.com/Product_Shots/600x600/MCSA00922372_F4705_KGN56AB30N_552971_def.jpg,5908,https://www.bosch-home.com.tr/urun-listesi/buzdolaplari-derin-dondurucular/buzdolaplari/alttan-donduruculu-buzdolaplari/KGN56AB30N?breadcrumb=null,0,0,559 litre geniç iç hacme ve VitaFresh plus tazelik sistemine sahip NoFrost kombi buzdolabı- yiyecekleriniz için çok daha fazla saklama kapasitesi sunarken iki kata kadar daha uzun süre taze kalmalarını sağlar!,5.908-00 TL,7.004-00 TL,https://www.bosch-home.com.tr/yetkili-saticilar?product=KGN56AB30N,-,Serie | 6,1482879600,Ayarlanabilir nem kontrol mekanizmasına sahip sürgülü ve tamamen kapanabilen VitaFresh plus çekmecesi sayesinde meyve ve sebzeler en uygun nem oranında iki katına kadar daha uzun süre taze kalır.,"Ayarlanabilir sıcaklık mekanizması sayesinde VitaFresh plus ""<>"" 0°C çekmecesinde kahvaltılıklarınız- et ve balık gibi hassas yiyecekleriniz 2 kata kadar daha uzun süre taze kaldığı gibi ihtiyaç duyulmadığında çekmeceler kolayca çıkartılıp buzdolabınızda daha fazla kullanım alanı yaratılabilir.",Optimum konuma yerleştirilmiş LED yan aydınlatma- meyve ve sebze çekmecesini aydınlatan LED spot aydınlatmayla birlikte buzdolabında çok daha aydınlık bir iç ortam sağlar.,Özel fonksiyon ayarlarına sahip kapıya entegre LCD elektronik hem buzdolabı hem de dondurucu sıcaklığını kolayca ayarlamayı sağlar.,
KIS87AF30N,alttan donduruculu ankastre buzdolaplari,buzdolaplari derin dondurucular,LowFrost,//media3.bosch-home.com/Product_Shots/600x600/MCSA00469129_D3743_KIS87AF30_93736_def.jpg,6992,https://www.bosch-home.com.tr/urun-listesi/buzdolaplari-derin-dondurucular/buzdolaplari/alttan-donduruculu-ankastre-buzdolaplari/KIS87AF30N?breadcrumb=null,0,0,276 litre iç hacme ve VitaFresh plus tazelik sistemine sahip ankastre buzdolabı- mutfağınızın şıklığını tamamlarken yiyecekleriniz için de iki kata kadar daha uzun süre tazelik sunar.,6.992-00 TL,-,https://www.bosch-home.com.tr/yetkili-saticilar?product=KIS87AF30N,-,Serie | 6,0,A++ enerji sınıfı ile A enerji sınıfı buzdolaplarına göre %40 daha az enerji harcar.,Ayarlanabilir nem kontrol mekanizmasına sahip sürgülü ve tamamen kapanabilen VitaFresh plus çekmecesi sayesinde meyve ve sebzeler en uygun nem oranında iki katına kadar daha uzun süre taze kalır.,VarioShelf: bölünebilen raflar sayesinde şişeler ve tencereler için daha fazla alan yaratılabilir.,Optimum konumu sayesinde aydınlık bir iç ortam sunarken gölgelenmeyi de engelleyen LED aydınlatmanın cihazın ömrü boyunca değiştirilmesi gerekmez.,
PRR7A6D70,gazli ocaklar,pisirme grubu,PRR7A6D70,//media3.bosch-home.com/Product_Shots/600x600/MCSA01656677_PRR7A6D70_def.jpg,6973,https://www.bosch-home.com.tr/urun-listesi/pisirme-grubu/ocaklar/gazli-ocaklar/PRR7A6D70?breadcrumb=null,0,0,FlameSelect özelliğine sahip gazlı sert cam ocak: 9 kademeli hassas alev ayarı sayesinde mükemmel pişirme,6.973-00 TL,-,https://www.bosch-home.com.tr/yetkili-saticilar?product=PRR7A6D70,-,Serie | 8,0,FlameSelect: 9 kademeli hassas alev ayarı,Wok ocak gözü: 4.2 kW'a kadar güçlü pişirme özelliği (gaz tipine bağlı olarak),Standart ve yarı gömülü ankastre seçenekleri: tezgaha sıfır veya tezgah yüzeyinden hafif yüksek kurulum arasında seçim yapabilme imkanı,Seramik cam yüzey: şık dizayn ve kolay temizleme,Bulaşık makinasında yıkanabilen döküm ocak ızgarası: yüksek dayanklılık ve kolay tutuş
KGN57PI26N,alttan donduruculu buzdolaplari,buzdolaplari derin dondurucular,NoFrost- Alttan donduruculu buzdolabı,//media3.bosch-home.com/Product_Shots/600x600/MCSA00730109_E4446_KGN57PI36N_379955_def.jpg,5609,https://www.bosch-home.com.tr/urun-listesi/buzdolaplari-derin-dondurucular/buzdolaplari/alttan-donduruculu-buzdolaplari/KGN57PI26N?breadcrumb=null,0,0,505 litre iç hacme ve VitaFresh plus tazelik sistemine sahip NoFrost kombi buzdolabı- yiyecekleriniz için geniş hacim ve iki kata kadar daha uzun süre tazelik sunar.,5.609-00 TL,6.960-00 TL,https://www.bosch-home.com.tr/yetkili-saticilar?product=KGN57PI26N,-,Serie | 6,1482879600,A+ enerji sınıfı ile A enerji sınıfı buzdolaplarına göre %20 daha az enerji harcar.,Ayarlanabilir nem kontrol mekanizmasına sahip sürgülü ve tamamen kapanabilen VitaFresh plus çekmecesi sayesinde meyve ve sebzeler en uygun nem oranında iki katına kadar daha uzun süre taze kalır.,"Ayarlanabilir sıcaklık mekanizması sayesinde VitaFresh plus ""<>"" 0°C çekmecesinde kahvaltılıklarınız- et ve balık gibi hassas yiyecekleriniz 2 kata kadar daha uzun süre taze kaldığı gibi ihtiyaç duyulmadığında çekmeceler kolayca çıkartılıp buzdolabınızda daha fazla kullanım alanı yaratılabilir.",Optimum konumu sayesinde aydınlık bir iç ortam sunarken gölgelenmeyi de engelleyen LED aydınlatmanın cihazın ömrü boyunca değiştirilmesi gerekmez.,Özel fonksiyon ayarlarına sahip kapıya entegre LCD elektronik hem buzdolabı hem de dondurucu sıcaklığını kolayca ayarlamayı sağlar.
WTW85562TR,isi pompali kurutma makineleri,camasir ve kurutma makineleri,Kurutma Makinesi - Isı pompalı,//media3.bosch-home.com/Product_Shots/600x600/MCSA02096414_WTW85562TR_def.jpg,5838,https://www.bosch-home.com.tr/urun-listesi/camasir-ve-kurutma-makineleri/kurutma-makineleri/isi-pompali-kurutma-makineleri/WTW85562TR?breadcrumb=null,0,0,-,5.838-00 TL,6.920-00 TL,https://www.bosch-home.com.tr/yetkili-saticilar?product=WTW85562TR,9 kg A++,Serie | 8,1508191200,Buhar özelliği ile kırışıksız çamaşırlar.,SelfCleaning Condenser™: Kendi kendini temizleyen kondanser ile manuel temizliğe gerek kalmaz ayrıca enerjiden tasarruf etmenizi sağlar.,,,
KGN56AW30N,alttan donduruculu buzdolaplari,buzdolaplari derin dondurucular,NoFrost- Alttan donduruculu buzdolabı,//media3.bosch-home.com/Product_Shots/600x600/MCSA00922341_F4688_KGN56AW30N_552940_def.jpg,5309,https://www.bosch-home.com.tr/urun-listesi/buzdolaplari-derin-dondurucular/buzdolaplari/alttan-donduruculu-buzdolaplari/KGN56AW30N?breadcrumb=null,0,0,559 litre geniç iç hacme ve VitaFresh plus tazelik sistemine sahip NoFrost kombi buzdolabı- yiyecekleriniz için çok daha fazla saklama kapasitesi sunarken iki kata kadar daha uzun süre taze kalmalarını sağlar!,5.309-00 TL,6.897-00 TL,https://www.bosch-home.com.tr/yetkili-saticilar?product=KGN56AW30N,-,Serie | 6,1482879600,Ayarlanabilir nem kontrol mekanizmasına sahip sürgülü ve tamamen kapanabilen VitaFresh plus çekmecesi sayesinde meyve ve sebzeler en uygun nem oranında iki katına kadar daha uzun süre taze kalır.,"Ayarlanabilir sıcaklık mekanizması sayesinde VitaFresh plus ""<>"" 0°C çekmecesinde kahvaltılıklarınız- et ve balık gibi hassas yiyecekleriniz 2 kata kadar daha uzun süre taze kaldığı gibi ihtiyaç duyulmadığında çekmeceler kolayca çıkartılıp buzdolabınızda daha fazla kullanım alanı yaratılabilir.",Optimum konuma yerleştirilmiş LED yan aydınlatma- meyve ve sebze çekmecesini aydınlatan LED spot aydınlatmayla birlikte buzdolabında çok daha aydınlık bir iç ortam sağlar.,Özel fonksiyon ayarlarına sahip kapıya entegre LCD elektronik hem buzdolabı hem de dondurucu sıcaklığını kolayca ayarlamayı sağlar.,
HBG675BS1,ankastre firinlar,pisirme grubu,Inox,//media3.bosch-home.com/Product_Shots/600x600/MCSA00766680_411038_HBG672BS1_def.jpg,6895,https://www.bosch-home.com.tr/urun-listesi/pisirme-grubu/ankastre-firinlar/ankastre-firinlar/HBG675BS1?breadcrumb=null,0,0,Ankastre fırın: mükemmel pişirme performansı,6.895-00 TL,-,https://www.bosch-home.com.tr/yetkili-saticilar?product=HBG675BS1,-,Serie | 8,0,4D hot Air: her raf seviyesinde mükemmel sonuçlar için homojen ısı dağılımı,AutoPilot 10: Önceden tanımlanmış olan 10 adet otomatik program sayesinde mükemmel sonuçlar,TFT ekran: control ring sayesinde kolay kullanım,Pirolitik temizleme: Pirolitik temizleme özelliği sayesinde hiç efor harcamadan otomatik temizlik. Pirolotik temizliğe uygun raflar ve teleskopik raylar ile birlikte.,Daha az enerji tüketimi ile mükemmel pişirme sonuçları.
DIB097A50,ada tipi davlumbazlar,pisirme grubu,DIB097A50,//media3.bosch-home.com/Product_Shots/600x600/MCSA00661343_DIB097A50_def.jpg,6887,https://www.bosch-home.com.tr/urun-listesi/pisirme-grubu/davlumbazlar-ve-aspiratorler/ada-tipi-davlumbazlar/DIB097A50?breadcrumb=null,0,0,Ada tipi davlumbaz: esnek şekilde tavana monte edilebilmesi sayesinde mutfağınızdaki ada için mükemmel çözüm,6.887-00 TL,-,https://www.bosch-home.com.tr/yetkili-saticilar?product=DIB097A50,-,Serie | 4,1552431600,LED aydınlatma: enerji verimliliği sayesinde ocağın mükemmel bir şekilde aydınlatılmasını sağlar.,Özellikle sessiz: yüksek performansta sadece 40 dB ses basıncı.,Emiş gücü: 730 m3/h- mutfağınızda kaliteli hava olmasını garanti eder.,Yoğun hız ayarı: 6 dakika sonunda davlumbazı otomatik olarak normal hız ayarlarına getirir.,
B1ZMX24604,klimalar,klimalar ve ev konforu,Ev Tipi- 24.000 Btu Sınıfı- İnverter A+ Enerji Sınıfı Klima.,//media3.bosch-home.com/Product_Shots/600x600/MCSA00824359_B1ZMI09603_def.jpg,6862,https://www.bosch-home.com.tr/urun-listesi/klimalar-ve-ev-konforu/klimalar/B1ZMX24604?breadcrumb=null,0,0,-,6.862-00 TL,-,https://www.bosch-home.com.tr/yetkili-saticilar?product=B1ZMX24604,B1ZMI24604 iç ünite ile B1ZMA24604 dış üniteyi içerir.,-,1516834800,Yeni enerji yönetmeliğine uygun- inverter A+ enerji sınıfı split klima iç ünite,Soğutma kapasitesi : 23413 BTU/h,Isıtma kapasitesi :18595 BTU/h,Heat-Pump ısıtma,
KGN76DI30N,alttan donduruculu buzdolaplari,buzdolaplari derin dondurucular,NoFrost- Alttan donduruculu buzdolabı,//media3.bosch-home.com/Product_Shots/600x600/MCSA02464356_i3668_1839175_KGN76DI30N_cmyk_def.jpg,5759,https://www.bosch-home.com.tr/urun-listesi/buzdolaplari-derin-dondurucular/buzdolaplari/alttan-donduruculu-buzdolaplari/KGN76DI30N?breadcrumb=null,0,0,578 litre geniç iç hacme ve VitaFresh plus tazelik sistemine sahip NoFrost XL kombi buzdolabı- yiyecekleriniz için çok daha fazla saklama kapasitesi sunarken iki kata kadar daha uzun süre taze kalmalarını sağlar.,5.759-00 TL,6.827-00 TL,https://www.bosch-home.com.tr/yetkili-saticilar?product=KGN76DI30N,-,Serie | 6,1522360800,Ayarlanabilir nem kontrol mekanizmasına sahip sürgülü ve tamamen kapanabilen VitaFresh plus çekmecesi sayesinde meyve ve sebzeler en uygun nem oranında iki katına kadar daha uzun süre taze kalır.,"Ayarlanabilir sıcaklık mekanizması sayesinde VitaFresh plus ""<>"" 0°C çekmecesinde kahvaltılıklarınız- et ve balık gibi hassas yiyecekleriniz 2 kata kadar daha uzun süre taze kaldığı gibi ihtiyaç duyulmadığında çekmeceler kolayca çıkartılıp buzdolabınızda daha fazla kullanım alanı yaratılabilir.",Optimum konuma yerleştirilmiş LED yan aydınlatma- meyve ve sebze çekmecesini aydınlatan LED spot aydınlatmayla birlikte buzdolabında çok daha aydınlık bir iç ortam sağlar.,A++ enerji sınıfı ile A enerji sınıfı buzdolaplarına göre %40 daha az enerji harcar.,
KGN86DW30N,alttan donduruculu buzdolaplari,buzdolaplari derin dondurucular,NoFrost- Alttan donduruculu buzdolabı,//media3.bosch-home.com/Product_Shots/600x600/MCSA02376662_i2286_1771954_KGN86DW30N_STP_closed_cmyk_def.jpg,5535,https://www.bosch-home.com.tr/urun-listesi/buzdolaplari-derin-dondurucular/buzdolaplari/alttan-donduruculu-buzdolaplari/KGN86DW30N?breadcrumb=null,0,0,Kendi serisinin En Büyük Net Hacmine ve VitaFresh plus tazelik sistemine sahip NoFrost XXL kombi buzdolabı- yiyecekleriniz için çok daha fazla saklama kapasitesi sunarken iki kata kadar daha uzun süre taze kalmalarını sağlar.,5.535-00 TL,6.820-00 TL,https://www.bosch-home.com.tr/yetkili-saticilar?product=KGN86DW30N,-,Serie | 6,1522360800,Ayarlanabilir nem kontrol mekanizmasına sahip sürgülü ve tamamen kapanabilen VitaFresh plus çekmecesi sayesinde meyve ve sebzeler en uygun nem oranında iki katına kadar daha uzun süre taze kalır.,"Ayarlanabilir sıcaklık mekanizması sayesinde VitaFresh plus ""<>"" 0°C çekmecesinde kahvaltılıklarınız- et ve balık gibi hassas yiyecekleriniz 2 kata kadar daha uzun süre taze kaldığı gibi ihtiyaç duyulmadığında çekmeceler kolayca çıkartılıp buzdolabınızda daha fazla kullanım alanı yaratılabilir.",Optimum konuma yerleştirilmiş LED yan aydınlatma- meyve ve sebze çekmecesini aydınlatan LED spot aydınlatmayla birlikte buzdolabında çok daha aydınlık bir iç ortam sağlar.,A++ enerji sınıfı ile A enerji sınıfı buzdolaplarına göre %40 daha az enerji harcar.,
WAW286HXTR,camasir makineleri,camasir ve kurutma makineleri,Çamaşır Makinesi,//media3.bosch-home.com/Product_Shots/600x600/MCSA01799754_WAW286HXTR_def.jpg,5738,https://www.bosch-home.com.tr/urun-listesi/camasir-ve-kurutma-makineleri/camasir-makineleri/camasir-makineleri/WAW286HXTR?breadcrumb=null,0,0,-,5.738-00 TL,6.802-00 TL,https://www.bosch-home.com.tr/yetkili-saticilar?product=WAW286HXTR,9 kg 1400 devir A+++,Serie | 8,1480546800,i-DOS™: Mükemmel yıkama sonuçları için tam otomatik hassasiyette likid deterjan dozaj sistemi.,Home Connect: Uzaktan bağlanılabilme özelliği ile hayatı kolaylaştıran ev aletleri,,,
KDN56PI32N,ustten donduruculu buzdolaplari,buzdolaplari derin dondurucular,NoFrost- Üstten donduruculu buzdolabı,//media3.bosch-home.com/Product_Shots/600x600/MCSA00895207_F3870_KDN56PI32N_529839_def.jpg,5708,https://www.bosch-home.com.tr/urun-listesi/buzdolaplari-derin-dondurucular/buzdolaplari/ustten-donduruculu-buzdolaplari/KDN56PI32N?breadcrumb=null,0,0,507 litre iç hacme ve VitaFresh plus tazelik sistemine sahip NoFrost üstten donduruculu buzdolabı- yiyecekleriniz için daha fazla saklama kapasitesi ve iki kata kadar daha uzun süre tazelik sunar.,5.708-00 TL,6.766-00 TL,https://www.bosch-home.com.tr/yetkili-saticilar?product=KDN56PI32N,-,Serie | 6,1482879600,Ayarlanabilir nem kontrol mekanizmasına sahip sürgülü ve tamamen kapanabilen VitaFresh plus çekmecesi sayesinde meyve ve sebzeler en uygun nem oranında iki katına kadar daha uzun süre taze kalır.,"Ayarlanabilir sıcaklık mekanizması sayesinde VitaFresh plus ""<>"" 0°C çekmecesinde kahvaltılıklarınız- et ve balık gibi hassas yiyecekleriniz 2 kata kadar daha uzun süre taze kaldığı gibi ihtiyaç duyulmadığında çekmeceler kolayca çıkartılıp buzdolabınızda daha fazla kullanım alanı yaratılabilir.",Optimum konumu sayesinde aydınlık bir iç ortam sunarken gölgelenmeyi de engelleyen LED aydınlatmanın cihazın ömrü boyunca değiştirilmesi gerekmez.,Özel fonksiyon ayarlarına sahip kapıya entegre LCD elektronik hem buzdolabı hem de dondurucu sıcaklığını kolayca ayarlamayı sağlar.,
PKM875DV1D,elektrikli ocaklar,pisirme grubu,PKM875DV1D,//media3.bosch-home.com/Product_Shots/600x600/MCSA01723058_1164931_PKM875DV1D_def.jpg,6735,https://www.bosch-home.com.tr/urun-listesi/pisirme-grubu/ocaklar/elektrikli-ocaklar/PKM875DV1D?breadcrumb=null,0,0,Cam seramik elektrikli ocak: pişirmeyi ve temizlemeyi kolaylaştırır.,6.735-00 TL,-,https://www.bosch-home.com.tr/yetkili-saticilar?product=PKM875DV1D,-,Serie | 8,0,DirectSelect: İstenilen ocak gözünü- gücü ve ek fonksiyonları direk ve basitçe seçme,KonforProfil: Eğimli ön profil ve yanlarda metal şeritlerle zarif- çekici dizayn,PowerBoost: Kaynama süresini 20% kısaltan yüksek güç,PerfectFry: Mükemmel kızartma sonuçları için 5 farklı güç kademesi ile mükemmel sıcaklık sağlar.,Kapatma fonksiyonuna sahip zamanlayıcı: ocağın belirlenen süre sonunda kapanmasını sağlar
KGN76AW30N,alttan donduruculu buzdolaplari,buzdolaplari derin dondurucular,NoFrost- Alttan donduruculu buzdolabı,//media3.bosch-home.com/Product_Shots/600x600/MCSA01016984_F7276_KGN76AW30N_640379_def.jpg,5505,https://www.bosch-home.com.tr/urun-listesi/buzdolaplari-derin-dondurucular/buzdolaplari/alttan-donduruculu-buzdolaplari/KGN76AW30N?breadcrumb=null,0,0,578 litre geniç iç hacme ve VitaFresh plus tazelik sistemine sahip NoFrost XL kombi buzdolabı- yiyecekleriniz için çok daha fazla saklama kapasitesi sunarken iki kata kadar daha uzun süre taze kalmalarını sağlar.,5.505-00 TL,6.714-00 TL,https://www.bosch-home.com.tr/yetkili-saticilar?product=KGN76AW30N,-,Serie | 6,1482879600,A++ enerji sınıfı ile A enerji sınıfı buzdolaplarına göre %40 daha az enerji harcar.,Ayarlanabilir nem kontrol mekanizmasına sahip sürgülü ve tamamen kapanabilen VitaFresh plus çekmecesi sayesinde meyve ve sebzeler en uygun nem oranında iki katına kadar daha uzun süre taze kalır.,"Ayarlanabilir sıcaklık mekanizması sayesinde VitaFresh plus ""<>"" 0°C çekmecesinde kahvaltılıklarınız- et ve balık gibi hassas yiyecekleriniz 2 kata kadar daha uzun süre taze kaldığı gibi ihtiyaç duyulmadığında çekmeceler kolayca çıkartılıp buzdolabınızda daha fazla kullanım alanı yaratılabilir.",Optimum konuma yerleştirilmiş LED yan aydınlatma- meyve ve sebze çekmecesini aydınlatan LED spot aydınlatmayla birlikte buzdolabında çok daha aydınlık bir iç ortam sağlar.,Özel fonksiyon ayarlarına sahip kapıya entegre LCD elektronik hem buzdolabı hem de dondurucu sıcaklığını kolayca ayarlamayı sağlar.
WTW87660TR,isi pompali kurutma makineleri,camasir ve kurutma makineleri,Kurutma Makinesi - Isı pompalı,//media3.bosch-home.com/Product_Shots/600x600/MCSA02302460_WTW87660TR_def.jpg,5658,https://www.bosch-home.com.tr/urun-listesi/camasir-ve-kurutma-makineleri/kurutma-makineleri/isi-pompali-kurutma-makineleri/WTW87660TR?breadcrumb=null,0,0,-,5.658-00 TL,6.708-00 TL,https://www.bosch-home.com.tr/yetkili-saticilar?product=WTW87660TR,9 kg A++,Serie | 6,1515366000,SelfCleaning Condenser™: Kendi kendini temizleyen kondanser ile manuel temizliğe gerek kalmaz ayrıca enerjiden tasarruf etmenizi sağlar.,SensitiveDrying: Özel tambur yapısı ile narin kurutma.,,,
B1ZMX24624,klimalar,klimalar ve ev konforu,B1ZMI24624 iç ünite ile B1ZMA24624 dış üniteyi içerir.,//media3.bosch-home.com/Product_Shots/600x600/MCSA02616986_B1ZMX09624_def.jpg,6687,https://www.bosch-home.com.tr/urun-listesi/klimalar-ve-ev-konforu/klimalar/B1ZMX24624?breadcrumb=null,0,0,Kısa sürede ortamı soğutabilen/ısıtabilen- kolay monte edilebilen yeni klima modeli,6.687-00 TL,-,https://www.bosch-home.com.tr/yetkili-saticilar?product=B1ZMX24624,Yeni enerji yönetmeliğine uygun- inverter A+ enerji sınıfı split klima iç ünite,-,1526594400,Enerji verimlilik değerleri bağımsız Alman test kuruşu TÜV-SÜD tarafından kontrol edilmiş ve onaylanmıştır.,1 Watt standby özelliği ile enerji tasarrufu sağlar. Standby konumunda bir klima 4-5 Watt elektrik tüketimi yaparken- Cihaz standby konumunda otomatik olarak enerji tasarruf konumuna geçerek 1 Watt elektrk harcaması yapar.,İç ünitede 12 farklı fan kademesi sayesinde odada tam istenilen konforda hava akışı sağlanır.,,
KDN75VI30N,ustten donduruculu buzdolaplari,buzdolaplari derin dondurucular,NoFrost- Üstten donduruculu buzdolabı,//media3.bosch-home.com/Product_Shots/600x600/MCSA02618550_i6645_1976914_KDN75VI20B_def.jpg,5607,https://www.bosch-home.com.tr/urun-listesi/buzdolaplari-derin-dondurucular/buzdolaplari/ustten-donduruculu-buzdolaplari/KDN75VI30N?breadcrumb=null,0,0,597 litre iç hacme ve VitaFresh tazelik sistemine sahip NoFrost üstten donduruculu XXL buzdolabı- kalabalık aileler ve haftalık alışveriş yapanlar için daha fazla saklama kapasitesi sunarken yiyeceklerin daha uzun süre taze kalmalarını sağlar.,5.607-00 TL,6.648-00 TL,https://www.bosch-home.com.tr/yetkili-saticilar?product=KDN75VI30N,-,Serie | 4,1538344800,Ayarlanabilir nem kontrol mekanizması sayesinde VitaFresh çekmecesinde meyve ve sebzeler daha uzun süre taze kalır.,"Buzdolabının diğer bölümlerine göre daha soğuk olan VitaFresh ""<>"" 0°C çekmecesi sayesinde kahvaltılıklarınız- et ve balık gibi hassas yiyecekleriniz 2 kata kadar daha uzun süre taze kalır.",Buzdolabının her noktasını direkt aydınlatan- optimum konumu sayesinde gölgelenmeyi engellediği gibi aydınlık bir iç ortam sunan LED aydınlatmanın cihazın ömrü boyunca değiştirilmesi de gerekmez.,Kapıya entegre LED elektronik sayesinde hem buzdolabı hem de dondurucu bölümündeki yiyeceklerin uygun sıcaklığını kolayca ayarlanabilirsiniz.,A++ enerji sınıfı ile A sınıfı buzdolaplarına göre %40 daha az enerji harcar.
WVG30440TR,washerdryers2,camasir ve kurutma makineleri,Kurutmalı Çamaşır Makinesi,//media3.bosch-home.com/Product_Shots/600x600/MCSA02251606_WVG30440TR_def.jpg,5524,https://www.bosch-home.com.tr/urun-listesi/camasir-ve-kurutma-makineleri/kurutmali-camasir-makineleri/washerdryers2/WVG30440TR?breadcrumb=null,0,0,-,5.524-00 TL,6.549-00 TL,https://www.bosch-home.com.tr/yetkili-saticilar?product=WVG30440TR,Wash&Dry 8/5 kg,Serie | 6,1526594400,EcoSilence Drive™: 10 yıl garantili- uzun ömürlü motor. Sessiz çalışır ve enerji verimliliği yüksektir.,"Alerjen bünyeler ve çocuklar için geliştirilmiş ""AllergyPlus&Baby"" programı",VarioPerfect™: %65* e varan oranda zaman; %50** ye varan oranda enerji tasarrufu. (*Pamuklular 40°C programında SpeedPerfect seçeneği ile program süresi karşılaştırması- ** Pamuklular 40°C programında EcoPerfect seçeneği ile enerji tüketimi karşılaştırması),,
HBG655NW1,ankastre firinlar,pisirme grubu,Beyaz,//media3.bosch-home.com/Product_Shots/600x600/MCSA00766721_411057_HBG655HW1_2_def.jpg,6514,https://www.bosch-home.com.tr/urun-listesi/pisirme-grubu/ankastre-firinlar/ankastre-firinlar/HBG655NW1?breadcrumb=null,0,0,Ankastre fırın: mükemmel pişirme performansı,6.514-00 TL,-,https://www.bosch-home.com.tr/yetkili-saticilar?product=HBG655NW1,-,Serie | 8,0,4D hot Air: her raf seviyesinde mükemmel sonuçlar için homojen ısı dağılımı,AutoPilot 10: Önceden tanımlanmış olan 10 adet otomatik program sayesinde mükemmel sonuçlar,TFT ekran: control ring sayesinde kolay kullanım,EcoClean Direct: kirleri emen özel kaplama sayesinde artık temizliğe gerek yok,ColorGlass: paslanmaz çeliğe alternatif olarak parlak beyaz cam
KGN56VI30N,alttan donduruculu buzdolaplari,buzdolaplari derin dondurucular,NoFrost- Alttan donduruculu buzdolabı,//media3.bosch-home.com/Product_Shots/600x600/MCSA02016984_H4040_KGN56VI30N_1411349_STP_zu_cmyk_def.jpg,5209,https://www.bosch-home.com.tr/urun-listesi/buzdolaplari-derin-dondurucular/buzdolaplari/alttan-donduruculu-buzdolaplari/KGN56VI30N?breadcrumb=null,0,0,559 litrelik geniş iç hacimli kombi buzdolabı VitaFresh özelliği sayesinde daha uzun süre tazelik sunar,5.209-00 TL,6.440-00 TL,https://www.bosch-home.com.tr/yetkili-saticilar?product=KGN56VI30N,-,Serie | 4,1503266400,Enerji verimliliği A++: çok tasarruflu soğutma yapar.,VitaFresh: meyve ve sebzeler için ayarlanabilir nem seviyesi- et ve balıklar için de ekstra düşük sıcaklık sayesinde yiyecekleri daha uzun süre taze tutar,NoFrost: buz oluşmasına karşı mükemmel koruma sayesinde zaman ve enerji tüketen buz çözdürme işlemine bir daha hiç gerek kalmaz.,MultiAirflow: buzdolabı içindeki her noktada eşit oranda soğukluk sağlanır-böylece gıdalar daha uzun süre taze kalır.,AirFresh filtre düzenli hava akımı sayesinde yoğun kokulu gıdalardan gelen kokunun buzdolabınn içinde yayılmasını engeller.
WTW87461TR,isi pompali kurutma makineleri,camasir ve kurutma makineleri,Kurutma Makinesi - Isı pompalı,//media3.bosch-home.com/Product_Shots/600x600/MCSA02075289_WTW87461TR_def.jpg,5425,https://www.bosch-home.com.tr/urun-listesi/camasir-ve-kurutma-makineleri/kurutma-makineleri/isi-pompali-kurutma-makineleri/WTW87461TR?breadcrumb=null,0,0,-,5.425-00 TL,6.432-00 TL,https://www.bosch-home.com.tr/yetkili-saticilar?product=WTW87461TR,9 kg A++,Serie | 6,1508191200,SelfCleaning Condenser™: Kendi kendini temizleyen kondanser ile manuel temizliğe gerek kalmaz ayrıca enerjiden tasarruf etmenizi sağlar.,Hızlı kurutma: kg başına 35 dk. kurutma süresi ile daha hızlı kurutma.,,,
WTW85420TR,isi pompali kurutma makineleri,camasir ve kurutma makineleri,SelfCleaning Condenser,//media3.bosch-home.com/Product_Shots/600x600/MCSA02716257_WTW85420TR_def.jpg,5425,https://www.bosch-home.com.tr/urun-listesi/camasir-ve-kurutma-makineleri/kurutma-makineleri/isi-pompali-kurutma-makineleri/WTW85420TR?breadcrumb=null,0,0,-,5.425-00 TL,6.432-00 TL,https://www.bosch-home.com.tr/yetkili-saticilar?product=WTW85420TR,Kurutma Makinesi - Isı pompalı,Serie | 6,1550012400,SelfCleaning Condenser™: Kendi kendini temizleyen kondanser ile manuel temizliğe gerek kalmaz ayrıca enerjiden tasarruf etmenizi sağlar.,SensitiveDrying: Özel tambur yapısı ile narin kurutma.,,,
B1ZMX24100,klimalar,klimalar ve ev konforu,Ev Tipi- 24.000 Btu Sınıfı- İnverter A+ Enerji Sınıfı Klima.,//media3.bosch-home.com/Product_Shots/600x600/MCSA01743306_B1ZMI12100_def.jpg,6352,https://www.bosch-home.com.tr/urun-listesi/klimalar-ve-ev-konforu/klimalar/B1ZMX24100?breadcrumb=null,0,0,-,6.352-00 TL,-,https://www.bosch-home.com.tr/yetkili-saticilar?product=B1ZMX24100,B1ZMI24100 iç ünite ile B1ZMA24100 dış üniteyi içerir.,-,1516834800,Enerji verimlilik değerleri bağımsız Alman test kuruşu TÜV-SÜD tarafından kontrol edilmiş ve onaylanmıştır.,1 Watt standby özelliği ile enerji tasarrufu sağlar. Standby konumunda bir klima 4-5 Watt elektrik tüketimi yaparken- Cihaz standby konumunda otomatik olarak enerji tasarruf konumuna geçerek 1 Watt elektrk harcaması yapar.,İç ünitede 12 farklı fan kademesi sayesinde odada tam istenilen konforda hava akışı sağlanır.,,
KDN56PW32N,ustten donduruculu buzdolaplari,buzdolaplari derin dondurucular,NoFrost- Üstten donduruculu buzdolabı,//media3.bosch-home.com/Product_Shots/600x600/MCSA01876592_G9450_KDN56PW32N_1294952_def.jpg,5307,https://www.bosch-home.com.tr/urun-listesi/buzdolaplari-derin-dondurucular/buzdolaplari/ustten-donduruculu-buzdolaplari/KDN56PW32N?breadcrumb=null,0,0,507 litre iç hacme ve VitaFresh plus tazelik sistemine sahip NoFrost üstten donduruculu buzdolabı- yiyecekleriniz için daha fazla saklama kapasitesi ve iki kata kadar daha uzun süre tazelik sunar.,5.307-00 TL,6.293-00 TL,https://www.bosch-home.com.tr/yetkili-saticilar?product=KDN56PW32N,-,Serie | 6,1482879600,Ayarlanabilir nem kontrol mekanizmasına sahip sürgülü ve tamamen kapanabilen VitaFresh plus çekmecesi sayesinde meyve ve sebzeler en uygun nem oranında iki katına kadar daha uzun süre taze kalır.,"Ayarlanabilir sıcaklık mekanizması sayesinde VitaFresh plus ""<>"" 0°C çekmecesinde kahvaltılıklarınız- et ve balık gibi hassas yiyecekleriniz 2 kata kadar daha uzun süre taze kaldığı gibi ihtiyaç duyulmadığında çekmeceler kolayca çıkartılıp buzdolabınızda daha fazla kullanım alanı yaratılabilir.",Optimum konumu sayesinde aydınlık bir iç ortam sunarken gölgelenmeyi de engelleyen LED aydınlatmanın cihazın ömrü boyunca değiştirilmesi gerekmez.,Özel fonksiyon ayarlarına sahip kapıya entegre LCD elektronik hem buzdolabı hem de dondurucu sıcaklığını kolayca ayarlamayı sağlar.,A++ enerji sınıfı ile A enerji sınıfı buzdolaplarına göre %40 daha az enerji harcar.
KGN57PW23N,alttan donduruculu buzdolaplari,buzdolaplari derin dondurucular,NoFrost- Alttan donduruculu buzdolabı,//media3.bosch-home.com/Product_Shots/600x600/MCSA02518372_i4760_1890489_KGN57PW23N_STP_closed_cmyk_def.jpg,5306,https://www.bosch-home.com.tr/urun-listesi/buzdolaplari-derin-dondurucular/buzdolaplari/alttan-donduruculu-buzdolaplari/KGN57PW23N?breadcrumb=null,0,0,505 litre iç hacme ve VitaFresh plus tazelik sistemine sahip NoFrost kombi buzdolabı- yiyecekleriniz için geniş hacim ve iki kata kadar daha uzun süre tazelik sunar.,5.306-00 TL,6.291-00 TL,https://www.bosch-home.com.tr/yetkili-saticilar?product=KGN57PW23N,-,Serie | 6,1523829600,Ayarlanabilir nem kontrol mekanizmasına sahip sürgülü ve tamamen kapanabilen VitaFresh plus çekmecesi sayesinde meyve ve sebzeler en uygun nem oranında iki katına kadar daha uzun süre taze kalır.,"Ayarlanabilir sıcaklık mekanizması sayesinde VitaFresh plus ""<>"" 0°C çekmecesinde kahvaltılıklarınız- et ve balık gibi hassas yiyecekleriniz 2 kata kadar daha uzun süre taze kaldığı gibi ihtiyaç duyulmadığında çekmeceler kolayca çıkartılıp buzdolabınızda daha fazla kullanım alanı yaratılabilir.",Optimum konumu sayesinde aydınlık bir iç ortam sunarken gölgelenmeyi de engelleyen LED aydınlatmanın cihazın ömrü boyunca değiştirilmesi gerekmez.,Kapıya entegre LED elektronik sayesinde hem buzdolabı hem de dondurucu sıcaklığı kolayca ayarlanabilir.,A+ enerji sınıfı ile A enerji sınıfı buzdolaplarına göre %20 daha az enerji harcar.
KGN76DW30N,alttan donduruculu buzdolaplari,buzdolaplari derin dondurucular,NoFrost- Alttan donduruculu buzdolabı,//media3.bosch-home.com/Product_Shots/600x600/MCSA02464334_i3650_1839157_KGN76DW30N_cmyk_def.jpg,5105,https://www.bosch-home.com.tr/urun-listesi/buzdolaplari-derin-dondurucular/buzdolaplari/alttan-donduruculu-buzdolaplari/KGN76DW30N?breadcrumb=null,0,0,578 litre geniç iç hacme ve VitaFresh plus tazelik sistemine sahip NoFrost XL kombi buzdolabı- yiyecekleriniz için çok daha fazla saklama kapasitesi sunarken iki kata kadar daha uzun süre taze kalmalarını sağlar.,5.105-00 TL,6.282-00 TL,https://www.bosch-home.com.tr/yetkili-saticilar?product=KGN76DW30N,-,Serie | 6,1522360800,Ayarlanabilir nem kontrol mekanizmasına sahip sürgülü ve tamamen kapanabilen VitaFresh plus çekmecesi sayesinde meyve ve sebzeler en uygun nem oranında iki katına kadar daha uzun süre taze kalır.,"Ayarlanabilir sıcaklık mekanizması sayesinde VitaFresh plus ""<>"" 0°C çekmecesinde kahvaltılıklarınız- et ve balık gibi hassas yiyecekleriniz 2 kata kadar daha uzun süre taze kaldığı gibi ihtiyaç duyulmadığında çekmeceler kolayca çıkartılıp buzdolabınızda daha fazla kullanım alanı yaratılabilir.",Optimum konuma yerleştirilmiş LED yan aydınlatma- meyve ve sebze çekmecesini aydınlatan LED spot aydınlatmayla birlikte buzdolabında çok daha aydınlık bir iç ortam sağlar.,A++ enerji sınıfı ile A enerji sınıfı buzdolaplarına göre %40 daha az enerji harcar.,
HBG655NS1,ankastre firinlar,pisirme grubu,Inox,//media3.bosch-home.com/Product_Shots/600x600/MCSA00766678_411037_HBG655BS1_def.jpg,6268,https://www.bosch-home.com.tr/urun-listesi/pisirme-grubu/ankastre-firinlar/ankastre-firinlar/HBG655NS1?breadcrumb=null,0,0,Ankastre fırın: mükemmel pişirme performansı,6.268-00 TL,-,https://www.bosch-home.com.tr/yetkili-saticilar?product=HBG655NS1,-,Serie | 8,0,4D hot Air: her raf seviyesinde mükemmel sonuçlar için homojen ısı dağılımı,AutoPilot 10: Önceden tanımlanmış olan 10 adet otomatik program sayesinde mükemmel sonuçlar,TFT ekran: control ring sayesinde kolay kullanım,Daha az enerji tüketimi ile mükemmel pişirme sonuçları.,
HBG655NB1,ankastre firinlar,pisirme grubu,Siyah,//media3.bosch-home.com/Product_Shots/600x600/MCSA00766719_411056_HBG655BB1_def.jpg,6268,https://www.bosch-home.com.tr/urun-listesi/pisirme-grubu/ankastre-firinlar/ankastre-firinlar/HBG655NB1?breadcrumb=null,0,0,Ankastre fırın: mükemmel pişirme performansı,6.268-00 TL,-,https://www.bosch-home.com.tr/yetkili-saticilar?product=HBG655NB1,-,Serie | 8,0,4D hot Air: her raf seviyesinde mükemmel sonuçlar için homojen ısı dağılımı,AutoPilot 10: Önceden tanımlanmış olan 10 adet otomatik program sayesinde mükemmel sonuçlar,TFT ekran: control ring sayesinde kolay kullanım,EcoClean Direct: kirleri emen özel kaplama sayesinde artık temizliğe gerek yok,ColorGlass: Paslanmaz çeliğe alternatif olarak parlak siyah cam
SMI88TS06T,60cm genisliginde bulasik makineleri,bulasik makineleri,Yarı-Ankastre Bulaşık Makinesi 8 Program Home Connect Inox,//media3.bosch-home.com/Product_Shots/600x600/MCSA01775761_G6898_SMI88TS06T_1208382_CMYK_def.jpg,6196,https://www.bosch-home.com.tr/urun-listesi/bulasik-makineleri/ankastre-bulasik-makineleri/60cm-genisliginde-bulasik-makineleri/SMI88TS06T?breadcrumb=null,0,0,Home Connect özelliği ve Zeolith® Kurutma Teknolojili Bulaşık Makinesi: Zor kuruyan plastik kaplarda bile hızlı ve mükemmel kurutma sağlar.,6.196-00 TL,-,https://www.bosch-home.com.tr/yetkili-saticilar?product=SMI88TS06T,-,Serie | 8,1488236400,Enerji Verimliliği Sınıfı A+++ : En düşük enerji sınıfı- en yüksek tasarruf.,VarioFlex Pro sepetler ve VarioDrawer Pro: her seviyede maksimum esneklik ve geniş yükleme alanı sayesinde daha fazla kullanım alanı sağlar.,TFT ön ekran- programları- kalan süreyi- tüketimi ve dolum seviyelerini tek bir ekranda detaylı olarak görme ve kolayca kontrol etme imkanı verir.,Home Connect uygulamasıyla bulaşık makinenizi uzaktan kontrol edebilir- EasyStart ile bulaşıklarınız için en doğru program önerisine göre yıkamayı başlatabilirsiniz.,Çok sessiz- sadece 44 dB.
WAW2856XTR,camasir makineleri,camasir ve kurutma makineleri,Çamaşır Makinesi,//media3.bosch-home.com/Product_Shots/600x600/MCSA00788431_WAW2856XTR_def.jpg,5219,https://www.bosch-home.com.tr/urun-listesi/camasir-ve-kurutma-makineleri/camasir-makineleri/camasir-makineleri/WAW2856XTR?breadcrumb=null,0,0,-,5.219-00 TL,6.189-00 TL,https://www.bosch-home.com.tr/yetkili-saticilar?product=WAW2856XTR,9 kg 1400 devir A+++,Serie | 8,0,EcoSilence Drive™: 10 yıl garantili- uzun ömürlü motor. Sessiz çalışır ve enerji verimliliği yüksektir.,Leke çıkarma: En çok karşılaşılan 4 lekeyi çıkarır.,,,
KDN75VW30N,ustten donduruculu buzdolaplari,buzdolaplari derin dondurucular,NoFrost- Üstten donduruculu buzdolabı,//media3.bosch-home.com/Product_Shots/600x600/MCSA02618565_i6650_1976925_KDN75VW20B_def.jpg,5112,https://www.bosch-home.com.tr/urun-listesi/buzdolaplari-derin-dondurucular/buzdolaplari/ustten-donduruculu-buzdolaplari/KDN75VW30N?breadcrumb=null,0,0,597 litre iç hacme ve VitaFresh tazelik sistemine sahip NoFrost üstten donduruculu XXL buzdolabı- kalabalık aileler ve haftalık alışveriş yapanlar için daha fazla saklama kapasitesi sunarken yiyeceklerin daha uzun süre taze kalmalarını sağlar.,5.112-00 TL,6.060-00 TL,https://www.bosch-home.com.tr/yetkili-saticilar?product=KDN75VW30N,-,Serie | 4,1542063600,A++ enerji sınıfı ile A sınıfı buzdolaplarına göre %40 daha az enerji harcar.,Ayarlanabilir nem kontrol mekanizması sayesinde VitaFresh çekmecesinde meyve ve sebzeler daha uzun süre taze kalır.,"Buzdolabının diğer bölümlerine göre daha soğuk olan VitaFresh ""<>"" 0°C çekmecesi sayesinde kahvaltılıklarınız- et ve balık gibi hassas yiyecekleriniz 2 kata kadar daha uzun süre taze kalır.",Buzdolabının her noktasını direkt aydınlatan- optimum konumu sayesinde gölgelenmeyi engellediği gibi aydınlık bir iç ortam sunan LED aydınlatmanın cihazın ömrü boyunca değiştirilmesi de gerekmez.,Kapıya entegre LED elektronik sayesinde hem buzdolabı hem de dondurucu bölümündeki yiyeceklerin uygun sıcaklığını kolayca ayarlanabilirsiniz.
KDN65VI20N,ustten donduruculu buzdolaplari,buzdolaplari derin dondurucular,NoFrost- Üstten donduruculu buzdolabı,//media3.bosch-home.com/Product_Shots/600x600/MCSA02618507_i6632_1976873_KDN65VI208_def.jpg,5112,https://www.bosch-home.com.tr/urun-listesi/buzdolaplari-derin-dondurucular/buzdolaplari/ustten-donduruculu-buzdolaplari/KDN65VI20N?breadcrumb=null,0,0,526 litre iç hacme ve VitaFresh tazelik sistemine sahip NoFrost üstten donduruculu XL buzdolabı- kalabalık aileler ve haftalık alışveriş yapanlar için daha fazla saklama kapasitesi sunarken yiyeceklerin daha uzun süre taze kalmalarını sağlar.,5.112-00 TL,6.060-00 TL,https://www.bosch-home.com.tr/yetkili-saticilar?product=KDN65VI20N,-,Serie | 4,1538344800,Ayarlanabilir nem kontrol mekanizması sayesinde VitaFresh çekmecesinde meyve ve sebzeler daha uzun süre taze kalır.,"Buzdolabının diğer bölümlerine göre daha soğuk olan VitaFresh ""<>"" 0°C çekmecesi sayesinde kahvaltılıklarınız- et ve balık gibi hassas yiyecekleriniz 2 kata kadar daha uzun süre taze kalır.",Kapıya entegre LED elektronik sayesinde hem buzdolabı hem de dondurucu sıcaklığı kolayca ayarlanabilir.,NoFrost: buz oluşmasına karşı mükemmel koruma sayesinde zaman ve enerji tüketen buz çözdürme işlemine bir daha hiç gerek kalmaz.,A+ enerji sınıfı ile A enerji sınıfı buzdolaplarına göre %20 daha az enerji harcar.
B1ZMX12922,klimalar,klimalar ve ev konforu,Ev Tipi- 12.000 Btu Sınıfı- İnverter A++ Enerji Sınıfı Klima.,//media3.bosch-home.com/Product_Shots/600x600/MCSA01750200_20160422_025_def.jpg,6044,https://www.bosch-home.com.tr/urun-listesi/klimalar-ve-ev-konforu/klimalar/B1ZMX12922?breadcrumb=null,0,0,V- Dizayn tasarım sayesinde çalışma moduna göre klimanın yan tarafında mavi ya da kırmızı ışık yanar,6.044-00 TL,-,https://www.bosch-home.com.tr/yetkili-saticilar?product=B1ZMX12922,B1ZMI12922 iç ünite ile B1ZMA12922 dış üniteyi içerir.,-,1516834800,Wi-Fi Kontrol: ister akıllı telefonunuzdan ister bilgisayarınızdan internet üzerinden bulunduğunuz yerden - uzaktan kumanda ile yaptığınız tüm işlemleri yapabilir- odalarınızı eve ulaşmadan ısıtır/soğutabilirsiniz.,Soğutmada Enerji Verimlilik Sınıfı : A++,Odanın ışığı kapatıldığında fan sesi minimuma indirilir ve tüm ekran ışıkları otomatikman kısılır.,İç ünitenin yanlarında ısıtmada kırmızı- soğutmada mavi renkli ışık yanarak çalışma modu belirtilir.,Süper iyonizer özelliği sayesinde bakteriler hızla yok edilir. Toz- koku-polen parçacıkları yok edilerek ortam havasına tazelik katılır.
B1ZMX18810,klimalar,klimalar ve ev konforu,Ev Tipi- 18.000 Btu Sınıfı- İnverter A++ Enerji Sınıfı Klima.,//media3.bosch-home.com/Product_Shots/600x600/MCSA02082179_IMG_9865_def.jpg,5995,https://www.bosch-home.com.tr/urun-listesi/klimalar-ve-ev-konforu/klimalar/B1ZMX18810?breadcrumb=null,0,0,Yaratıcı ECO modu sayesinde 8 saat boyunca %60 daha az elektrik harcayarak konforlu bir uyku çekebilirsiniz.,5.995-00 TL,-,https://www.bosch-home.com.tr/yetkili-saticilar?product=B1ZMX18810,B1ZMI18810 iç ünite ile B1ZMA18810 dış üniteyi içerir.,-,1516834800,Wi-Fi Kontrol: ister akıllı telefonunuzdan ister bilgisayarınızdan internet üzerinden bulunduğunuz yerden - uzaktan kumanda ile yaptığınız tüm işlemleri yapabilir- odalarınızı eve ulaşmadan ısıtır/soğutabilirsiniz.,Soğutmada Enerji Verimlilik Sınıfı : A++,Enerji verimlilik değerleri bağımsız Alman test kuruşu TÜV-SÜD tarafından kontrol edilmiş ve onaylanmıştır.,İki renkli gizli display: ısıtmada panelde kırmızı- soğutmada ise mavi renk belirir.,
KDN56VI33N,ustten donduruculu buzdolaplari,buzdolaplari derin dondurucular,NoFrost- Üstten donduruculu buzdolabı,//media3.bosch-home.com/Product_Shots/600x600/MCSA00666087_F3874_KDN56VI35N_318392_def.jpg,5006,https://www.bosch-home.com.tr/urun-listesi/buzdolaplari-derin-dondurucular/buzdolaplari/ustten-donduruculu-buzdolaplari/KDN56VI33N?breadcrumb=null,0,0,507 litre iç hacme ve VitaFresh tazelik sistemine sahip NoFrost üstten donduruculu buzdolabı- yiyecekleriniz için daha fazla saklama kapasitesi ve uzun süre tazelik sunar.,5.006-00 TL,5.934-00 TL,https://www.bosch-home.com.tr/yetkili-saticilar?product=KDN56VI33N,-,Serie | 4,1490652000,Ayarlanabilir nem kontrol mekanizması sayesinde VitaFresh çekmecesinde meyve ve sebzeler daha uzun süre taze kalır.,"Buzdolabının diğer bölümlerine göre daha soğuk olan VitaFresh ""<>"" 0°C çekmecesi sayesinde kahvaltılıklarınız- et ve balık gibi hassas yiyecekleriniz 2 kata kadar daha uzun süre taze kalır.",Optimum konumu sayesinde aydınlık bir iç ortam sunarken gölgelenmeyi de engelleyen LED aydınlatmanın cihazın ömrü boyunca değiştirilmesi gerekmez.,Özel fonksiyon ayarlarına sahip kapıya entegre LCD elektronik hem buzdolabı hem de dondurucu sıcaklığını kolayca ayarlamayı sağlar.,
SMS68JI06T,60cm genisliginde bulasik makineleri,bulasik makineleri,Bulaşık Makinesi 8 Program HomeConnect Inox,//media3.bosch-home.com/Product_Shots/600x600/MCSA02528891_i5221_1898098_SMS68JI06T_CMYK_def.jpg,4964,https://www.bosch-home.com.tr/urun-listesi/bulasik-makineleri/solo-bulasik-makineleri/60cm-genisliginde-bulasik-makineleri/SMS68JI06T?breadcrumb=null,0,0,3’lü Hijyen Teknolojisi: 3’lü Hijyen teknolojisine sahip bulaşık makinelerinin Ekstra Durulama- Ekstra Hijyen ve Machine Care opsiyonları ile bulaşıklarınızda ultra hijyen.,4.964-00 TL,5.885-00 TL,https://www.bosch-home.com.tr/yetkili-saticilar?product=SMS68JI06T,-,Serie | 6,1540159200,Home Connect uygulamasıyla bulaşık makinenizi uzaktan kontrol edebilir- EasyStart ile bulaşıklarınız için en doğru program önerisine göre yıkamayı başlatabilirsiniz.,Enerji Verimliliği Sınıfı A+++ : En düşük enerji sınıfı- en yüksek tasarruf.,Hassas bardak koruma teknolojisi- su sertliğini optimum düzeyde tutarak bardaklarınızı çizmeden parlaklığını- defalarca yıkamadan sonra bile korur.,Gece Programı 50 C°: Sadece 43 dB ses seviyesi ile bulaşıklarınız siz uyurken sessizce yıkanır.,EmotionLight: Özel iç aydınlatma sistemi sayesinde makineniz için maksimum estetik.
B1ZMX18406,klimalar,klimalar ve ev konforu,B1ZMI18406 iç ünite ile B1ZMA18406 dış üniteyi içerir.,//media3.bosch-home.com/Product_Shots/600x600/MCSA02616987_B1ZMX09406_def.jpg,5879,https://www.bosch-home.com.tr/urun-listesi/klimalar-ve-ev-konforu/klimalar/B1ZMX18406?breadcrumb=null,0,0,Kısa sürede ortamı soğutabilen/ısıtabilen- kolay monte edilebilen yeni klima modeli,5.879-00 TL,-,https://www.bosch-home.com.tr/yetkili-saticilar?product=B1ZMX18406,Yeni enerji yönetmeliğine uygun- inverter A++ enerji sınıfı split tipi klima iç ünite,-,1526594400,Çapı büytülmüş iç ünite fanı sayesinde daha fazla miktarda hava üflemesi yapılır.Genişletilmiş boru giriş bölümü - genişletilmiş duvar askısı sayesinde kolay ve hızlı montaj.,Enerji verimlilik değerleri bağımsız Alman test kuruşu TÜV-SÜD tarafından kontrol edilmiş ve onaylanmıştır.,1 Watt standby özelliği ile enerji tasarrufu sağlar. Standby konumunda bir klima 4-5 Watt elektrik tüketimi yaparken- Cihaz standby konumunda otomatik olarak enerji tasarruf konumuna geçerek 1 Watt elektrk harcaması yapar.,İç ünitede 12 farklı fan kademesi sayesinde odada tam istenilen konforda hava akışı sağlanır.,
DWF97KM60,duvar tipi davlumbazlar,pisirme grubu,DWF97KM60,//media3.bosch-home.com/Product_Shots/600x600/MCSA01732874_STP_DWF97KM60_1174519_def.jpg,5872,https://www.bosch-home.com.tr/urun-listesi/pisirme-grubu/davlumbazlar-ve-aspiratorler/duvar-tipi-davlumbazlar/DWF97KM60?breadcrumb=null,0,0,Flat tasarım davlumbaz: tasarımıyla gözü hep tencerelerinizin üzerindedir.,5.872-00 TL,-,https://www.bosch-home.com.tr/yetkili-saticilar?product=DWF97KM60,-,Serie | 6,0,DirectSelect kontrol: arzulanan güç kademesi ve aydınlatma ayarını hızlı bir şekilde seçebilirsiniz.,EcoSilence Drive: yüksek verimli motorumuz- performanstan değil enerjiden tasarruf etmenizi sağlar.,LED aydınlatma: enerji verimliliği sayesinde ocağın mükemmel bir şekilde aydınlatılmasını sağlar.,Kolay iç temizlik: Gizli kablolar ve yuvarlatılmış kenarlar sayesinde davlumbaz temizliği çok daha kolay.,Özellikle sessiz: yüksek performansta sadece 45 dB ses basıncı.
WAW28560TR,camasir makineleri,camasir ve kurutma makineleri,Çamaşır Makinesi,//media3.bosch-home.com/Product_Shots/600x600/MCSA00788429_WAW28560TR_def.jpg,4845,https://www.bosch-home.com.tr/urun-listesi/camasir-ve-kurutma-makineleri/camasir-makineleri/camasir-makineleri/WAW28560TR?breadcrumb=null,0,0,-,4.845-00 TL,5.743-00 TL,https://www.bosch-home.com.tr/yetkili-saticilar?product=WAW28560TR,9 kg 1400 devir A+++,Serie | 8,0,EcoSilence Drive™: 10 yıl garantili- uzun ömürlü motor. Sessiz çalışır ve enerji verimliliği yüksektir.,Leke çıkarma: En çok karşılaşılan 4 lekeyi çıkarır.,,,
SMS46NB00T,60cm genisliginde bulasik makineleri,bulasik makineleri,Bulaşık Makinesi 6 Program Siyah,//media3.bosch-home.com/Product_Shots/600x600/MCSA02380961_i2298_1776416_SMS46NB00T_CMYK_def.jpg,4826,https://www.bosch-home.com.tr/urun-listesi/bulasik-makineleri/solo-bulasik-makineleri/60cm-genisliginde-bulasik-makineleri/SMS46NB00T?breadcrumb=null,0,0,Siyah cam görünümlü tasarımıyla göz kamaştırır ve sadece 44 dB'de sessizce bulaşıklarınızı pırıl pırıl yapar.,4.826-00 TL,5.721-00 TL,https://www.bosch-home.com.tr/yetkili-saticilar?product=SMS46NB00T,-,Serie | 4,1525125600,Enerji Verimliliği Sınıfı A++ : Doğal çevre ve bütçeniz için yüksek enerji verimliliği.,VarioDrawer 3. çekmece ve VarioFlex sepet sistemi ile maksimum yükleme kapasitesi ve daha fazla kullanım alanı.,Ekstra Kuru opsiyonu: özellikle zor kuruyan bulaşıklar için geliştirilen bu fonksiyon- plastik kaplarınızın dahi makineden tertemiz ve kupkuru çıkmasını sağlar.,IntensiveZone: Alt sepette oluşturulan yüksek püskürtme basıncı ve sıcaklık alanı sayesinde çok kirli tencere ve tavalar tertemiz olurken aynı anda üst sepette hassas bardakları yıkayabilirsiniz.,AquaStop: Su hasarlarına karşı çoklu koruma sağlar.
B1ZMX18604,klimalar,klimalar ve ev konforu,Ev Tipi- 18.000 Btu Sınıfı- İnverter A++ Enerji Sınıfı Klima.,//media3.bosch-home.com/Product_Shots/600x600/MCSA00824359_B1ZMI09603_def.jpg,5699,https://www.bosch-home.com.tr/urun-listesi/klimalar-ve-ev-konforu/klimalar/B1ZMX18604?breadcrumb=null,0,0,-,5.699-00 TL,-,https://www.bosch-home.com.tr/yetkili-saticilar?product=B1ZMX18604,B1ZMI18604 iç ünite ile B1ZMA18604 dış üniteyi içerir.,-,1516834800,Yeni enerji yönetmeliğine uygun- inverter A++ enerji sınıfı split tipi klima iç ünite,Soğutma kapasitesi : 16739 BTU/h,Isıtma kapasitesi :14313 BTU/h,Heat-Pump ısıtma,
KGE58BI44N,alttan donduruculu buzdolaplari,buzdolaplari derin dondurucular,LowFrost- Kombi buzdolabı,//media3.bosch-home.com/Product_Shots/600x600/MCSA00754110_E5599_KGE58BI44N_400229_def.jpg,5681,https://www.bosch-home.com.tr/urun-listesi/buzdolaplari-derin-dondurucular/buzdolaplari/alttan-donduruculu-buzdolaplari/KGE58BI44N?breadcrumb=null,0,0,508 litre iç hacme ve VitaFresh tazelik sistemine sahip LowFrost kombi buzdolabı- yiyecekleriniz için daha uzun süre tazelik sunar.,5.681-00 TL,-,https://www.bosch-home.com.tr/yetkili-saticilar?product=KGE58BI44N,-,Serie | 4,1482879600,A+++ enerji sınıfı ile A enerji sınıfı buzdolaplarına göre %60 daha az enerji harcar.,Ayarlanabilir nem kontrol mekanizması sayesinde VitaFresh çekmecesinde meyve ve sebzeler daha uzun süre taze kalır.,"Buzdolabının diğer bölümlerine göre daha soğuk olan VitaFresh ""<>"" 0°C çekmecesi sayesinde kahvaltılıklarınız- et ve balık gibi hassas yiyecekleriniz 2 kata kadar daha uzun süre taze kalır.",Optimum konumu sayesinde aydınlık bir iç ortam sunarken gölgelenmeyi de engelleyen LED aydınlatmanın cihazın ömrü boyunca değiştirilmesi gerekmez.,
KGN56VW30N,alttan donduruculu buzdolaplari,buzdolaplari derin dondurucular,NoFrost- Alttan donduruculu buzdolabı,//media3.bosch-home.com/Product_Shots/600x600/MCSA01936721_H1070_KGN56VW30U_1342871_PGA2_def.jpg,4772,https://www.bosch-home.com.tr/urun-listesi/buzdolaplari-derin-dondurucular/buzdolaplari/alttan-donduruculu-buzdolaplari/KGN56VW30N?breadcrumb=null,0,0,559 litre geniç iç hacme ve VitaFresh tazelik sistemine sahip NoFrost kombi buzdolabı- yiyecekleriniz için çok daha fazla saklama kapasitesi sunarken daha uzun süre taze kalmalarını sağlar!,4.772-00 TL,5.656-00 TL,https://www.bosch-home.com.tr/yetkili-saticilar?product=KGN56VW30N,-,Serie | 4,1482879600,Ayarlanabilir nem kontrol mekanizması sayesinde VitaFresh çekmecesinde meyve ve sebzeler daha uzun süre taze kalır.,"Buzdolabının diğer bölümlerine göre daha soğuk olan VitaFresh ""<>"" 0°C çekmecesi sayesinde kahvaltılıklarınız- et ve balık gibi hassas yiyecekleriniz 2 kata kadar daha uzun süre taze kalır.",Optimum konumu sayesinde aydınlık bir iç ortam sunarken gölgelenmeyi de engelleyen LED aydınlatmanın cihazın ömrü boyunca değiştirilmesi gerekmez.,Kapıya entegre LED elektronik sayesinde hem buzdolabı hem de dondurucu sıcaklığı kolayca ayarlanabilir.,
GSN54VW30N,cekmeceli derin dondurucular,buzdolaplari derin dondurucular,NoFrost- Çekmeceli derin dondurucu,//media3.bosch-home.com/Product_Shots/600x600/MCSA01586687_G1717_GSN54VW30N_1040821_def.jpg,4721,https://www.bosch-home.com.tr/urun-listesi/buzdolaplari-derin-dondurucular/derin-dondurucular/cekmeceli-derin-dondurucular/GSN54VW30N?breadcrumb=null,0,0,360 litre iç hacme sahip 7 çekmeceli NoFrost derin dondurucu dondurulmuş gıdalarınızı güvenle saklamak için ekstra fazla alan sunar.,4.721-00 TL,5.597-00 TL,https://www.bosch-home.com.tr/yetkili-saticilar?product=GSN54VW30N,Beyaz kapılar,Serie | 4,1454454000,Elektronik sıcaklık kontrolü sayesinde derin dondurucuyu kolayca istediğiniz sıcaklığa ayarlayabilirsiniz.,Derin dondurucunun içine ve dışına yerleştirilmiş sensörler sürekli olarak sıcaklık ölçümü yaparak dalgalanmaları en aza indirip çok daha uzun süre tazeliği garantilerler.,A++ enerji sınıfı ile A enerji sınıfı derin donduruculara göre %40 daha az enerji harcar.,noFrost: Buz oluşmasına karşı mükemmel koruma sayesinde zaman ve enerji tüketen buz çözdürme işlemine bir daha hiç gerek kalmaz.,BigBox: Dondurulmuş büyük gıdalarınız için ekstra alan sunar.
GSN36VI30N,cekmeceli derin dondurucular,buzdolaplari derin dondurucular,NoFrost- Çekmeceli derin dondurucu,//media3.bosch-home.com/Product_Shots/600x600/MCSA02331232_i2420_1734402_GSN36VI30N_cmyk_def.jpg,4697,https://www.bosch-home.com.tr/urun-listesi/buzdolaplari-derin-dondurucular/derin-dondurucular/cekmeceli-derin-dondurucular/GSN36VI30N?breadcrumb=null,0,0,A++ enerji sınıfında NoFrost derin dondurucu FreshSense özelliği sayesinde dondurulmuş gıdalarınızı her zaman sabit sıcaklıkta saklar.,4.697-00 TL,5.568-00 TL,https://www.bosch-home.com.tr/yetkili-saticilar?product=GSN36VI30N,Kolay temizlenebilir inox kapılar,Serie | 4,1523916000,NoFrost: buz oluşmasına karşı mükemmel koruma sayesinde zaman ve enerji tüketen buz çözdürme işlemine bir daha hiç gerek kalmaz.,FreshSense: Derin dondurucu içindeki sıcaklığın sabit tutulmasıyla yiyecekler daha uzun süre taze saklanır.,VarioZone: ihtiyaca göre düzenlenebilen raflar ve çekmeceler sayesinde daha fazla esneklik.,90 ° açılabilen kapısı sayesinde yerleştirildiği her alanda kolayca kullanılabilir.,
SMS67MI01T,60cm genisliginde bulasik makineleri,bulasik makineleri,Bulaşık Makinesi 7 Program Inox,//media3.bosch-home.com/Product_Shots/600x600/MCSA01775777_G6903_SMS67MI01T_1208390_CMYK_def.jpg,4660,https://www.bosch-home.com.tr/urun-listesi/bulasik-makineleri/solo-bulasik-makineleri/60cm-genisliginde-bulasik-makineleri/SMS67MI01T?breadcrumb=null,0,0,SuperSilence Plus: Bulaşıklarınızı sadece 38 dB'de ultra sessizlikte yıkar.,4.660-00 TL,5.524-00 TL,https://www.bosch-home.com.tr/yetkili-saticilar?product=SMS67MI01T,-,Serie | 6,0,varioSpeed Plus: 3 kat daha hızlı yıkama opsiyonu ve yüksek yıkama performansı.,Ekstra Hijyen Opsiyonu: Yıkama süresince bulaşıklar daha uzun süre yüksek sıcaklığa tabi tutularak üst düzey temizlik sağlanır.,IntensiveZone: Alt sepette oluşturulan yüksek püskürtme basıncı ve sıcaklık alanı sayesinde çok kirli tencere ve tavalar tertemiz olurken aynı anda üst sepette hassas bardakları yıkayabilirsiniz.,VarioDrawer çatal-kaşıklar için ekstra 3. çekmece ve VarioFlex sepet sistemi ile maksimum yükleme kapasitesi ve daha fazla kullanım alanı.,AquaStop: Su hasarlarına karşı çoklu koruma sağlar.
B1ZMX18624,klimalar,klimalar ve ev konforu,Yeni enerji yönetmeliğine uygun- inverter A++ enerji sınıfı split tipi klima iç ünite,//media3.bosch-home.com/Product_Shots/600x600/MCSA02616986_B1ZMX09624_def.jpg,5512,https://www.bosch-home.com.tr/urun-listesi/klimalar-ve-ev-konforu/klimalar/B1ZMX18624?breadcrumb=null,0,0,Kısa sürede ortamı soğutabilen/ısıtabilen- kolay monte edilebilen yeni klima modeli,5.512-00 TL,-,https://www.bosch-home.com.tr/yetkili-saticilar?product=B1ZMX18624,B1ZMI18624 iç ünite ile B1ZMA18624 dış üniteyi içerir.,-,1526594400,Çapı büytülmüş iç ünite fanı sayesinde daha fazla miktarda hava üflemesi yapılır.Genişletilmiş boru giriş bölümü - genişletilmiş duvar askısı sayesinde kolay ve hızlı montaj.,Enerji verimlilik değerleri bağımsız Alman test kuruşu TÜV-SÜD tarafından kontrol edilmiş ve onaylanmıştır.,1 Watt standby özelliği ile enerji tasarrufu sağlar. Standby konumunda bir klima 4-5 Watt elektrik tüketimi yaparken- Cihaz standby konumunda otomatik olarak enerji tasarruf konumuna geçerek 1 Watt elektrk harcaması yapar.,İç ünitede 12 farklı fan kademesi sayesinde odada tam istenilen konforda hava akışı sağlanır.,
B1ZMX09922,klimalar,klimalar ve ev konforu,Ev Tipi- 9.000 Btu Sınıfı- İnverter A++ Enerji Sınıfı Klima.,//media3.bosch-home.com/Product_Shots/600x600/MCSA01750200_20160422_025_def.jpg,5511,https://www.bosch-home.com.tr/urun-listesi/klimalar-ve-ev-konforu/klimalar/B1ZMX09922?breadcrumb=null,0,0,V- Dizayn tasarım sayesinde çalışma moduna göre klimanın yan tarafında mavi ya da kırmızı ışık yanar,5.511-00 TL,-,https://www.bosch-home.com.tr/yetkili-saticilar?product=B1ZMX09922,B1ZMI09922 iç ünite ile B1ZMA09922 dış üniteyi içerir.,-,1516834800,Wi-Fi Kontrol: ister akıllı telefonunuzdan ister bilgisayarınızdan internet üzerinden bulunduğunuz yerden - uzaktan kumanda ile yaptığınız tüm işlemleri yapabilir- odalarınızı eve ulaşmadan ısıtır/soğutabilirsiniz.,Soğutmada Enerji Verimlilik Sınıfı : A++,Odanın ışığı kapatıldığında fan sesi minimuma indirilir ve tüm ekran ışıkları otomatikman kısılır.,İç ünitenin yanlarında ısıtmada kırmızı- soğutmada mavi renkli ışık yanarak çalışma modu belirtilir.,Süper iyonizer özelliği sayesinde bakteriler hızla yok edilir. Toz- koku-polen parçacıkları yok edilerek ortam havasına tazelik katılır.
SMS67MI02T,60cm genisliginde bulasik makineleri,bulasik makineleri,Bulaşık Makinesi 7 Program Inox,//media3.bosch-home.com/Product_Shots/600x600/MCSA01794763_G7339_SMS67MI02T_1224367_CMYK_def.jpg,4627,https://www.bosch-home.com.tr/urun-listesi/bulasik-makineleri/solo-bulasik-makineleri/60cm-genisliginde-bulasik-makineleri/SMS67MI02T?breadcrumb=null,0,0,Sadece 6-5 litre su tüketerek 13 kişilik bulaşığı- üstelik 44 dB'de tertemiz yapar.,4.627-00 TL,5.485-00 TL,https://www.bosch-home.com.tr/yetkili-saticilar?product=SMS67MI02T,-,Serie | 6,1488150000,Ekstra Kuru opsiyonu: özellikle zor kuruyan bulaşıklar için geliştirilen bu fonksiyon- plastik kaplarınızın dahi makineden tertemiz ve kupkuru çıkmasını sağlar.,Ekstra Hijyen Opsiyonu: Yıkama süresince bulaşıklar daha uzun süre yüksek sıcaklığa tabi tutularak üst düzey temizlik sağlanır.,IntensiveZone: Alt sepette oluşturulan yüksek püskürtme basıncı ve sıcaklık alanı sayesinde çok kirli tencere ve tavalar tertemiz olurken aynı anda üst sepette hassas bardakları yıkayabilirsiniz.,VarioDrawer çatal-kaşıklar için ekstra 3. çekmece ve VarioFlex sepet sistemi ile maksimum yükleme kapasitesi ve daha fazla kullanım alanı.,TFT ön ekran- programları- kalan süreyi- tüketimi ve dolum seviyelerini tek bir ekranda detaylı olarak görme ve kolayca kontrol etme imkanı verir.
KDN65VW20N,ustten donduruculu buzdolaplari,buzdolaplari derin dondurucular,NoFrost- Üstten donduruculu buzdolabı,//media3.bosch-home.com/Product_Shots/600x600/MCSA02618537_i6641_1976900_KDN65VW20B_def.jpg,4622,https://www.bosch-home.com.tr/urun-listesi/buzdolaplari-derin-dondurucular/buzdolaplari/ustten-donduruculu-buzdolaplari/KDN65VW20N?breadcrumb=null,0,0,526 litre iç hacme ve VitaFresh tazelik sistemine sahip NoFrost üstten donduruculu XL buzdolabı- kalabalık aileler ve haftalık alışveriş yapanlar için daha fazla saklama kapasitesi sunarken yiyeceklerin daha uzun süre taze kalmalarını sağlar.,4.622-00 TL,5.480-00 TL,https://www.bosch-home.com.tr/yetkili-saticilar?product=KDN65VW20N,-,Serie | 4,1542582000,Ayarlanabilir nem kontrol mekanizması sayesinde VitaFresh çekmecesinde meyve ve sebzeler daha uzun süre taze kalır.,"Buzdolabının diğer bölümlerine göre daha soğuk olan VitaFresh ""<>"" 0°C çekmecesi sayesinde kahvaltılıklarınız- et ve balık gibi hassas yiyecekleriniz 2 kata kadar daha uzun süre taze kalır.",Kapıya entegre LED elektronik sayesinde hem buzdolabı hem de dondurucu sıcaklığı kolayca ayarlanabilir.,NoFrost: buz oluşmasına karşı mükemmel koruma sayesinde zaman ve enerji tüketen buz çözdürme işlemine bir daha hiç gerek kalmaz.,A+ enerji sınıfı ile A enerji sınıfı buzdolaplarına göre %20 daha az enerji harcar.
WTW8541STR,isi pompali kurutma makineleri,camasir ve kurutma makineleri,Kurutma Makinesi - Isı pompalı,//media3.bosch-home.com/Product_Shots/600x600/MCSA02716259_WTW8541STR_def.jpg,4608,https://www.bosch-home.com.tr/urun-listesi/camasir-ve-kurutma-makineleri/kurutma-makineleri/isi-pompali-kurutma-makineleri/WTW8541STR?breadcrumb=null,0,0,-,4.608-00 TL,5.464-00 TL,https://www.bosch-home.com.tr/yetkili-saticilar?product=WTW8541STR,8 kg A++,Serie | 6,1545692400,SelfCleaning Condenser™: Kendi kendini temizleyen kondanser ile manuel temizliğe gerek kalmaz ayrıca enerjiden tasarruf etmenizi sağlar.,SensitiveDrying: Özel tambur yapısı ile narin kurutma.,,,
DWB098E50,duvar tipi davlumbazlar,pisirme grubu,DWB098E50,//media3.bosch-home.com/Product_Shots/600x600/MCSA00661307_DWB098E50_def.jpg,5422,https://www.bosch-home.com.tr/urun-listesi/pisirme-grubu/davlumbazlar-ve-aspiratorler/duvar-tipi-davlumbazlar/DWB098E50?breadcrumb=null,0,0,Duvar tipi davlumbaz: duvara monte edilen davlumbaz mutfağınızı planlamanız için size özgürlük verir.,5.422-00 TL,-,https://www.bosch-home.com.tr/yetkili-saticilar?product=DWB098E50,-,Serie | 6,1552431600,LED aydınlatma: enerji verimliliği sayesinde ocağın mükemmel bir şekilde aydınlatılmasını sağlar.,Özellikle sessiz: yüksek performansta sadece 41 dB ses basıncı.,Emiş gücü: 860 m3/h- mutfağınızda kaliteli hava olmasını garanti eder.,Yoğun hız ayarı: 6 dakika sonunda davlumbazı otomatik olarak normal hız ayarlarına getirir.,
KSV36VI30N,solo tek kapili buzdolaplari,buzdolaplari derin dondurucular,Tek kapılı buzdolabı,//media3.bosch-home.com/Product_Shots/600x600/MCSA02271454_H8923_1678686_KSV36VI30N_cmyk_def.jpg,4548,https://www.bosch-home.com.tr/urun-listesi/buzdolaplari-derin-dondurucular/tek-kapili-buzdolaplari/solo-tek-kapili-buzdolaplari/KSV36VI30N?breadcrumb=null,0,0,A++ enerji sınıfındaki buzdolabı minimum enerji ile maksimum perfromans sağlarken VitaFresh çekmecesi sayesinde meyve ve sebzeleri iki kat daha uzun süre taze tutar.,4.548-00 TL,5.392-00 TL,https://www.bosch-home.com.tr/yetkili-saticilar?product=KSV36VI30N,Kolay temizlenebilir inox kapılar,Serie | 4,1527458400,TouchControl paneli üzerinden sıcaklık ayarları kolayca görülebilir ve değiştirilebilir.,Yüksekliği kolayca ayarlanabilir EasyLift raf daha esnek bir kullanım alanı yaratır.,90 ° açılabilen kapısı sayesinde yerleştirildiği her alanda kolayca kullanılabilir.,,
GSN51VW30N,cekmeceli derin dondurucular,buzdolaplari derin dondurucular,NoFrost- Çekmeceli derin dondurucu,//media3.bosch-home.com/Product_Shots/600x600/MCSA01586686_G1716_GSN51VW30N_1040820_def.jpg,4522,https://www.bosch-home.com.tr/urun-listesi/buzdolaplari-derin-dondurucular/derin-dondurucular/cekmeceli-derin-dondurucular/GSN51VW30N?breadcrumb=null,0,0,324 litre iç hacme sahip 6 çekmeceli NoFrost derin dondurucu dondurulmuş gıdalarınızı güvenle saklamak için ekstra fazla alan sunar.,4.522-00 TL,5.362-00 TL,https://www.bosch-home.com.tr/yetkili-saticilar?product=GSN51VW30N,Beyaz kapılar,Serie | 4,1468792800,Elektronik sıcaklık kontrolü sayesinde derin dondurucuyu kolayca istediğiniz sıcaklığa ayarlayabilirsiniz.,Derin dondurucunun içine ve dışına yerleştirilmiş sensörler sürekli olarak sıcaklık ölçümü yaparak dalgalanmaları en aza indirip çok daha uzun süre tazeliği garantilerler.,A++ enerji sınıfı ile A enerji sınıfı derin donduruculara göre %40 daha az enerji harcar.,noFrost: Buz oluşmasına karşı mükemmel koruma sayesinde zaman ve enerji tüketen buz çözdürme işlemine bir daha hiç gerek kalmaz.,BigBox: Dondurulmuş büyük gıdalarınız için ekstra alan sunar.
KDN56VW23N,ustten donduruculu buzdolaplari,buzdolaplari derin dondurucular,NoFrost- Üstten donduruculu buzdolabı,//media3.bosch-home.com/Product_Shots/600x600/MCSA01947984_H1383_KDN56VW23N_1353278_PGA2_def.jpg,4505,https://www.bosch-home.com.tr/urun-listesi/buzdolaplari-derin-dondurucular/buzdolaplari/ustten-donduruculu-buzdolaplari/KDN56VW23N?breadcrumb=null,0,0,507 litre iç hacme ve VitaFresh tazelik sistemine sahip NoFrost üstten donduruculu buzdolabı- yiyecekleriniz için daha fazla saklama kapasitesi ve uzun süre tazelik sunar.,4.505-00 TL,5.342-00 TL,https://www.bosch-home.com.tr/yetkili-saticilar?product=KDN56VW23N,-,Serie | 4,1491256800,Ayarlanabilir nem kontrol mekanizması sayesinde VitaFresh çekmecesinde meyve ve sebzeler daha uzun süre taze kalır.,"Buzdolabının diğer bölümlerine göre daha soğuk olan VitaFresh ""<>"" 0°C çekmecesi sayesinde kahvaltılıklarınız- et ve balık gibi hassas yiyecekleriniz 2 kata kadar daha uzun süre taze kalır.",Optimum konumu sayesinde aydınlık bir iç ortam sunarken gölgelenmeyi de engelleyen LED aydınlatmanın cihazın ömrü boyunca değiştirilmesi gerekmez.,A+ enerji sınıfı ile A enerji sınıfı buzdolaplarına göre %20 daha az enerji harcar.,Özel fonksiyon ayarlarına sahip kapıya entegre LCD elektronik hem buzdolabı hem de dondurucu sıcaklığını kolayca ayarlamayı sağlar.
DWF67KM60,duvar tipi davlumbazlar,pisirme grubu,DWF67KM60,//media3.bosch-home.com/Product_Shots/600x600/MCSA01732869_STP_DWF67KM60_1174500_def.jpg,5263,https://www.bosch-home.com.tr/urun-listesi/pisirme-grubu/davlumbazlar-ve-aspiratorler/duvar-tipi-davlumbazlar/DWF67KM60?breadcrumb=null,0,0,Flat tasarım davlumbaz: tasarımıyla gözü hep tencerelerinizin üzerindedir.,5.263-00 TL,-,https://www.bosch-home.com.tr/yetkili-saticilar?product=DWF67KM60,-,Serie | 6,0,DirectSelect kontrol: arzulanan güç kademesi ve aydınlatma ayarını hızlı bir şekilde seçebilirsiniz.,EcoSilence Drive: yüksek verimli motorumuz- performanstan değil enerjiden tasarruf etmenizi sağlar.,LED aydınlatma: enerji verimliliği sayesinde ocağın mükemmel bir şekilde aydınlatılmasını sağlar.,Özellikle sessiz: yüksek performansta sadece 45 dB ses basıncı.,Emiş gücü: 739 m3/h- mutfağınızda kaliteli hava olmasını garanti eder.
B1ZMX18100,klimalar,klimalar ve ev konforu,Ev Tipi- 18.000 Btu Sınıfı- İnverter A++ Enerji Sınıfı Klima.,//media3.bosch-home.com/Product_Shots/600x600/MCSA02724573_B1ZMX18100_def.jpg,5242,https://www.bosch-home.com.tr/urun-listesi/klimalar-ve-ev-konforu/klimalar/B1ZMX18100?breadcrumb=null,0,0,Kısa sürede ortamı soğutabilen/ısıtabilen- kolay monte edilebilen yeni klima modeli,5.242-00 TL,-,https://www.bosch-home.com.tr/yetkili-saticilar?product=B1ZMX18100,B1ZMI18100 iç ünite ve B1ZMA18100 dış üniteyi içerir.,-,1516834800,Çapı büytülmüş iç ünite fanı sayesinde daha fazla miktarda hava üflemesi yapılır.Genişletilmiş boru giriş bölümü - genişletilmiş duvar askısı sayesinde kolay ve hızlı montaj.,Enerji verimlilik değerleri bağımsız Alman test kuruşu TÜV-SÜD tarafından kontrol edilmiş ve onaylanmıştır.,1 Watt standby özelliği ile enerji tasarrufu sağlar. Standby konumunda bir klima 4-5 Watt elektrik tüketimi yaparken- Cihaz standby konumunda otomatik olarak enerji tasarruf konumuna geçerek 1 Watt elektrk harcaması yapar.,İç ünitede 12 farklı fan kademesi sayesinde odada tam istenilen konforda hava akışı sağlanır.,
B1ZMX12725,klimalar,klimalar ve ev konforu,Ev Tipi- 12.000 Btu Sınıfı- İnverter A++ Enerji Sınıfı Klima.,//media3.bosch-home.com/Product_Shots/600x600/MCSA01750218_B1ZMAI09725-12725-18725-24725_def.jpg,5166,https://www.bosch-home.com.tr/urun-listesi/klimalar-ve-ev-konforu/klimalar/B1ZMX12725?breadcrumb=null,0,0,İç ünitede 12 farklı fan kademesi sayesinde odada tam istenilen konforda hava akışı sağlanır,5.166-00 TL,-,https://www.bosch-home.com.tr/yetkili-saticilar?product=B1ZMX12725,B1ZMI12725 iç ünite ile B1ZMA12725 dış üniteyi içerir.,-,1516834800,Wi-Fi Kontrol: ister akıllı telefonunuzdan ister bilgisayarınızdan internet üzerinden bulunduğunuz yerden - uzaktan kumanda ile yaptığınız tüm işlemleri yapabilir- odalarınızı eve ulaşmadan ısıtır/soğutabilirsiniz.,Soğutmada Enerji Verimlilik Sınıfı : A++,Enerji verimlilik değerleri bağımsız Alman test kuruşu TÜV-SÜD tarafından kontrol edilmiş ve onaylanmıştır.,Bilgisayar kontrol odaları yada güç merkezleri gibi devamlı serin tutulması gereken yerlerde iç ünitenin donup teçhizata zarar vermesini engellemek adına dış ünite fanının hızı-yoğunlaştırıcının ısısına göre değiştirilerek klimanın çok düşük dış ortam ısılarında dahi soğutma yapabilmesi sağlanır.,
KGN56UW30N,alttan donduruculu buzdolaplari,buzdolaplari derin dondurucular,NoFrost- Alttan donduruculu buzdolabı,//media3.bosch-home.com/Product_Shots/600x600/MCSA02464382_i3674_1839192_KGN56UW30N_cmyk_def.jpg,4330,https://www.bosch-home.com.tr/urun-listesi/buzdolaplari-derin-dondurucular/buzdolaplari/alttan-donduruculu-buzdolaplari/KGN56UW30N?breadcrumb=null,0,0,559 litre geniç iç hacme ve VitaFresh tazelik sistemine sahip NoFrost kombi buzdolabı- yiyecekleriniz için çok daha fazla saklama kapasitesi sunarken daha uzun süre taze kalmalarını sağlar!,4.330-00 TL,5.133-00 TL,https://www.bosch-home.com.tr/yetkili-saticilar?product=KGN56UW30N,-,Serie | 4,1527458400,Ayarlanabilir nem kontrol mekanizması sayesinde VitaFresh çekmecesinde meyve ve sebzeler daha uzun süre taze kalır.,Optimum konumu sayesinde aydınlık bir iç ortam sunarken gölgelenmeyi de engelleyen LED aydınlatmanın cihazın ömrü boyunca değiştirilmesi gerekmez.,A++ enerji sınıfı ile A sınıfı buzdolaplarına göre %40 daha az enerji harcar.,,
HWT591I60T,solo cift yakitli firinlar,pisirme grubu,Siyah,//media3.bosch-home.com/Product_Shots/600x600/MCSA02439046_107_FS_HWT591I60T_Bosch_B520_Black_def.jpg,4307,https://www.bosch-home.com.tr/urun-listesi/pisirme-grubu/solo-firinlar/solo-cift-yakitli-firinlar/HWT591I60T?breadcrumb=null,0,0,Solo fırın- gazlı ocak ve fırın: Tek seviyede mükemmel sonuçlara ulaşır.,4.307-00 TL,5.105-00 TL,https://www.bosch-home.com.tr/yetkili-saticilar?product=HWT591I60T,-,Serie | 6,1552431600,Temper camlı yüzey: zarif tasarım ve kolay temizlik,Wok ocak gözü: 3-3 kW'a kadar güçlü pişirme için çift alev sistemi,3D Hotair: ısının 3 tepsiye kadar optimum şekilde iletilmesini sağlar,LCD ekran ile ekstra fonksiyonlara kolaylıkla ulaşın.,SoftClose: Özel menteşe sistemi sayesinde yavaşça kapanan kapı
WTW85410TR,isi pompali kurutma makineleri,camasir ve kurutma makineleri,Kurutma Makinesi - Isı pompalı,//media3.bosch-home.com/Product_Shots/600x600/MCSA02716255_WTW85410TR_def.jpg,4305,https://www.bosch-home.com.tr/urun-listesi/camasir-ve-kurutma-makineleri/kurutma-makineleri/isi-pompali-kurutma-makineleri/WTW85410TR?breadcrumb=null,0,0,-,4.305-00 TL,5.104-00 TL,https://www.bosch-home.com.tr/yetkili-saticilar?product=WTW85410TR,8 kg A++,Serie | 6,1545692400,SelfCleaning Condenser™: Kendi kendini temizleyen kondanser ile manuel temizliğe gerek kalmaz ayrıca enerjiden tasarruf etmenizi sağlar.,SensitiveDrying: Özel tambur yapısı ile narin kurutma.,,,
GSN36VW30N,cekmeceli derin dondurucular,buzdolaplari derin dondurucular,NoFrost- Çekmeceli derin dondurucu,//media3.bosch-home.com/Product_Shots/600x600/MCSA02325618_i0467_1729374_GSN36VW30N_cmyk_def.jpg,4293,https://www.bosch-home.com.tr/urun-listesi/buzdolaplari-derin-dondurucular/derin-dondurucular/cekmeceli-derin-dondurucular/GSN36VW30N?breadcrumb=null,0,0,A++ enerji sınıfında NoFrost derin dondurucu minimum enerji ile maksimum performans sağlarken VarioZone sayesinde daha fazla esneklik sunar.,4.293-00 TL,5.089-00 TL,https://www.bosch-home.com.tr/yetkili-saticilar?product=GSN36VW30N,Beyaz kapılar,Serie | 4,1523916000,NoFrost: buz oluşmasına karşı mükemmel koruma sayesinde zaman ve enerji tüketen buz çözdürme işlemine bir daha hiç gerek kalmaz.,Elektronik sıcaklık kontrolü derin dondurucuyu kolayca istediğiniz sıcaklığa ayarlamanızı sağlar.,BigBox: Dondurulmuş büyük gıdalarınız için ekstra alan.,90 ° açılabilen kapısı sayesinde yerleştirildiği her alanda kolayca kullanılabilir.,
GSN33VW31N,cekmeceli derin dondurucular,buzdolaplari derin dondurucular,NoFrost- Çekmeceli derin dondurucu,//media3.bosch-home.com/Product_Shots/600x600/MCSA02325425_i0349_1729199_GSN33VW31N_cmyk_def.jpg,4196,https://www.bosch-home.com.tr/urun-listesi/buzdolaplari-derin-dondurucular/derin-dondurucular/cekmeceli-derin-dondurucular/GSN33VW31N?breadcrumb=null,0,0,246 litre iç hacme sahip 7 çekmeceli NoFrost derin dondurucu dondurulmuş gıdalarınızı güvenle saklamak için ekstra fazla alan sunar.,4.196-00 TL,4.975-00 TL,https://www.bosch-home.com.tr/yetkili-saticilar?product=GSN33VW31N,Beyaz kapılar,Serie | 4,1531432800,noFrost: Buz oluşmasına karşı mükemmel koruma sayesinde zaman ve enerji tüketen buz çözdürme işlemine bir daha hiç gerek kalmaz.,A++ enerji sınıfı ile A enerji sınıfı derin donduruculara göre %40 daha az enerji harcar.,Elektronik sıcaklık kontrolü sayesinde derin dondurucuyu kolayca istediğiniz sıcaklığa ayarlayabilirsiniz.,Derin dondurucunun içine ve dışına yerleştirilmiş sensörler sürekli olarak sıcaklık ölçümü yaparak dalgalanmaları en aza indirip çok daha uzun süre tazeliği garantilerler.,VarioZone: ihtiyaca göre düzenlenebilen raflar ve çekmeceler sayesinde daha fazla esneklik.
WTR85V0STR,isi pompali kurutma makineleri,camasir ve kurutma makineleri,Kurutma Makinesi - Isı pompalı,//media3.bosch-home.com/Product_Shots/600x600/MCSA02557367_WTR85V0STR_def.jpg,4191,https://www.bosch-home.com.tr/urun-listesi/camasir-ve-kurutma-makineleri/kurutma-makineleri/isi-pompali-kurutma-makineleri/WTR85V0STR?breadcrumb=null,0,0,-,4.191-00 TL,4.969-00 TL,https://www.bosch-home.com.tr/yetkili-saticilar?product=WTR85V0STR,8 kg A++,Serie | 4,1539813600,SensitiveDrying: Özel tambur yapısı ile narin kurutma.,Kolay temizlenen filtre ile kullanım kolaylığı sağlar.,,,
WAT2849XTR,camasir makineleri,camasir ve kurutma makineleri,Çamaşır Makinesi,//media3.bosch-home.com/Product_Shots/600x600/MCSA01752901_WAT2849XTR_def.jpg,4181,https://www.bosch-home.com.tr/urun-listesi/camasir-ve-kurutma-makineleri/camasir-makineleri/camasir-makineleri/WAT2849XTR?breadcrumb=null,0,0,-,4.181-00 TL,4.957-00 TL,https://www.bosch-home.com.tr/yetkili-saticilar?product=WAT2849XTR,9 kg 1400 devir A+++,Serie | 6,0,EcoSilence Drive™: 10 yıl garantili- uzun ömürlü motor. Sessiz çalışır ve enerji verimliliği yüksektir.,Enerji tüketim göstergesi: Seçilen programa göre enerji tüketim bilgisi.,VarioPerfect: %65* e varan oranda zaman; %50** ye varan oranda enerji tasarrufu. (*Pamuklular 40°C programında SpeedPerfect seçeneği ile program süresi karşılaştırması- ** Pamuklular 40°C programında EcoPerfect seçeneği ile enerji tüketimi karşılaştırması),,
KGN57VI22N,alttan donduruculu buzdolaplari,buzdolaplari derin dondurucular,NoFrost- Alttan donduruculu buzdolabı,//media3.bosch-home.com/Product_Shots/600x600/MCSA02023652_H4062_KGN57VI22N_1416491_STP_zu_def.jpg,4105,https://www.bosch-home.com.tr/urun-listesi/buzdolaplari-derin-dondurucular/buzdolaplari/alttan-donduruculu-buzdolaplari/KGN57VI22N?breadcrumb=null,0,0,505 litre iç hacme ve MultiBox tazelik sistemine sahip NoFrost kombi buzdolabı- yiyecekleriniz için daha uzun süre tazelik sunar.,4.105-00 TL,4.925-00 TL,https://www.bosch-home.com.tr/yetkili-saticilar?product=KGN57VI22N,-,Serie | 2,1496095200,MultiBox çekmecesinin dalgalı tabanı sayesinde meyve ve sebzeler standart tazelik sistemlerine göre daha uzun süre taze kalır.,MultiAirflow hava akış sistemi sayesinde buzdolabının içerisindeki her noktada eşit soğutma sağlanır.,Oldukça parlak bir iç ortam aydınlatması sunar.,A+ enerji sınıfı ile A enerji sınıfı buzdolaplarına göre %20 daha az enerji harcar.,
GSN29VW31N,cekmeceli derin dondurucular,buzdolaplari derin dondurucular,NoFrost- Çekmeceli derin dondurucu,//media3.bosch-home.com/Product_Shots/600x600/MCSA02323547_i0249_1727601_GSN29VW31N_cmyk_def.jpg,4067,https://www.bosch-home.com.tr/urun-listesi/buzdolaplari-derin-dondurucular/derin-dondurucular/cekmeceli-derin-dondurucular/GSN29VW31N?breadcrumb=null,0,0,221 litre iç hacme sahip 6 çekmeceli NoFrost derin dondurucu dondurulmuş gıdalarınızı güvenle saklamak için ekstra fazla alan sunar.,4.067-00 TL,4.822-00 TL,https://www.bosch-home.com.tr/yetkili-saticilar?product=GSN29VW31N,Beyaz kapılar,Serie | 4,1531432800,Elektronik sıcaklık kontrolü sayesinde derin dondurucuyu kolayca istediğiniz sıcaklığa ayarlayabilirsiniz.,Derin dondurucunun içine ve dışına yerleştirilmiş sensörler sürekli olarak sıcaklık ölçümü yaparak dalgalanmaları en aza indirip çok daha uzun süre tazeliği garantilerler.,noFrost: Buz oluşmasına karşı mükemmel koruma sayesinde zaman ve enerji tüketen buz çözdürme işlemine bir daha hiç gerek kalmaz.,VarioZone: ihtiyaca göre düzenlenebilen raflar ve çekmeceler sayesinde daha fazla esneklik.,BigBox: Dondurulmuş büyük gıdalarınız için ekstra alan sunar.
BEL634GS1,ankastre mikrodalga firinlar,pisirme grubu,Izgaralı Ankastre Mikrodalga Fırın,//media3.bosch-home.com/Product_Shots/600x600/MCSA00776837_423883_BEL634GS1_def.jpg,4760,https://www.bosch-home.com.tr/urun-listesi/pisirme-grubu/mikrodalga-firinlar/ankastre-mikrodalga-firinlar/BEL634GS1?breadcrumb=null,0,0,-,4.760-00 TL,-,https://www.bosch-home.com.tr/yetkili-saticilar?product=BEL634GS1,-,Serie | 8,0,AutoPilot 10: Önceden tanımlanmış olan 10 adet otomatik program sayesinde mükemmel sonuçlar,Otomatik ağırlık kontrolü: kolayca programı ve ağırlığı seçtiğinizde güç otomatik olarak ayarlanır,Izgara fonksiyonu: güçlü ızgarası sayesinde hızlı ve kolay ızgara yapabilirsiniz,Sola doğru açılabilen kapı,
DWB068J50,duvar tipi davlumbazlar,pisirme grubu,DWB068J50,//media3.bosch-home.com/Product_Shots/600x600/MCSA00762330_407258_DWB068J50_def.jpg,4756,https://www.bosch-home.com.tr/urun-listesi/pisirme-grubu/davlumbazlar-ve-aspiratorler/duvar-tipi-davlumbazlar/DWB068J50?breadcrumb=null,0,0,Duvar tipi davlumbaz: duvara monte edilen davlumbaz mutfağınızı planlamanız için size özgürlük verir.,4.756-00 TL,-,https://www.bosch-home.com.tr/yetkili-saticilar?product=DWB068J50,-,Serie | 8,1552431600,LED aydınlatma: enerji verimliliği sayesinde ocağın mükemmel bir şekilde aydınlatılmasını sağlar.,Özellikle sessiz: yüksek performansta sadece 46 dB ses basıncı.,Emiş gücü: 760 m3/h- mutfağınızda kaliteli hava olmasını garanti eder.,Yoğun hız ayarı: 6 dakika sonunda davlumbazı otomatik olarak normal hız ayarlarına getirir.,
KDV58VL30N,ustten donduruculu buzdolaplari,buzdolaplari derin dondurucular,LowFrost- Üstten donduruculu buzdolabı,//media3.bosch-home.com/Product_Shots/600x600/MCSA00598435_D8755_KDV58VL30_234841_def.jpg,4005,https://www.bosch-home.com.tr/urun-listesi/buzdolaplari-derin-dondurucular/buzdolaplari/ustten-donduruculu-buzdolaplari/KDV58VL30N?breadcrumb=null,0,0,514 litre iç hacme ve VitaFresh tazelik sistemine sahip LowFrost üstten donduruculu buzdolabı- yiyecekleriniz için daha uzun süre tazelik sunar.,4.005-00 TL,4.748-00 TL,https://www.bosch-home.com.tr/yetkili-saticilar?product=KDV58VL30N,-,Serie | 4,1482879600,Ayarlanabilir nem kontrol mekanizması sayesinde VitaFresh çekmecesinde meyve ve sebzeler daha uzun süre taze kalır.,Optimum konumu sayesinde aydınlık bir iç ortam sunarken gölgelenmeyi de engelleyen LED aydınlatmanın cihazın ömrü boyunca değiştirilmesi gerekmez.,,,
KDN56NI22N,ustten donduruculu buzdolaplari,buzdolaplari derin dondurucular,NoFrost- Üstten donduruculu buzdolabı,//media3.bosch-home.com/Product_Shots/600x600/MCSA01997521_H2676_KDN56NI22N_1393959_cmyk_def.jpg,3349,https://www.bosch-home.com.tr/urun-listesi/buzdolaplari-derin-dondurucular/buzdolaplari/ustten-donduruculu-buzdolaplari/KDN56NI22N?breadcrumb=null,0,0,507 litre iç hacme ve VitaFresh tazelik sistemine sahip NoFrost üstten donduruculu buzdolabı- yiyecekleriniz için daha fazla saklama kapasitesi ve uzun süre tazelik sunar.,3.349-00 TL,4.748-00 TL,https://www.bosch-home.com.tr/yetkili-saticilar?product=KDN56NI22N,-,Serie | 4,1497391200,Ayarlanabilir nem kontrol mekanizması sayesinde VitaFresh çekmecesinde meyve ve sebzeler daha uzun süre taze kalır.,"Buzdolabının diğer bölümlerine göre daha soğuk olan VitaFresh ""<>"" 0°C çekmecesi sayesinde kahvaltılıklarınız- et ve balık gibi hassas yiyecekleriniz 2 kata kadar daha uzun süre taze kalır.",Optimum konumu sayesinde aydınlık bir iç ortam sunarken gölgelenmeyi de engelleyen LED aydınlatmanın cihazın ömrü boyunca değiştirilmesi gerekmez.,A+ enerji sınıfı ile A enerji sınıfı buzdolaplarına göre %20 daha az enerji harcar.,
KGN46XW30N,alttan donduruculu buzdolaplari,buzdolaplari derin dondurucular,NoFrost- Alttan donduruculu buzdolabı,//media3.bosch-home.com/Product_Shots/600x600/MCSA01675552_G3465_KGN46XW30_1120608_def.jpg,4001,https://www.bosch-home.com.tr/urun-listesi/buzdolaplari-derin-dondurucular/buzdolaplari/alttan-donduruculu-buzdolaplari/KGN46XW30N?breadcrumb=null,0,0,-,4.001-00 TL,4.744-00 TL,https://www.bosch-home.com.tr/yetkili-saticilar?product=KGN46XW30N,-,Serie | 4,1493848800,Ayarlanabilir nem kontrol mekanizması sayesinde VitaFresh çekmecesinde meyve ve sebzeler daha uzun süre taze kalır.,"Buzdolabının diğer bölümlerine göre daha soğuk olan VitaFresh ""<>"" 0°C çekmecesi sayesinde kahvaltılıklarınız- et ve balık gibi hassas yiyecekleriniz 2 kata kadar daha uzun süre taze kalır.",Çekilebilen cam raflar sayesinde buzdolabındaki her şeye rahatça ulaşılabilir- yiyecekler kolayca alınıp geri konulabilir.,Cihazın ömrü boyunca sorunsuz çalışan LED aydınlatma buzdolabının içinde homojen bir aydınlatma sağlar ve parlama yapmaz.,VarioZone: ihtiyaca göre düzenlenebilen raflar ve çekmeceler sayesinde daha fazla esneklik.
HWR391I70T,solo cift yakitli firinlar,pisirme grubu,Inox,//media3.bosch-home.com/Product_Shots/600x600/MCSA02439649_106_FS_HWR391I70T_Bosch_B590_Inox_def.jpg,3995,https://www.bosch-home.com.tr/urun-listesi/pisirme-grubu/solo-firinlar/solo-cift-yakitli-firinlar/HWR391I70T?breadcrumb=null,0,0,Solo fırın- gazlı ocak ve fırın: Tek seviyede mükemmel sonuçlara ulaşır.,3.995-00 TL,4.736-00 TL,https://www.bosch-home.com.tr/yetkili-saticilar?product=HWR391I70T,-,Serie | 6,1552431600,Temper camlı yüzey: zarif tasarım ve kolay temizlik,Wok ocak gözü: 3-3 kW'a kadar güçlü pişirme için çift alev sistemi,3D Hotair: ısının 3 tepsiye kadar optimum şekilde iletilmesini sağlar,Dokunmatik LED ekran (kırmızı),SoftClose: Özel menteşe sistemi sayesinde yavaşça kapanan kapı
WTR85V00TR,isi pompali kurutma makineleri,camasir ve kurutma makineleri,Kurutma Makinesi - Isı pompalı,//media3.bosch-home.com/Product_Shots/600x600/MCSA02557365_WTR85V00TR_def.jpg,3985,https://www.bosch-home.com.tr/urun-listesi/camasir-ve-kurutma-makineleri/kurutma-makineleri/isi-pompali-kurutma-makineleri/WTR85V00TR?breadcrumb=null,0,0,-,3.985-00 TL,4.725-00 TL,https://www.bosch-home.com.tr/yetkili-saticilar?product=WTR85V00TR,8 kg A++,Serie | 4,1539813600,SensitiveDrying: Özel tambur yapısı ile narin kurutma.,Kolay temizlenen filtre ile kullanım kolaylığı sağlar.,,,
B1ZMX09725,klimalar,klimalar ve ev konforu,Ev Tipi- 9.000 Btu Sınıfı- İnverter A++ Enerji Sınıfı Klima.,//media3.bosch-home.com/Product_Shots/600x600/MCSA01750218_B1ZMAI09725-12725-18725-24725_def.jpg,4714,https://www.bosch-home.com.tr/urun-listesi/klimalar-ve-ev-konforu/klimalar/B1ZMX09725?breadcrumb=null,0,0,İç ünitede 12 farklı fan kademesi sayesinde odada tam istenilen konforda hava akışı sağlanır,4.714-00 TL,-,https://www.bosch-home.com.tr/yetkili-saticilar?product=B1ZMX09725,B1ZMI09725 iç ünite ile B1ZMA09725 dış üniteyi içerir.,-,1516834800,Wi-Fi Kontrol: ister akıllı telefonunuzdan ister bilgisayarınızdan internet üzerinden bulunduğunuz yerden - uzaktan kumanda ile yaptığınız tüm işlemleri yapabilir- odalarınızı eve ulaşmadan ısıtır/soğutabilirsiniz.,Soğutmada Enerji Verimlilik Sınıfı : A++,Enerji verimlilik değerleri bağımsız Alman test kuruşu TÜV-SÜD tarafından kontrol edilmiş ve onaylanmıştır.,Bilgisayar kontrol odaları yada güç merkezleri gibi devamlı serin tutulması gereken yerlerde iç ünitenin donup teçhizata zarar vermesini engellemek adına dış ünite fanının hızı-yoğunlaştırıcının ısısına göre değiştirilerek klimanın çok düşük dış ortam ısılarında dahi soğutma yapabilmesi sağlanır.,
HBG635BS1,ankastre firinlar,pisirme grubu,Inox,//media3.bosch-home.com/Product_Shots/600x600/MCSA00767213_411474_HBG635BS1_def.jpg,4672,https://www.bosch-home.com.tr/urun-listesi/pisirme-grubu/ankastre-firinlar/ankastre-firinlar/HBG635BS1?breadcrumb=null,0,0,Ankastre fırın: mükemmel pişirme performansı,4.672-00 TL,-,https://www.bosch-home.com.tr/yetkili-saticilar?product=HBG635BS1,-,Serie | 8,0,4D hot Air: her raf seviyesinde mükemmel sonuçlar için homojen ısı dağılımı,AutoPilot 10: Önceden tanımlanmış olan 10 adet otomatik program sayesinde mükemmel sonuçlar,TFT ekran: control ring sayesinde kolay kullanım,Daha az enerji tüketimi ile mükemmel pişirme sonuçları.,
PCT9A5B90,gazli ocaklar,pisirme grubu,PCT9A5B90,//media3.bosch-home.com/Product_Shots/600x600/MCSA01656856_PCT9A5B90_def.jpg,4643,https://www.bosch-home.com.tr/urun-listesi/pisirme-grubu/ocaklar/gazli-ocaklar/PCT9A5B90?breadcrumb=null,0,0,FlameSelect paslanmaz çelik ocak: tek bir ocak gözünde ayarlanabilir 9 hassas güç kademesi sayesinde mükemmel pişirme sonuçları sunar.,4.643-00 TL,-,https://www.bosch-home.com.tr/yetkili-saticilar?product=PCT9A5B90,-,Serie | 6,0,FlameSelect: 9 kademeli hassas alev ayarı,Çift halkalı wok ocak gözü: ikili alev sistemi ile 5 kW'a kadar güçlü pişirme,Döküm ızgara: dayanıklı ve güvenilir ocak ızgaraları ile pişirme kaplarınız pişirme süresince sarsılmaz,Kılıç Düğmeler : Ergonomik kullanım,Yüzey rengi : Paslanmaz çelik
KGV58VL30N,alttan donduruculu buzdolaplari,buzdolaplari derin dondurucular,LowFrost- Alttan donduruculu buzdolabı,//media3.bosch-home.com/Product_Shots/600x600/MCSA02538749_i7023_1907095_KGV58VL30N_def.jpg,3905,https://www.bosch-home.com.tr/urun-listesi/buzdolaplari-derin-dondurucular/buzdolaplari/alttan-donduruculu-buzdolaplari/KGV58VL30N?breadcrumb=null,0,0,A++ enerji sınıfında geniş hacimli buzdolabı meyve ve sebzeleri daha uzun süre taze tutar.,3.905-00 TL,4.632-00 TL,https://www.bosch-home.com.tr/yetkili-saticilar?product=KGV58VL30N,-,Serie | 4,1542582000,Geniş hacimli buzdolapları yiyecekler için çok daha fazla alan sunar.,VitaFresh Box : Nem ayarı sayesinde meyve ve sebzeler daha uzun süre taze kalır.,LowFrost: Daha az karlanma sayesinde daha az buz çözdürme işlemine ihtiyaç duyulur. Zaman ve enerji tasarrufu sağlar.,Cihazın ömrü boyunca sorunsuz çalışan LED aydınlatma buzdolabının içinde homojen bir aydınlatma sağlar ve parlama yapmaz.,BigBox: Dondurulmuş büyük gıdalarınız için ekstra alan.
KSV36VW30N,solo tek kapili buzdolaplari,buzdolaplari derin dondurucular,Tek kapılı buzdolabı,//media3.bosch-home.com/Product_Shots/600x600/MCSA02269095_H8845_1676752_KSV36VW30N_cmyk_def.jpg,3906,https://www.bosch-home.com.tr/urun-listesi/buzdolaplari-derin-dondurucular/tek-kapili-buzdolaplari/solo-tek-kapili-buzdolaplari/KSV36VW30N?breadcrumb=null,0,0,A++ enerji sınıfındaki buzdolabı minimum enerji ile maksimum perfromans sağlarken VitaFresh çekmecesi sayesinde meyve ve sebzeleri iki kat daha uzun süre taze tutar.,3.906-00 TL,4.631-00 TL,https://www.bosch-home.com.tr/yetkili-saticilar?product=KSV36VW30N,Beyaz kapılar,Serie | 4,0,Enerji verimliliği A++: çok tasarruflu soğutma yapar.,FlexShelf: Katlanıp açılabilen bu bölme ihtiyaç duyulduğunda buzdolabı içerisinde daha fazla alan yaratır.,Yüksekliği kolayca ayarlanabilir EasyLift raf daha esnek bir kullanım alanı yaratır.,90 ° açılabilen kapısı sayesinde yerleştirildiği her alanda kolayca kullanılabilir.,
SMI67MS00T,60cm genisliginde bulasik makineleri,bulasik makineleri,Yarı-Ankastre Bulaşık Makinesi 7 Program Inox,//media3.bosch-home.com/Product_Shots/600x600/MCSA01775759_G6897_SMI67MS00T_1208381_cmyk_def.jpg,4520,https://www.bosch-home.com.tr/urun-listesi/bulasik-makineleri/ankastre-bulasik-makineleri/60cm-genisliginde-bulasik-makineleri/SMI67MS00T?breadcrumb=null,0,0,Dokunmatik kontrolle kolay program seçimi- ekstra kurutma opsiyonu ile kupkuru bulaşıklar- üstelik A++ enerji sınıfında verimlilikle,4.520-00 TL,-,https://www.bosch-home.com.tr/yetkili-saticilar?product=SMI67MS00T,-,Serie | 6,0,VarioDrawer çatal-kaşıklar için ekstra 3. çekmece ve VarioFlex sepet sistemi ile maksimum yükleme kapasitesi ve daha fazla kullanım alanı.,Hassas bardak koruma teknolojisi- su sertliğini optimum düzeyde tutarak bardaklarınızı çizmeden parlaklığını- defalarca yıkamadan sonra bile korur.,varioSpeed Plus: 3 kat daha hızlı yıkama opsiyonu ve yüksek yıkama performansı.,Çok sessiz- sadece 46 dB.,IntensiveZone: Alt sepette oluşturulan yüksek püskürtme basıncı ve sıcaklık alanı sayesinde çok kirli tencere ve tavalar tertemiz olurken aynı anda üst sepette hassas bardakları yıkayabilirsiniz.
KGN46UW30N,alttan donduruculu buzdolaplari,buzdolaplari derin dondurucular,NoFrost- Alttan donduruculu buzdolabı,//media3.bosch-home.com/Product_Shots/600x600/MCSA03006269_J2257_2321922_KGN46UW30N_def.jpg,3805,https://www.bosch-home.com.tr/urun-listesi/buzdolaplari-derin-dondurucular/buzdolaplari/alttan-donduruculu-buzdolaplari/KGN46UW30N?breadcrumb=null,0,0,-,3.805-00 TL,4.511-00 TL,https://www.bosch-home.com.tr/yetkili-saticilar?product=KGN46UW30N,-,Serie | 4,1554069600,Ayarlanabilir nem kontrol mekanizması sayesinde VitaFresh çekmecesinde meyve ve sebzeler daha uzun süre taze kalır.,Çekilebilen cam raflar sayesinde buzdolabındaki her şeye rahatça ulaşılabilir- yiyecekler kolayca alınıp geri konulabilir.,Cihazın ömrü boyunca sorunsuz çalışan LED aydınlatma buzdolabının içinde homojen bir aydınlatma sağlar ve parlama yapmaz.,VarioZone: ihtiyaca göre düzenlenebilen raflar ve çekmeceler sayesinde daha fazla esneklik.,
PRP6A6D70,gazli ocaklar,pisirme grubu,PRP6A6D70,//media3.bosch-home.com/Product_Shots/600x600/MCSA01680331_PRP6A6D70_def.jpg,4477,https://www.bosch-home.com.tr/urun-listesi/pisirme-grubu/ocaklar/gazli-ocaklar/PRP6A6D70?breadcrumb=null,0,0,FlameSelect özelliğine sahip cam seramik ocak: 9 hassas alev ayarı sayesinde mükemmel pişirme sağlar.,4.477-00 TL,-,https://www.bosch-home.com.tr/yetkili-saticilar?product=PRP6A6D70,-,Serie | 8,0,FlameSelect: 9 kademeli hassas alev ayarı,Dijital gösterge: Daha fazla konfor ve daha fazla güvenlik için ocak gözünüzün alev seviyesini ve pişirme sonrası sıcaklığını gösterir.,Bulaşık makinasında yıkanabilen ocak ızgarası: pratik bir temizlik için bulaşık makinasında yıkamaya uygundur.,Cam seramik yüzey: yüksek ısıya dayanıklı ve kolay temizlenebilir yüzey,Döküm ızgara: dayanıklı ve güvenilir ocak ızgaraları ile pişirme kaplarınız pişirme süresince sarsılmaz
KUR15A50NE,tezgah alti ankastre buzdolaplari,buzdolaplari derin dondurucular,Ankastre tek kapılı buzdolabı,//media3.bosch-home.com/Product_Shots/600x600/MCSA049240_KUR15A65_def.jpg,4467,https://www.bosch-home.com.tr/urun-listesi/buzdolaplari-derin-dondurucular/tek-kapili-buzdolaplari/tezgah-alti-ankastre-buzdolaplari/KUR15A50NE?breadcrumb=null,0,0,Tezgah altı ankastre buzdolabı VarioShelf özelliği sayesinde şişeler ve tencereler için daha fazla alan sağlar.,4.467-00 TL,-,https://www.bosch-home.com.tr/yetkili-saticilar?product=KUR15A50NE,-,Serie | 2,0,Sebzelik- meyve ve sebzeler için ideal saklama alanı sunar.,VarioShelf: Birbirinden ayrılabilen raflar sayesinde şişeler ve tencereler için daha fazla alan sağlanır.,Kolay temizlenebilir emniyetli cam raflar.,,
KGN57VW22N,alttan donduruculu buzdolaplari,buzdolaplari derin dondurucular,NoFrost- Alttan donduruculu buzdolabı,//media3.bosch-home.com/Product_Shots/600x600/MCSA02023632_H4057_KGN57VW22N_1416456_STP_cmyk_def.jpg,3734,https://www.bosch-home.com.tr/urun-listesi/buzdolaplari-derin-dondurucular/buzdolaplari/alttan-donduruculu-buzdolaplari/KGN57VW22N?breadcrumb=null,0,0,505 litre iç hacme ve MultiBox tazelik sistemine sahip NoFrost kombi buzdolabı- yiyecekleriniz için daha uzun süre tazelik sunar.,3.734-00 TL,4.426-00 TL,https://www.bosch-home.com.tr/yetkili-saticilar?product=KGN57VW22N,-,Serie | 2,1496095200,MultiBox çekmecesinin dalgalı tabanı sayesinde meyve ve sebzeler standart tazelik sistemlerine göre daha uzun süre taze kalır.,MultiAirflow hava akış sistemi sayesinde buzdolabının içerisindeki her noktada eşit soğutma sağlanır.,Oldukça parlak bir iç ortam aydınlatması sunar.,A+ enerji sınıfı ile A enerji sınıfı buzdolaplarına göre %20 daha az enerji harcar.,
PRY6A6B70,gazli elektrikli ocaklar,pisirme grubu,60 cm- Ocak- cam seramik,//media3.bosch-home.com/Product_Shots/600x600/MCSA02415328_PRY6A6B70_GasHob_build-in_Bosch_STP_def.jpg,4418,https://www.bosch-home.com.tr/urun-listesi/pisirme-grubu/ocaklar/gazli-elektrikli-ocaklar/PRY6A6B70?breadcrumb=null,0,0,FlameSelect özelliğine sahip cam seramik ocak: 9 hassas alev ayarı sayesinde mükemmel pişirme sağlar.,4.418-00 TL,-,https://www.bosch-home.com.tr/yetkili-saticilar?product=PRY6A6B70,-,Serie | 8,1552431600,FlameSelect: 9 kademeli hassas alev ayarı,Bulaşık makinasında yıkanabilen ocak ızgarası: pratik bir temizlik için bulaşık makinasında yıkamaya uygundur.,Cam seramik yüzey: yüksek ısıya dayanıklı ve kolay temizlenebilir yüzey,Döküm ızgara: dayanıklı ve güvenilir ocak ızgaraları ile pişirme kaplarınız pişirme süresince sarsılmaz,
PPS9A6B90,gazli ocaklar,pisirme grubu,PPS9A6B90,//media3.bosch-home.com/Product_Shots/600x600/MCSA01683403_PPS9A6B90_def.jpg,4377,https://www.bosch-home.com.tr/urun-listesi/pisirme-grubu/ocaklar/gazli-ocaklar/PPS9A6B90?breadcrumb=null,0,0,FlameSelect özelliğine sahip gazlı sert cam ocak: 9 kademeli hassas alev ayarı sayesinde mükemmel pişirme,4.377-00 TL,-,https://www.bosch-home.com.tr/yetkili-saticilar?product=PPS9A6B90,-,Serie | 6,0,FlameSelect: 9 kademeli hassas alev ayarı,Wok ocak gözü: 4.2 kW'a kadar güçlü pişirme özelliği (gaz tipine bağlı olarak),Standart ve yarı gömülü ankastre seçenekleri: tezgaha sıfır veya tezgah yüzeyinden hafif yüksek kurulum arasında seçim yapabilme imkanı,Seramik cam yüzey: şık dizayn ve kolay temizleme,Döküm ızgara: dayanıklı ve güvenilir ocak ızgaraları ile pişirme kaplarınız pişirme süresince sarsılmaz
GCM34AW22N,sandik tipi derin dondurucular,buzdolaplari derin dondurucular,Sandık tipi derin dondurucu,//media3.bosch-home.com/Product_Shots/600x600/MCSA01842287_G9089_GCM34AW22N_1267649_cmyk_def.jpg,3658,https://www.bosch-home.com.tr/urun-listesi/buzdolaplari-derin-dondurucular/derin-dondurucular/sandik-tipi-derin-dondurucular/GCM34AW22N?breadcrumb=null,0,0,390 litre iç hacme sahip derin dondurucu yiyecekleriniz için ekstra fazla saklama alanı sunar.,3.658-00 TL,4.337-00 TL,https://www.bosch-home.com.tr/yetkili-saticilar?product=GCM34AW22N,Beyaz,Serie | 6,1491256800,İç aydınlatma sayesinde cihazın içinde optimum düzeyde aydınlatma sağlanır.,Cihazın geniş hacmi sayesinde yiyecekleriniz için ekstra fazla alan sağlanır.,Süper dondurma özelliği sayesinde dondurucuya yeni yerleştirilmiş gıdaların daha hızlı dondurulması sağlanırken donmuş gıdaların zarar görmesi engellenmiş olur.,Defrost suyu çıkış oluğu defrost suyunun kolayca tahliye edilmesini sağlar.,Ekonomi modu tek bir tuşla her zaman optimum dondurma sıcaklığına ulaşılmasını sağlar.
KDV58VW30N,ustten donduruculu buzdolaplari,buzdolaplari derin dondurucular,LowFrost- Üstten donduruculu buzdolabı,//media3.bosch-home.com/Product_Shots/600x600/MCSA00412638_D0022_KDV58VW30N_37053_def.jpg,3631,https://www.bosch-home.com.tr/urun-listesi/buzdolaplari-derin-dondurucular/buzdolaplari/ustten-donduruculu-buzdolaplari/KDV58VW30N?breadcrumb=null,0,0,514 litre iç hacme ve VitaFresh tazelik sistemine sahip LowFrost üstten donduruculu buzdolabı- yiyecekleriniz için daha uzun süre tazelik sunar.,3.631-00 TL,4.304-00 TL,https://www.bosch-home.com.tr/yetkili-saticilar?product=KDV58VW30N,-,Serie | 4,1482879600,Ayarlanabilir nem kontrol mekanizması sayesinde VitaFresh çekmecesinde meyve ve sebzeler daha uzun süre taze kalır.,Optimum konumu sayesinde aydınlık bir iç ortam sunarken gölgelenmeyi de engelleyen LED aydınlatmanın cihazın ömrü boyunca değiştirilmesi gerekmez.,,,
MUM9YX5S12,optimum mutfak makineleri,mutfak makineleri,OptiMUM,//media3.bosch-home.com/Product_Shots/600x600/MCSA01615179_G2267_MUM9YX5S12_1065257_def.jpg,3432,https://www.bosch-home.com.tr/urun-listesi/mutfak-makineleri/mum-mutfak-makineleri/optimum-mutfak-makineleri/MUM9YX5S12?breadcrumb=null,0,0,Yeni ince ve zarif tasarımıyla OptiMUM. Dahili tartısı- SensorControl Plus özelliği ve 1500W ile her seferinde kusursuz sonuçlar.,3.432-00 TL,4.301-00 TL,https://www.bosch-home.com.tr/yetkili-saticilar?product=MUM9YX5S12,Mutfak Makinesi,-,1493589600,O kadar pratik ki! Dahili tartısı sayesinde kullanacağınız bütün malzemeleri cihazın haznesinde tartın.,Akıllı SensorControl Plus teknolojisi sayesinde ekşi maya- krema ve yumurta beyazını çırparken her seferinde aynı kıvamı elde edin. Sayaç sayesinde çırpma sürelerinizi ister elle ister otomatik ayarlayın.,Ekstra güçlü 1500 Watt motoru ve akıllı yoğurma sensörü sayesinde kusursuz hamurlar- full metal gövdesi sayesinde dayanıklılık- profesyonel aksesuarları sayesinde de her ihtiyacınıza uygun.,3 Boyutta karıştırma özelliği sayesinde haznenin kenarlarında hiç malzeme bırakmadan kusursuz sonuçlar üretir. 5-5 litrelik geniş paslanmaz çelik haznesi ve tutma kolları sayesinde yemek hazırlamak çok kolay.,Her türlü emek ve hamur işleriniz için uyumlu çeşit çeşit aksesuarlar. Renkli kodlama sayesine aksesuarları nereye takacağınızı rahatça bulabileceksiniz.
WAT28780TR,camasir makineleri,camasir ve kurutma makineleri,Çamaşır Makinesi,//media3.bosch-home.com/Product_Shots/600x600/MCSA01629330_WAT28780TR_def.jpg,3615,https://www.bosch-home.com.tr/urun-listesi/camasir-ve-kurutma-makineleri/camasir-makineleri/camasir-makineleri/WAT28780TR?breadcrumb=null,0,0,-,3.615-00 TL,4.285-00 TL,https://www.bosch-home.com.tr/yetkili-saticilar?product=WAT28780TR,9 kg 1400 devir A+++,Serie | 6,1552431600,ActiveOxygen™: Düşük ısıda hijyenik temizlik,DirectSelect (Dokunmatik LED ekran) ve ışıklandırılmış on/off fonksiyonlu program düğmesi ile kolay program seçimi.,VarioDrum: Özel tambur yapısı sayesinde hassas ve efektif yıkama,EcoSilence Drive™: 10 yıl garantili- uzun ömürlü motor. Sessiz çalışır ve enerji verimliliği yüksektir.,
B1ZMX12810,klimalar,klimalar ve ev konforu,Ev Tipi- 12.000 Btu Sınıfı- İnverter A++ Enerji Sınıfı Klima.,//media3.bosch-home.com/Product_Shots/600x600/MCSA02082179_IMG_9865_def.jpg,4251,https://www.bosch-home.com.tr/urun-listesi/klimalar-ve-ev-konforu/klimalar/B1ZMX12810?breadcrumb=null,0,0,Yaratıcı ECO modu sayesinde 8 saat boyunca %60 daha az elektrik harcayarak konforlu bir uyku çekebilirsiniz.,4.251-00 TL,-,https://www.bosch-home.com.tr/yetkili-saticilar?product=B1ZMX12810,B1ZMI12810 iç ünite ile B1ZMA12810 dış üniteyi içerir.,-,1516834800,Wi-Fi Kontrol: ister akıllı telefonunuzdan ister bilgisayarınızdan internet üzerinden bulunduğunuz yerden - uzaktan kumanda ile yaptığınız tüm işlemleri yapabilir- odalarınızı eve ulaşmadan ısıtır/soğutabilirsiniz.,Soğutmada Enerji Verimlilik Sınıfı : A++,Enerji verimlilik değerleri bağımsız Alman test kuruşu TÜV-SÜD tarafından kontrol edilmiş ve onaylanmıştır.,İki renkli gizli display: ısıtmada panelde kırmızı- soğutmada ise mavi renk belirir.,
KDN56NW22N,ustten donduruculu buzdolaplari,buzdolaplari derin dondurucular,NoFrost- Üstten donduruculu buzdolabı,//media3.bosch-home.com/Product_Shots/600x600/MCSA01997386_H2684_KDN56NW22N_1393809_cmyk_def.jpg,2999,https://www.bosch-home.com.tr/urun-listesi/buzdolaplari-derin-dondurucular/buzdolaplari/ustten-donduruculu-buzdolaplari/KDN56NW22N?breadcrumb=null,0,0,507 litre iç hacme ve VitaFresh tazelik sistemine sahip NoFrost üstten donduruculu buzdolabı- yiyecekleriniz için daha fazla saklama kapasitesi ve uzun süre tazelik sunar.,2.999-00 TL,4.226-00 TL,https://www.bosch-home.com.tr/yetkili-saticilar?product=KDN56NW22N,-,Serie | 4,1491343200,Ayarlanabilir nem kontrol mekanizması sayesinde VitaFresh çekmecesinde meyve ve sebzeler daha uzun süre taze kalır.,"Buzdolabının diğer bölümlerine göre daha soğuk olan VitaFresh ""<>"" 0°C çekmecesi sayesinde kahvaltılıklarınız- et ve balık gibi hassas yiyecekleriniz 2 kata kadar daha uzun süre taze kalır.",Optimum konumu sayesinde aydınlık bir iç ortam sunarken gölgelenmeyi de engelleyen LED aydınlatmanın cihazın ömrü boyunca değiştirilmesi gerekmez.,A+ enerji sınıfı ile A enerji sınıfı buzdolaplarına göre %20 daha az enerji harcar.,
KGV58VW31N,alttan donduruculu buzdolaplari,buzdolaplari derin dondurucular,LowFrost- Alttan donduruculu buzdolabı,//media3.bosch-home.com/Product_Shots/600x600/MCSA02538796_i8945_1907147_KGV58VW31N_STP_closed_def.jpg,3560,https://www.bosch-home.com.tr/urun-listesi/buzdolaplari-derin-dondurucular/buzdolaplari/alttan-donduruculu-buzdolaplari/KGV58VW31N?breadcrumb=null,0,0,A++ enerji sınıfında geniş hacimli buzdolabı meyve ve sebzeleri daha uzun süre taze tutar.,3.560-00 TL,4.224-00 TL,https://www.bosch-home.com.tr/yetkili-saticilar?product=KGV58VW31N,-,Serie | 4,1542582000,Geniş hacimli buzdolapları yiyecekler için çok daha fazla alan sunar.,VitaFresh Box : Nem ayarı sayesinde meyve ve sebzeler daha uzun süre taze kalır.,LowFrost: Daha az karlanma sayesinde daha az buz çözdürme işlemine ihtiyaç duyulur. Zaman ve enerji tasarrufu sağlar.,BigBox: Dondurulmuş büyük gıdalarınız için ekstra alan.,VarioZone: ihtiyaca göre düzenlenebilen raflar ve çekmeceler sayesinde daha fazla esneklik.
PPQ7A8B90,gazli ocaklar,pisirme grubu,PPQ7A8B90,//media3.bosch-home.com/Product_Shots/600x600/MCSA01656705_PPQ7A8B90_def.jpg,4201,https://www.bosch-home.com.tr/urun-listesi/pisirme-grubu/ocaklar/gazli-ocaklar/PPQ7A8B90?breadcrumb=null,0,0,FlameSelect özelliğine sahip gazlı sert cam ocak: 9 kademeli hassas alev ayarı sayesinde mükemmel pişirme,4.201-00 TL,-,https://www.bosch-home.com.tr/yetkili-saticilar?product=PPQ7A8B90,-,Serie | 6,0,FlameSelect: 9 kademeli hassas alev ayarı,Wok ocak gözü: 4.2 kW'a kadar güçlü pişirme özelliği (gaz tipine bağlı olarak),Standart ve yarı gömülü ankastre seçenekleri: tezgaha sıfır veya tezgah yüzeyinden hafif yüksek kurulum arasında seçim yapabilme imkanı,Seramik cam yüzey: şık dizayn ve kolay temizleme,Döküm ızgara: dayanıklı ve güvenilir ocak ızgaraları ile pişirme kaplarınız pişirme süresince sarsılmaz
PPQ7A2B20,gazli ocaklar,pisirme grubu,PPQ7A2B20,//media3.bosch-home.com/Product_Shots/600x600/MCSA01656688_PPQ7A2B20_def.jpg,4190,https://www.bosch-home.com.tr/urun-listesi/pisirme-grubu/ocaklar/gazli-ocaklar/PPQ7A2B20?breadcrumb=null,0,0,FlameSelect özelliğine sahip gazlı sert cam ocak: 9 kademeli hassas alev ayarı sayesinde mükemmel pişirme,4.190-00 TL,-,https://www.bosch-home.com.tr/yetkili-saticilar?product=PPQ7A2B20,-,Serie | 6,0,FlameSelect: 9 kademeli hassas alev ayarı,Wok ocak gözü: 4.2 kW'a kadar güçlü pişirme özelliği (gaz tipine bağlı olarak),Standart ve yarı gömülü ankastre seçenekleri: tezgaha sıfır veya tezgah yüzeyinden hafif yüksek kurulum arasında seçim yapabilme imkanı,Seramik cam yüzey: şık dizayn ve kolay temizleme,Bulaşık makinasında yıkanabilen döküm ocak ızgarası: yüksek dayanklılık ve kolay tutuş
KDV58VW20N,ustten donduruculu buzdolaplari,buzdolaplari derin dondurucular,LowFrost- Üstten donduruculu buzdolabı,//media3.bosch-home.com/Product_Shots/600x600/MCSA00412638_D0022_KDV58VW30N_37053_def.jpg,3519,https://www.bosch-home.com.tr/urun-listesi/buzdolaplari-derin-dondurucular/buzdolaplari/ustten-donduruculu-buzdolaplari/KDV58VW20N?breadcrumb=null,0,0,514 litre iç hacme ve VitaFresh tazelik sistemine sahip LowFrost üstten donduruculu buzdolabı- yiyecekleriniz için daha uzun süre tazelik sunar.,3.519-00 TL,4.172-00 TL,https://www.bosch-home.com.tr/yetkili-saticilar?product=KDV58VW20N,-,Serie | 4,1482879600,Ayarlanabilir nem kontrol mekanizması sayesinde VitaFresh çekmecesinde meyve ve sebzeler daha uzun süre taze kalır.,Optimum konumu sayesinde aydınlık bir iç ortam sunarken gölgelenmeyi de engelleyen LED aydınlatmanın cihazın ömrü boyunca değiştirilmesi gerekmez.,A+ enerji sınıfı ile A enerji sınıfı buzdolaplarına göre %20 daha az enerji harcar.,,
B1ZMX12406,klimalar,klimalar ve ev konforu,Yeni enerji yönetmeliğine uygun- inverter A+ enerji sınıfı split klima iç ünite,//media3.bosch-home.com/Product_Shots/600x600/MCSA02616987_B1ZMX09406_def.jpg,4153,https://www.bosch-home.com.tr/urun-listesi/klimalar-ve-ev-konforu/klimalar/B1ZMX12406?breadcrumb=null,0,0,Kısa sürede ortamı soğutabilen/ısıtabilen- kolay monte edilebilen yeni klima modeli,4.153-00 TL,-,https://www.bosch-home.com.tr/yetkili-saticilar?product=B1ZMX12406,B1ZMI12406 iç ünite ile B1ZMA12406 dış üniteyi içerir.,-,1526594400,Çapı büytülmüş iç ünite fanı sayesinde daha fazla miktarda hava üflemesi yapılır.Genişletilmiş boru giriş bölümü - genişletilmiş duvar askısı sayesinde kolay ve hızlı montaj.,Enerji verimlilik değerleri bağımsız Alman test kuruşu TÜV-SÜD tarafından kontrol edilmiş ve onaylanmıştır.,1 Watt standby özelliği ile enerji tasarrufu sağlar. Standby konumunda bir klima 4-5 Watt elektrik tüketimi yaparken- Cihaz standby konumunda otomatik olarak enerji tasarruf konumuna geçerek 1 Watt elektrk harcaması yapar.,İç ünitede 12 farklı fan kademesi sayesinde odada tam istenilen konforda hava akışı sağlanır.,
GCZ30AW20N,sandik tipi derin dondurucular,buzdolaplari derin dondurucular,Sandık tipi derin dondurucu,//media3.bosch-home.com/Product_Shots/600x600/MCSA02664627_i9770_2016951_GCZ30AW20N_def.jpg,3502,https://www.bosch-home.com.tr/urun-listesi/buzdolaplari-derin-dondurucular/derin-dondurucular/sandik-tipi-derin-dondurucular/GCZ30AW20N?breadcrumb=null,0,0,Geniş hacimli derin dondurucunuzun sunduğu Dondurucu ve Soğutucu olarak iki farklı kullanım modu sayesinde mevsimsel ihtiyaçlarınızı kolaylıkla karşılayabilirsiniz !,3.502-00 TL,4.152-00 TL,https://www.bosch-home.com.tr/yetkili-saticilar?product=GCZ30AW20N,Beyaz,Serie | 6,1537221600,Cihazın geniş hacmi sayesinde yiyecekleriniz için ekstra fazla alan sağlanır.,A+ enerji sınıfı ile A enerji sınıfı derin donduruculara göre %20 daha az enerji harcar.,Defrost suyu çıkış oluğu defrost suyunun kolayca tahliye edilmesini sağlar.,,
GCM28AW22N,sandik tipi derin dondurucular,buzdolaplari derin dondurucular,Sandık tipi derin dondurucu,//media3.bosch-home.com/Product_Shots/600x600/MCSA01842195_G9088_GCM28AW22N_1267573_cmyk_def.jpg,3502,https://www.bosch-home.com.tr/urun-listesi/buzdolaplari-derin-dondurucular/derin-dondurucular/sandik-tipi-derin-dondurucular/GCM28AW22N?breadcrumb=null,0,0,311 litre iç hacme sahip derin dondurucu yiyecekleriniz için ekstra fazla saklama alanı sunar.,3.502-00 TL,4.152-00 TL,https://www.bosch-home.com.tr/yetkili-saticilar?product=GCM28AW22N,Beyaz,Serie | 6,1491256800,Cihazın geniş hacmi sayesinde yiyecekleriniz için ekstra fazla alan sağlanır.,Defrost suyu çıkış oluğu defrost suyunun kolayca tahliye edilmesini sağlar.,A+ enerji sınıfı ile A enerji sınıfı derin donduruculara göre %20 daha az enerji harcar.,,
SMS67NI01T,60cm genisliginde bulasik makineleri,bulasik makineleri,Bulaşık Makinesi 7 Program Inox,//media3.bosch-home.com/Product_Shots/600x600/MCSA02507129_i4366_1881209_SMS67NI01T_CMYK_def.jpg,3472,https://www.bosch-home.com.tr/urun-listesi/bulasik-makineleri/solo-bulasik-makineleri/60cm-genisliginde-bulasik-makineleri/SMS67NI01T?breadcrumb=null,0,0,3’lü Hijyen Teknolojisi: 3’lü Hijyen teknolojisine sahip bulaşık makinelerinin Ekstra Durulama- Ekstra Hijyen ve Machine Care opsiyonları ile bulaşıklarınızda ultra hijyen.,3.472-00 TL,4.116-00 TL,https://www.bosch-home.com.tr/yetkili-saticilar?product=SMS67NI01T,-,Serie | 6,1548975600,Machine Care (makine temizlik) fonksiyonu makinenizi kireç ve yağ kalıntılarından arındırır- ömrünü uzatır.,varioSpeed Plus: 3 kat daha hızlı yıkama opsiyonu ve yüksek yıkama performansı.,Hassas bardak koruma teknolojisi- su sertliğini optimum düzeyde tutarak bardaklarınızı çizmeden parlaklığını- defalarca yıkamadan sonra bile korur.,VarioDrawer çatal-kaşıklar için ekstra 3. çekmece ve VarioFlex sepet sistemi ile maksimum yükleme kapasitesi ve daha fazla kullanım alanı.,10 yıl garantili paslanmaz çelik taban ve iç hazne.
SMS67NI00T,60cm genisliginde bulasik makineleri,bulasik makineleri,Bulaşık Makinesi 7 Program Inox,//media3.bosch-home.com/Product_Shots/600x600/MCSA01916833_H0436_SMS67NI00T_1325553_CMYK_def.jpg,3472,https://www.bosch-home.com.tr/urun-listesi/bulasik-makineleri/solo-bulasik-makineleri/60cm-genisliginde-bulasik-makineleri/SMS67NI00T?breadcrumb=null,0,0,Dokunmatik kontrolle kolay program seçimi- ekstra kurutma opsiyonu ile kupkuru bulaşıklar- üstelik A++ enerji sınıfında verimlilikle,3.472-00 TL,4.116-00 TL,https://www.bosch-home.com.tr/yetkili-saticilar?product=SMS67NI00T,-,Serie | 6,1511132400,Machine Care (makine temizlik) fonksiyonu makinenizi kireç ve yağ kalıntılarından arındırır- ömrünü uzatır.,varioSpeed Plus: 3 kat daha hızlı yıkama opsiyonu ve yüksek yıkama performansı.,Hassas bardak koruma teknolojisi- su sertliğini optimum düzeyde tutarak bardaklarınızı çizmeden parlaklığını- defalarca yıkamadan sonra bile korur.,VarioDrawer çatal-kaşıklar için ekstra 3. çekmece ve VarioFlex sepet sistemi ile maksimum yükleme kapasitesi ve daha fazla kullanım alanı.,10 yıl garantili paslanmaz çelik taban ve iç hazne.
KDN46NL22N,ustten donduruculu buzdolaplari,buzdolaplari derin dondurucular,NoFrost- Üstten donduruculu buzdolabı,//media3.bosch-home.com/Product_Shots/600x600/MCSA01997514_H2641_KDN46NL22N_1393953_cmyk_def.jpg,3461,https://www.bosch-home.com.tr/urun-listesi/buzdolaplari-derin-dondurucular/buzdolaplari/ustten-donduruculu-buzdolaplari/KDN46NL22N?breadcrumb=null,0,0,401 litre iç hacme ve VitaFresh tazelik sistemine sahip NoFrost üstten donduruculu buzdolabı- yiyecekleriniz için daha uzun süre tazelik sunar.,3.461-00 TL,4.104-00 TL,https://www.bosch-home.com.tr/yetkili-saticilar?product=KDN46NL22N,-,Serie | 4,1491343200,Ayarlanabilir nem kontrol mekanizması sayesinde VitaFresh çekmecesinde meyve ve sebzeler daha uzun süre taze kalır.,"Buzdolabının diğer bölümlerine göre daha soğuk olan VitaFresh ""<>"" 0°C çekmecesi sayesinde kahvaltılıklarınız- et ve balık gibi hassas yiyecekleriniz 2 kata kadar daha uzun süre taze kalır.",Optimum konumu sayesinde aydınlık bir iç ortam sunarken gölgelenmeyi de engelleyen LED aydınlatmanın cihazın ömrü boyunca değiştirilmesi gerekmez.,A+ enerji sınıfı ile A enerji sınıfı buzdolaplarına göre %20 daha az enerji harcar.,
WAT28682TR,camasir makineleri,camasir ve kurutma makineleri,Çamaşır Makinesi,//media3.bosch-home.com/Product_Shots/600x600/MCSA01752905_WAT28682TR_def.jpg,3436,https://www.bosch-home.com.tr/urun-listesi/camasir-ve-kurutma-makineleri/camasir-makineleri/camasir-makineleri/WAT28682TR?breadcrumb=null,0,0,-,3.436-00 TL,4.073-00 TL,https://www.bosch-home.com.tr/yetkili-saticilar?product=WAT28682TR,9 kg 1400 devir A+++,Serie | 6,1552431600,E-Doz ile çamaşırlarınızın türünü- miktarını ve kirlilik oranını algılayarak- kullanılacak su ve deterjan miktarını hesaplar.,DirectSelect (Dokunmatik LED ekran) ve ışıklandırılmış on/off fonksiyonlu program düğmesi ile kolay program seçimi.,EcoSilence Drive™: 10 yıl garantili- uzun ömürlü motor. Sessiz çalışır ve enerji verimliliği yüksektir.,,
WTH83000TR,isi pompali kurutma makineleri,camasir ve kurutma makineleri,Kurutma Makinesi - Isı pompalı,//media3.bosch-home.com/Product_Shots/600x600/MCSA02454221_WTH83000TR_def.jpg,4048,https://www.bosch-home.com.tr/urun-listesi/camasir-ve-kurutma-makineleri/kurutma-makineleri/isi-pompali-kurutma-makineleri/WTH83000TR?breadcrumb=null,0,0,-,4.048-00 TL,-,https://www.bosch-home.com.tr/yetkili-saticilar?product=WTH83000TR,8 kg A+,Serie | 4,1539813600,SensitiveDrying: Özel tambur yapısı ile narin kurutma.,Kolay temizlenen filtre ile kullanım kolaylığı sağlar.,,,
HXR391H50T,solo cift yakitli firinlar,pisirme grubu,Inox,//media3.bosch-home.com/Product_Shots/600x600/MCSA02439300_156_FS_HXR391H50T_Bosch_B590_Inox_def.jpg,3354,https://www.bosch-home.com.tr/urun-listesi/pisirme-grubu/solo-firinlar/solo-cift-yakitli-firinlar/HXR391H50T?breadcrumb=null,0,0,Solo fırın- gazlı ocak ve fırın: Tek seviyede mükemmel sonuçlara ulaşır.,3.354-00 TL,3.976-00 TL,https://www.bosch-home.com.tr/yetkili-saticilar?product=HXR391H50T,-,Serie | 6,1552431600,Paslanmaz çelik gazlı ocak: Yüksek kalitesi ve üstün tasarımı- daha uzun süre pişirmenin keyfini çıkarmanızı sağlar.,Wok ocak gözü: 3-3 kW'a kadar güçlü pişirme için çift alev sistemi,3D Hotair: ısının 3 tepsiye kadar optimum şekilde iletilmesini sağlar,Dokunmatik LED ekran (kırmızı),
GCM24AW22N,sandik tipi derin dondurucular,buzdolaplari derin dondurucular,Sandık tipi derin dondurucu,//media3.bosch-home.com/Product_Shots/600x600/MCSA01842130_G9087_GCM24AW22N_1267496_cmyk_def.jpg,3319,https://www.bosch-home.com.tr/urun-listesi/buzdolaplari-derin-dondurucular/derin-dondurucular/sandik-tipi-derin-dondurucular/GCM24AW22N?breadcrumb=null,0,0,252 litre iç hacme sahip derin dondurucu yiyecekleriniz için ekstra fazla saklama alanı sunar.,3.319-00 TL,3.934-00 TL,https://www.bosch-home.com.tr/yetkili-saticilar?product=GCM24AW22N,Beyaz,Serie | 6,1491775200,İç aydınlatma sayesinde cihazın içinde optimum düzeyde aydınlatma sağlanır.,Cihazın geniş hacmi sayesinde yiyecekleriniz için ekstra fazla alan sağlanır.,Süper dondurma özelliği sayesinde dondurucuya yeni yerleştirilmiş gıdaların daha hızlı dondurulması sağlanırken donmuş gıdaların zarar görmesi engellenmiş olur.,Defrost suyu çıkış oluğu defrost suyunun kolayca tahliye edilmesini sağlar.,Ekonomi modu tek bir tuşla her zaman optimum dondurma sıcaklığına ulaşılmasını sağlar.
B1ZMX12604,klimalar,klimalar ve ev konforu,Ev Tipi- 12.000 Btu Sınıfı- İnverter A++ Enerji Sınıfı Klima.,//media3.bosch-home.com/Product_Shots/600x600/MCSA00824359_B1ZMI09603_def.jpg,3920,https://www.bosch-home.com.tr/urun-listesi/klimalar-ve-ev-konforu/klimalar/B1ZMX12604?breadcrumb=null,0,0,-,3.920-00 TL,-,https://www.bosch-home.com.tr/yetkili-saticilar?product=B1ZMX12604,B1ZMI12604 iç ünite ile B1ZMA12604 dış üniteyi içerir.,-,1516834800,Yeni enerji yönetmeliğine uygun- inverter A++ enerji sınıfı split tipi klima iç ünite,Soğutma kapasitesi : 11959 BTU/h,Isıtma kapasitesi :8686 BTU/h,Heat-Pump ısıtma,
B1ZMX12624,klimalar,klimalar ve ev konforu,Yeni enerji yönetmeliğine uygun- inverter A+ enerji sınıfı split klima iç ünite,//media3.bosch-home.com/Product_Shots/600x600/MCSA02616986_B1ZMX09624_def.jpg,3894,https://www.bosch-home.com.tr/urun-listesi/klimalar-ve-ev-konforu/klimalar/B1ZMX12624?breadcrumb=null,0,0,Kısa sürede ortamı soğutabilen/ısıtabilen- kolay monte edilebilen yeni klima modeli,3.894-00 TL,-,https://www.bosch-home.com.tr/yetkili-saticilar?product=B1ZMX12624,B1ZMI12624 iç ünite ile B1ZMA12624 dış üniteyi içerir.,-,1526594400,Çapı büytülmüş iç ünite fanı sayesinde daha fazla miktarda hava üflemesi yapılır.Genişletilmiş boru giriş bölümü - genişletilmiş duvar askısı sayesinde kolay ve hızlı montaj.,Enerji verimlilik değerleri bağımsız Alman test kuruşu TÜV-SÜD tarafından kontrol edilmiş ve onaylanmıştır.,1 Watt standby özelliği ile enerji tasarrufu sağlar. Standby konumunda bir klima 4-5 Watt elektrik tüketimi yaparken- Cihaz standby konumunda otomatik olarak enerji tasarruf konumuna geçerek 1 Watt elektrk harcaması yapar.,İç ünitede 12 farklı fan kademesi sayesinde odada tam istenilen konforda hava akışı sağlanır.,
B1ZMX09810,klimalar,klimalar ve ev konforu,Ev Tipi- 9.000 Btu Sınıfı- İnverter A++ Enerji Sınıfı Klima.,//media3.bosch-home.com/Product_Shots/600x600/MCSA02082179_IMG_9865_def.jpg,3866,https://www.bosch-home.com.tr/urun-listesi/klimalar-ve-ev-konforu/klimalar/B1ZMX09810?breadcrumb=null,0,0,Yaratıcı ECO modu sayesinde 8 saat boyunca %60 daha az elektrik harcayarak konforlu bir uyku çekebilirsiniz.,3.866-00 TL,-,https://www.bosch-home.com.tr/yetkili-saticilar?product=B1ZMX09810,B1ZMI09810 iç ünite ile B1ZMA09810 dış üniteyi içerir.,-,1516834800,Wi-Fi Kontrol: ister akıllı telefonunuzdan ister bilgisayarınızdan internet üzerinden bulunduğunuz yerden - uzaktan kumanda ile yaptığınız tüm işlemleri yapabilir- odalarınızı eve ulaşmadan ısıtır/soğutabilirsiniz.,Soğutmada Enerji Verimlilik Sınıfı : A++,Enerji verimlilik değerleri bağımsız Alman test kuruşu TÜV-SÜD tarafından kontrol edilmiş ve onaylanmıştır.,İki renkli gizli display: ısıtmada panelde kırmızı- soğutmada ise mavi renk belirir.,
DWB068E50,duvar tipi davlumbazlar,pisirme grubu,DWB068E50,//media3.bosch-home.com/Product_Shots/600x600/MCSA00661297_DWB068E50_def.jpg,3848,https://www.bosch-home.com.tr/urun-listesi/pisirme-grubu/davlumbazlar-ve-aspiratorler/duvar-tipi-davlumbazlar/DWB068E50?breadcrumb=null,0,0,Duvar tipi davlumbaz: duvara monte edilen davlumbaz mutfağınızı planlamanız için size özgürlük verir.,3.848-00 TL,-,https://www.bosch-home.com.tr/yetkili-saticilar?product=DWB068E50,-,Serie | 6,1552431600,LED aydınlatma: enerji verimliliği sayesinde ocağın mükemmel bir şekilde aydınlatılmasını sağlar.,Özellikle sessiz: yüksek performansta sadece 45 dB ses basıncı.,Emiş gücü: 790 m3/h- mutfağınızda kaliteli hava olmasını garanti eder.,Yoğun hız ayarı: 6 dakika sonunda davlumbazı otomatik olarak normal hız ayarlarına getirir.,
SMS67NW01T,60cm genisliginde bulasik makineleri,bulasik makineleri,Solo bulaşık makinesi,//media3.bosch-home.com/Product_Shots/600x600/MCSA02507125_i4364_1881206_SMS67NW01T_CMYK_def.jpg,3237,https://www.bosch-home.com.tr/urun-listesi/bulasik-makineleri/solo-bulasik-makineleri/60cm-genisliginde-bulasik-makineleri/SMS67NW01T?breadcrumb=null,0,0,3’lü Hijyen Teknolojisi: 3’lü Hijyen teknolojisine sahip bulaşık makinelerinin Ekstra Durulama- Ekstra Hijyen ve Machine Care opsiyonları ile bulaşıklarınızda ultra hijyen.,3.237-00 TL,3.837-00 TL,https://www.bosch-home.com.tr/yetkili-saticilar?product=SMS67NW01T,-,Serie | 6,1548975600,Machine Care (makine temizlik) fonksiyonu makinenizi kireç ve yağ kalıntılarından arındırır- ömrünü uzatır.,varioSpeed Plus: 3 kat daha hızlı yıkama opsiyonu ve yüksek yıkama performansı.,Hassas bardak koruma teknolojisi- su sertliğini optimum düzeyde tutarak bardaklarınızı çizmeden parlaklığını- defalarca yıkamadan sonra bile korur.,VarioDrawer çatal-kaşıklar için ekstra 3. çekmece ve VarioFlex sepet sistemi ile maksimum yükleme kapasitesi ve daha fazla kullanım alanı.,10 yıl garantili paslanmaz çelik taban ve iç hazne.
SMS67NW00T,60cm genisliginde bulasik makineleri,bulasik makineleri,Bulaşık Makinesi 7 Program Beyaz,//media3.bosch-home.com/Product_Shots/600x600/MCSA01916835_H0435_SMS67NW00T_1325554_CMYK_def.jpg,3237,https://www.bosch-home.com.tr/urun-listesi/bulasik-makineleri/solo-bulasik-makineleri/60cm-genisliginde-bulasik-makineleri/SMS67NW00T?breadcrumb=null,0,0,Dokunmatik kontrolle kolay program seçimi- ekstra kurutma opsiyonu ile kupkuru bulaşıklar- üstelik A++ enerji sınıfında verimlilikle,3.237-00 TL,3.837-00 TL,https://www.bosch-home.com.tr/yetkili-saticilar?product=SMS67NW00T,-,Serie | 6,1511132400,Machine Care (makine temizlik) fonksiyonu makinenizi kireç ve yağ kalıntılarından arındırır- ömrünü uzatır.,varioSpeed Plus: 3 kat daha hızlı yıkama opsiyonu ve yüksek yıkama performansı.,Hassas bardak koruma teknolojisi- su sertliğini optimum düzeyde tutarak bardaklarınızı çizmeden parlaklığını- defalarca yıkamadan sonra bile korur.,VarioDrawer çatal-kaşıklar için ekstra 3. çekmece ve VarioFlex sepet sistemi ile maksimum yükleme kapasitesi ve daha fazla kullanım alanı.,10 yıl garantili paslanmaz çelik taban ve iç hazne.
BBS1224,unlimited,elektrikli supurgeler,Kablosuz Dikey Süpürge,//media3.bosch-home.com/Product_Shots/600x600/MCSA02340571_i2077_1742502_BBS1224AU_def.jpg,2997,https://www.bosch-home.com.tr/urun-listesi/elektrikli-supurgeler/sarjli-dikey-supurgeler/unlimited/BBS1224?breadcrumb=null,0,0,Değiştirilebilir bataryalar ve hızlı şarj cihazı sayesinde hem kablosuz hem de sınırsız kullanım süresi*,2.997-00 TL,3.831-00 TL,https://www.bosch-home.com.tr/yetkili-saticilar?product=BBS1224,-,-,1538344800,Sınırsız kullanım süresi: Hızlı şarj cihazı ve 2 adet değiştirilebilir bataryası sayesinde bitmeyen gücüyle her zaman kullanımınıza hazır*,Power for ALL Sistemi: Bataryalar- 18 voltluk kablosuz Bosch Ev&Bahçe Aletleri (yeşil ürün grubu) ile uyumludur.,Tüm zeminlerde temizlik: Geniş aksesuar kiti sayesinde arabanız dahil her yeri tabandan tavana kadar kolaylıkla temizleyebilirsiniz,Güçlü temizlik performansı: All Floor High Power fırça ve DigitalSpin Motor teknolojisiyle tüm zeminlerde güçlü temizlik,Daha temiz hava çıkışı için uzun ömürlü hijyenik filtre ve kartuşlu filtre. Rotation Clean sistemi sayesinde yıkama gerektirmeyen filtre temizliği
KGN36NL30N,alttan donduruculu buzdolaplari,buzdolaplari derin dondurucular,NoFrost- Alttan donduruculu buzdolabı,//media3.bosch-home.com/Product_Shots/600x600/MCSA01981535_H2756_KGN36NL306_1382551_cmyk_def.jpg,3203,https://www.bosch-home.com.tr/urun-listesi/buzdolaplari-derin-dondurucular/buzdolaplari/alttan-donduruculu-buzdolaplari/KGN36NL30N?breadcrumb=null,0,0,329 litre iç hacme ve MultiBox tazelik sistemine sahip NoFrost üstten donduruculu buzdolabı- yiyecekleriniz için daha uzun süre tazelik sunar.,3.203-00 TL,3.798-00 TL,https://www.bosch-home.com.tr/yetkili-saticilar?product=KGN36NL30N,-,Serie | 2,1482879600,MultiBox çekmecesinin dalgalı tabanı sayesinde meyve ve sebzeler standart tazelik sistemlerine göre daha uzun süre taze kalır.,MultiAirflow hava akış sistemi sayesinde buzdolabının içerisindeki her noktada eşit soğutma sağlanır.,Optimum konumu sayesinde aydınlık bir iç ortam sunarken gölgelenmeyi de engelleyen LED aydınlatmanın cihazın ömrü boyunca değiştirilmesi gerekmez.,,
PRA3A6D70,domino ocaklar,pisirme grubu,PRA3A6D70,//media3.bosch-home.com/Product_Shots/600x600/MCSA01656668_PRA3A6D70_def.jpg,3783,https://www.bosch-home.com.tr/urun-listesi/pisirme-grubu/ocaklar/domino-ocaklar/PRA3A6D70?breadcrumb=null,0,0,FlameSelect domino gazlı ocak: 9 hassas alev ayarı sayesinde mükemmel pişirme,3.783-00 TL,-,https://www.bosch-home.com.tr/yetkili-saticilar?product=PRA3A6D70,-,Serie | 8,0,FlameSelect: 9 kademeli hassas alev ayarı,Dijital gösterge: Daha fazla konfor ve daha fazla güvenlik için ocak gözünüzün alev seviyesini ve pişirme sonrası sıcaklığını gösterir.,Dual wok ocak gözü (wok halkası ile birlikte): çok güçlü pişirme için 6 kW gücüne kadara ulaşabilen dual alev sistemi (gaz tipine göre değişkenlik gösterir).,Bulaşık makinasında yıkanabilen ocak ızgarası: pratik bir temizlik için bulaşık makinasında yıkamaya uygundur.,Cam seramik yüzey: yüksek ısıya dayanıklı ve kolay temizlenebilir yüzey
B1ZMX09406,klimalar,klimalar ve ev konforu,Yeni enerji yönetmeliğine uygun- inverter A+ enerji sınıfı split klima iç ünite,//media3.bosch-home.com/Product_Shots/600x600/MCSA02616987_B1ZMX09406_def.jpg,3781,https://www.bosch-home.com.tr/urun-listesi/klimalar-ve-ev-konforu/klimalar/B1ZMX09406?breadcrumb=null,0,0,Kısa sürede ortamı soğutabilen/ısıtabilen- kolay monte edilebilen yeni klima modeli,3.781-00 TL,-,https://www.bosch-home.com.tr/yetkili-saticilar?product=B1ZMX09406,B1ZMI09406 iç ünite ile B1ZMA09406 dış üniteyi içerir.,-,1526594400,Çapı büytülmüş iç ünite fanı sayesinde daha fazla miktarda hava üflemesi yapılır.Genişletilmiş boru giriş bölümü - genişletilmiş duvar askısı sayesinde kolay ve hızlı montaj.,Enerji verimlilik değerleri bağımsız Alman test kuruşu TÜV-SÜD tarafından kontrol edilmiş ve onaylanmıştır.,1 Watt standby özelliği ile enerji tasarrufu sağlar. Standby konumunda bir klima 4-5 Watt elektrik tüketimi yaparken- Cihaz standby konumunda otomatik olarak enerji tasarruf konumuna geçerek 1 Watt elektrk harcaması yapar.,İç ünitede 12 farklı fan kademesi sayesinde odada tam istenilen konforda hava akışı sağlanır.,
WAT2448STR,camasir makineleri,camasir ve kurutma makineleri,Çamaşır Makinesi,//media3.bosch-home.com/Product_Shots/600x600/MCSA02013130_WAT2448STR_def.jpg,3185,https://www.bosch-home.com.tr/urun-listesi/camasir-ve-kurutma-makineleri/camasir-makineleri/camasir-makineleri/WAT2448STR?breadcrumb=null,0,0,-,3.185-00 TL,3.775-00 TL,https://www.bosch-home.com.tr/yetkili-saticilar?product=WAT2448STR,9 kg 1200 devir A+++,Serie | 6,1501624800,EcoSilence Drive™: 10 yıl garantili- uzun ömürlü motor. Sessiz çalışır ve enerji verimliliği yüksektir.,Enerji tüketim göstergesi: Seçilen programa göre enerji tüketim bilgisi.,VarioPerfect: %65* e varan oranda zaman; %50** ye varan oranda enerji tasarrufu. (*Pamuklular 40°C programında SpeedPerfect seçeneği ile program süresi karşılaştırması- ** Pamuklular 40°C programında EcoPerfect seçeneği ile enerji tüketimi karşılaştırması),,
PPQ7A6B20,gazli ocaklar,pisirme grubu,PPQ7A6B20,//media3.bosch-home.com/Product_Shots/600x600/MCSA01656685_PPQ7A6B20_def.jpg,3757,https://www.bosch-home.com.tr/urun-listesi/pisirme-grubu/ocaklar/gazli-ocaklar/PPQ7A6B20?breadcrumb=null,0,0,FlameSelect özelliğine sahip gazlı sert cam ocak: 9 kademeli hassas alev ayarı sayesinde mükemmel pişirme,3.757-00 TL,-,https://www.bosch-home.com.tr/yetkili-saticilar?product=PPQ7A6B20,-,Serie | 6,0,FlameSelect: 9 kademeli hassas alev ayarı,Wok ocak gözü: 4.2 kW'a kadar güçlü pişirme özelliği (gaz tipine bağlı olarak),Standart ve yarı gömülü ankastre seçenekleri: tezgaha sıfır veya tezgah yüzeyinden hafif yüksek kurulum arasında seçim yapabilme imkanı,Seramik cam yüzey: şık dizayn ve kolay temizleme,Bulaşık makinasında yıkanabilen döküm ocak ızgarası: yüksek dayanklılık ve kolay tutuş
KDN53NL22N,ustten donduruculu buzdolaplari,buzdolaplari derin dondurucular,NoFrost- Üstten donduruculu buzdolabı,//media3.bosch-home.com/Product_Shots/600x600/MCSA01997104_H2658_KDN53NL22N_1393581_STP_CMYK_def.jpg,3150,https://www.bosch-home.com.tr/urun-listesi/buzdolaplari-derin-dondurucular/buzdolaplari/ustten-donduruculu-buzdolaplari/KDN53NL22N?breadcrumb=null,0,0,454 litre iç hacme ve VitaFresh tazelik sistemine sahip NoFrost üstten donduruculu buzdolabı- yiyecekleriniz için daha uzun süre tazelik sunar.,3.150-00 TL,3.735-00 TL,https://www.bosch-home.com.tr/yetkili-saticilar?product=KDN53NL22N,-,Serie | 4,1491775200,Ayarlanabilir nem kontrol mekanizması sayesinde VitaFresh çekmecesinde meyve ve sebzeler daha uzun süre taze kalır.,"Buzdolabının diğer bölümlerine göre daha soğuk olan VitaFresh ""<>"" 0°C çekmecesi sayesinde kahvaltılıklarınız- et ve balık gibi hassas yiyecekleriniz 2 kata kadar daha uzun süre taze kalır.",Optimum konumu sayesinde aydınlık bir iç ortam sunarken gölgelenmeyi de engelleyen LED aydınlatmanın cihazın ömrü boyunca değiştirilmesi gerekmez.,A+ enerji sınıfı ile A enerji sınıfı buzdolaplarına göre %20 daha az enerji harcar.,
B1ZMX12100,klimalar,klimalar ve ev konforu,Ev Tipi- 12.000 Btu Sınıfı- İnverter A+ Enerji Sınıfı Klima.,//media3.bosch-home.com/Product_Shots/600x600/MCSA01743306_B1ZMI12100_def.jpg,3680,https://www.bosch-home.com.tr/urun-listesi/klimalar-ve-ev-konforu/klimalar/B1ZMX12100?breadcrumb=null,0,0,Kısa sürede ortamı soğutabilen/ısıtabilen- kolay monte edilebilen yeni klima modeli,3.680-00 TL,-,https://www.bosch-home.com.tr/yetkili-saticilar?product=B1ZMX12100,B1ZMI12100 iç ünite ile B1ZMA12100 dış üniteyi içerir.,-,1516834800,Çapı büytülmüş iç ünite fanı sayesinde daha fazla miktarda hava üflemesi yapılır.Genişletilmiş boru giriş bölümü - genişletilmiş duvar askısı sayesinde kolay ve hızlı montaj.,Enerji verimlilik değerleri bağımsız Alman test kuruşu TÜV-SÜD tarafından kontrol edilmiş ve onaylanmıştır.,1 Watt standby özelliği ile enerji tasarrufu sağlar. Standby konumunda bir klima 4-5 Watt elektrik tüketimi yaparken- Cihaz standby konumunda otomatik olarak enerji tasarruf konumuna geçerek 1 Watt elektrk harcaması yapar.,İç ünitede 12 farklı fan kademesi sayesinde odada tam istenilen konforda hava akışı sağlanır.,
WAT28581TR,camasir makineleri,camasir ve kurutma makineleri,Çamaşır Makinesi,//media3.bosch-home.com/Product_Shots/600x600/MCSA01752903_WAT28581TR_def.jpg,3640,https://www.bosch-home.com.tr/urun-listesi/camasir-ve-kurutma-makineleri/camasir-makineleri/camasir-makineleri/WAT28581TR?breadcrumb=null,0,0,-,3.640-00 TL,-,https://www.bosch-home.com.tr/yetkili-saticilar?product=WAT28581TR,9 kg 1400 devir A+++,Serie | 6,1552431600,AntiStain: En sık rastlanan 4 lekeyi bulur ve yok eder.,DirectSelect (Dokunmatik LED ekran) ve ışıklandırılmış on/off fonksiyonlu program düğmesi ile kolay program seçimi.,EcoSilence Drive™: 10 yıl garantili- uzun ömürlü motor. Sessiz çalışır ve enerji verimliliği yüksektir.,,
PCQ7A5M90,gazli ocaklar,pisirme grubu,PCQ7A5M90,//media3.bosch-home.com/Product_Shots/600x600/MCSA01656834_PCQ7A5M90_def.jpg,3637,https://www.bosch-home.com.tr/urun-listesi/pisirme-grubu/ocaklar/gazli-ocaklar/PCQ7A5M90?breadcrumb=null,0,0,FlameSelect paslanmaz çelik ocak: tek bir ocak gözünde ayarlanabilir 9 hassas güç kademesi sayesinde mükemmel pişirme sonuçları sunar.,3.637-00 TL,-,https://www.bosch-home.com.tr/yetkili-saticilar?product=PCQ7A5M90,-,Serie | 6,0,FlameSelect: 9 kademeli hassas alev ayarı,Mainswitch: Düğmeyle temas halinde tüm ocağı kapatır.,Wok ocak gözü: 4.2 kW'a kadar güçlü pişirme özelliği (gaz tipine bağlı olarak),Döküm ızgara: dayanıklı ve güvenilir ocak ızgaraları ile pişirme kaplarınız pişirme süresince sarsılmaz,Kılıç Düğmeler : Ergonomik kullanım
WAT24581TR,camasir makineleri,camasir ve kurutma makineleri,Çamaşır Makinesi,//media3.bosch-home.com/Product_Shots/600x600/MCSA02877659_WAT24581TR_def.jpg,2965,https://www.bosch-home.com.tr/urun-listesi/camasir-ve-kurutma-makineleri/camasir-makineleri/camasir-makineleri/WAT24581TR?breadcrumb=null,0,0,Lekelerden kurtulmak hiç bu kadar kolay olmamıştı- hem de herhangi bir önişleme gerek olmadan,2.965-00 TL,3.636-00 TL,https://www.bosch-home.com.tr/yetkili-saticilar?product=WAT24581TR,9 kg 1200 devir A+++,Serie | 6,1552431600,AntiStain: En sık rastlanan 4 lekeyi bulur ve yok eder.,VarioDrum: Özel tambur yapısı sayesinde hassas ve efektif yıkama,DirectSelect (Dokunmatik LED ekran) ve ışıklandırılmış on/off fonksiyonlu program düğmesi ile kolay program seçimi.,EcoSilence Drive™: 10 yıl garantili- uzun ömürlü motor. Sessiz çalışır ve enerji verimliliği yüksektir.,
HXR390H29T,solo cift yakitli firinlar,pisirme grubu,Beyaz,//media3.bosch-home.com/Product_Shots/600x600/MCSA02439774_154_FS_HXR390H20T_Bosch_B590_White_def.jpg,3040,https://www.bosch-home.com.tr/urun-listesi/pisirme-grubu/solo-firinlar/solo-cift-yakitli-firinlar/HXR390H29T?breadcrumb=null,0,0,Elektrikli solo fırın- gazlı ocak ve 3D HotAir: her katta eşit oranda optimal hava dolaşımı ile mükemmel pişirme deneyimi,3.040-00 TL,3.604-00 TL,https://www.bosch-home.com.tr/yetkili-saticilar?product=HXR390H29T,-,Serie | 6,0,Wok ocak gözü: 3-5 kW'a kadar güçlü pişirme için çift alev sistemi,3D Hotair: ısının 3 tepsiye kadar optimum şekilde iletilmesini sağlar,Dokunmatik LED ekran (kırmızı),,
HXR390H20T,solo cift yakitli firinlar,pisirme grubu,Beyaz,//media3.bosch-home.com/Product_Shots/600x600/MCSA02439774_154_FS_HXR390H20T_Bosch_B590_White_def.jpg,3040,https://www.bosch-home.com.tr/urun-listesi/pisirme-grubu/solo-firinlar/solo-cift-yakitli-firinlar/HXR390H20T?breadcrumb=null,0,0,Elektrikli solo fırın- gazlı ocak ve 3D HotAir: her katta eşit oranda optimal hava dolaşımı ile mükemmel pişirme deneyimi,3.040-00 TL,3.604-00 TL,https://www.bosch-home.com.tr/yetkili-saticilar?product=HXR390H20T,-,Serie | 6,1552431600,Wok ocak gözü: 3-3 kW'a kadar güçlü pişirme için çift alev sistemi,3D Hotair: ısının 3 tepsiye kadar optimum şekilde iletilmesini sağlar,Dokunmatik LED ekran (kırmızı),,
GSV33VI31N,cekmeceli derin dondurucular,buzdolaplari derin dondurucular,Çekmeceli derin dondurucu,//media3.bosch-home.com/Product_Shots/600x600/MCSA02044849_H5458_GSV33VI31N_1435755_cmyk_def.jpg,3027,https://www.bosch-home.com.tr/urun-listesi/buzdolaplari-derin-dondurucular/derin-dondurucular/cekmeceli-derin-dondurucular/GSV33VI31N?breadcrumb=null,0,0,242 litre iç hacme sahip 7 çekmeceli derin dondurucu dondurulmuş gıdalarınızı güvenle saklamak için ekstra fazla alan sunar.,3.027-00 TL,3.588-00 TL,https://www.bosch-home.com.tr/yetkili-saticilar?product=GSV33VI31N,Kolay temizlenebilir inox kapılar,Serie | 4,1502834400,Elektronik sıcaklık kontrolü sayesinde derin dondurucuyu kolayca istediğiniz sıcaklığa ayarlayabilirsiniz.,Derin dondurucunun içine ve dışına yerleştirilmiş sensörler sürekli olarak sıcaklık ölçümü yaparak dalgalanmaları en aza indirip çok daha uzun süre tazeliği garantilerler.,BigBox: Dondurulmuş büyük gıdalarınız için ekstra alan sunar.,A++ enerji sınıfı ile A enerji sınıfı derin donduruculara göre %40 daha az enerji harcar.,VarioZone: ihtiyaca göre düzenlenebilen raflar ve çekmeceler sayesinde daha fazla esneklik.
PKG775FP1E,elektrikli ocaklar,pisirme grubu,PKG775FP1E,//media3.bosch-home.com/Product_Shots/600x600/MCSA01715617_1156087_PKG775FP1E_def.jpg,3562,https://www.bosch-home.com.tr/urun-listesi/pisirme-grubu/ocaklar/elektrikli-ocaklar/PKG775FP1E?breadcrumb=null,0,0,Cam seramik elektrikli ocak: pişirmeyi ve temizlemeyi kolaylaştırır.,3.562-00 TL,-,https://www.bosch-home.com.tr/yetkili-saticilar?product=PKG775FP1E,-,Serie | 6,0,DirectSelect: İstenilen ocak gözünü- gücü ve ek fonksiyonları direk ve basitçe seçme,KonforProfil: Eğimli ön profil ve yanlarda metal şeritlerle zarif- çekici dizayn,PowerBoost: Kaynama süresini 20% kısaltan yüksek güç,Kapatma fonksiyonuna sahip zamanlayıcı: ocağın belirlenen süre sonunda kapanmasını sağlar,
DWQ66DM50,duvar tipi davlumbazlar,pisirme grubu,DWQ66DM50,//media3.bosch-home.com/Product_Shots/600x600/MCSA02002581_DWQ66DM50_ChimneyHood_Bosch_STP_def.jpg,3552,https://www.bosch-home.com.tr/urun-listesi/pisirme-grubu/davlumbazlar-ve-aspiratorler/duvar-tipi-davlumbazlar/DWQ66DM50?breadcrumb=null,0,0,-,3.552-00 TL,-,https://www.bosch-home.com.tr/yetkili-saticilar?product=DWQ66DM50,Duvar tipi davlumbaz- 60 cm,Serie | 4,0,TouchSelect kontrol: arzulanan güç ve aydınlatma ayarını hızlı bir şekilde seçebilirsiniz.,Emiş gücü: 610 m3/h- mutfağınızda kaliteli hava olmasını garanti eder.,Sessiz: çok az ses ile çok yüksek emiş performansı,,
B1ZMX09624,klimalar,klimalar ve ev konforu,Yeni enerji yönetmeliğine uygun- inverter A+ enerji sınıfı split klima iç ünite,//media3.bosch-home.com/Product_Shots/600x600/MCSA02616986_B1ZMX09624_def.jpg,3544,https://www.bosch-home.com.tr/urun-listesi/klimalar-ve-ev-konforu/klimalar/B1ZMX09624?breadcrumb=null,0,0,Kısa sürede ortamı soğutabilen/ısıtabilen- kolay monte edilebilen yeni klima modeli,3.544-00 TL,-,https://www.bosch-home.com.tr/yetkili-saticilar?product=B1ZMX09624,B1ZMI09624 iç ünite ile B1ZMA09624 dış üniteyi içerir.,-,1526594400,Çapı büytülmüş iç ünite fanı sayesinde daha fazla miktarda hava üflemesi yapılır.Genişletilmiş boru giriş bölümü - genişletilmiş duvar askısı sayesinde kolay ve hızlı montaj.,Enerji verimlilik değerleri bağımsız Alman test kuruşu TÜV-SÜD tarafından kontrol edilmiş ve onaylanmıştır.,1 Watt standby özelliği ile enerji tasarrufu sağlar. Standby konumunda bir klima 4-5 Watt elektrik tüketimi yaparken- Cihaz standby konumunda otomatik olarak enerji tasarruf konumuna geçerek 1 Watt elektrk harcaması yapar.,İç ünitede 12 farklı fan kademesi sayesinde odada tam istenilen konforda hava akışı sağlanır.,
WAT28480TR,camasir makineleri,camasir ve kurutma makineleri,Çamaşır Makinesi,//media3.bosch-home.com/Product_Shots/600x600/MCSA00788391_WAT28480TR_def.jpg,2964,https://www.bosch-home.com.tr/urun-listesi/camasir-ve-kurutma-makineleri/camasir-makineleri/camasir-makineleri/WAT28480TR?breadcrumb=null,0,0,-,2.964-00 TL,3.514-00 TL,https://www.bosch-home.com.tr/yetkili-saticilar?product=WAT28480TR,9 kg 1400 devir A+++,Serie | 6,1539122400,EcoSilence Drive™: 10 yıl garantili- uzun ömürlü motor. Sessiz çalışır ve enerji verimliliği yüksektir.,Enerji tüketim göstergesi: Seçilen programa göre enerji tüketim bilgisi.,VarioPerfect: %65* e varan oranda zaman; %50** ye varan oranda enerji tasarrufu. (*Pamuklular 40°C programında SpeedPerfect seçeneği ile program süresi karşılaştırması- ** Pamuklular 40°C programında EcoPerfect seçeneği ile enerji tüketimi karşılaştırması),,
WAT24480TR,camasir makineleri,camasir ve kurutma makineleri,Çamaşır Makinesi,//media3.bosch-home.com/Product_Shots/600x600/MCSA00788378_WAT24480TR_def.jpg,2859,https://www.bosch-home.com.tr/urun-listesi/camasir-ve-kurutma-makineleri/camasir-makineleri/camasir-makineleri/WAT24480TR?breadcrumb=null,0,0,-,2.859-00 TL,3.507-00 TL,https://www.bosch-home.com.tr/yetkili-saticilar?product=WAT24480TR,9 kg 1200 devir A+++,Serie | 6,0,EcoSilence Drive™: 10 yıl garantili- uzun ömürlü motor. Sessiz çalışır ve enerji verimliliği yüksektir.,Enerji tüketim göstergesi: Seçilen programa göre enerji tüketim bilgisi.,%65 e varan oranda zaman; %50 ye varan oranda enerji tasarrufu.,,
HXC390G20T,solo cift yakitli firinlar,pisirme grubu,Beyaz,//media3.bosch-home.com/Product_Shots/600x600/MCSA02439792_141_FS_HXC390G20T_Bosch_B590_White_def.jpg,2949,https://www.bosch-home.com.tr/urun-listesi/pisirme-grubu/solo-firinlar/solo-cift-yakitli-firinlar/HXC390G20T?breadcrumb=null,0,0,Elektrikli solo fırın- gazlı ocak ve 3D HotAir: her katta eşit oranda optimal hava dolaşımı ile mükemmel pişirme deneyimi,2.949-00 TL,3.497-00 TL,https://www.bosch-home.com.tr/yetkili-saticilar?product=HXC390G20T,-,Serie | 6,1552431600,Güçlü ocak gözü: 3kW'a kadar pişirme gücü,3D Hotair: ısının 3 tepsiye kadar optimum şekilde iletilmesini sağlar,Dokunmatik LED ekran (kırmızı),,
PPQ7A6B10,gazli ocaklar,pisirme grubu,PPQ7A6B10,//media3.bosch-home.com/Product_Shots/600x600/MCSA01656727_PPQ7A6B10_def.jpg,3477,https://www.bosch-home.com.tr/urun-listesi/pisirme-grubu/ocaklar/gazli-ocaklar/PPQ7A6B10?breadcrumb=null,0,0,FlameSelect özelliğine sahip gazlı sert cam ocak: 9 kademeli hassas alev ayarı sayesinde mükemmel pişirme,3.477-00 TL,-,https://www.bosch-home.com.tr/yetkili-saticilar?product=PPQ7A6B10,-,Serie | 6,0,FlameSelect: 9 kademeli hassas alev ayarı,Wok ocak gözü: 4.2 kW'a kadar güçlü pişirme özelliği (gaz tipine bağlı olarak),Standart ve yarı gömülü ankastre seçenekleri: tezgaha sıfır veya tezgah yüzeyinden hafif yüksek kurulum arasında seçim yapabilme imkanı,Seramik cam yüzey: şık dizayn ve kolay temizleme,Tekli çelik ızgara: kolay tutuş ve temizleme
PRB3A6D70,domino ocaklar,pisirme grubu,PRB3A6D70,//media3.bosch-home.com/Product_Shots/600x600/MCSA01656673_PRB3A6D70_def.jpg,3458,https://www.bosch-home.com.tr/urun-listesi/pisirme-grubu/ocaklar/domino-ocaklar/PRB3A6D70?breadcrumb=null,0,0,FlameSelect domino gazlı ocak: 9 hassas alev ayarı sayesinde mükemmel pişirme,3.458-00 TL,-,https://www.bosch-home.com.tr/yetkili-saticilar?product=PRB3A6D70,-,Serie | 8,0,FlameSelect: 9 kademeli hassas alev ayarı,Dijital gösterge: Daha fazla konfor ve daha fazla güvenlik için ocak gözünüzün alev seviyesini ve pişirme sonrası sıcaklığını gösterir.,Bulaşık makinasında yıkanabilen ocak ızgarası: pratik bir temizlik için bulaşık makinasında yıkamaya uygundur.,Cam seramik yüzey: yüksek ısıya dayanıklı ve kolay temizlenebilir yüzey,Döküm ızgara: dayanıklı ve güvenilir ocak ızgaraları ile pişirme kaplarınız pişirme süresince sarsılmaz
DWB097A50,duvar tipi davlumbazlar,pisirme grubu,DWB097A50,//media3.bosch-home.com/Product_Shots/600x600/MCSA00661325_DWB097A50_def.jpg,3454,https://www.bosch-home.com.tr/urun-listesi/pisirme-grubu/davlumbazlar-ve-aspiratorler/duvar-tipi-davlumbazlar/DWB097A50?breadcrumb=null,0,0,Duvar tipi davlumbaz: duvara monte edilen davlumbaz mutfağınızı planlamanız için size özgürlük verir.,3.454-00 TL,-,https://www.bosch-home.com.tr/yetkili-saticilar?product=DWB097A50,-,Serie | 4,1552431600,LED aydınlatma: enerji verimliliği sayesinde ocağın mükemmel bir şekilde aydınlatılmasını sağlar.,Özellikle sessiz: yüksek performansta sadece 41 dB ses basıncı.,Emiş gücü: 730 m3/h- mutfağınızda kaliteli hava olmasını garanti eder.,,
BEL554MS0,ankastre mikrodalga firinlar,pisirme grubu,Inox,//media3.bosch-home.com/Product_Shots/600x600/MCSA02032233_BEL554MS0_CompactOven_Bosch_STP_def.jpg,3446,https://www.bosch-home.com.tr/urun-listesi/pisirme-grubu/mikrodalga-firinlar/ankastre-mikrodalga-firinlar/BEL554MS0?breadcrumb=null,0,0,Ankastre mikrodalga fırın ile buz çözme- ısıtma ve yiyecek hazırlama için mükemmel çözüm,3.446-00 TL,-,https://www.bosch-home.com.tr/yetkili-saticilar?product=BEL554MS0,-,Serie | 6,0,Mikrodalga fonksiyonu: Buz çözme ve yeniden ısıtma ile zamandan tasarruf edin,AutoPilot 8: Otomatik 8 program ile mükemmel sonuçlar,Tek dokunuşla açılan kapak,Izgara fonksiyonu: Güçlü ızgarası sayesinde hızlı ve kolay ızgara yapabilirsiniz,
WAT2446STR,camasir makineleri,camasir ve kurutma makineleri,Çamaşır Makinesi,//media3.bosch-home.com/Product_Shots/600x600/MCSA02013128_WAT2446STR_def.jpg,2888,https://www.bosch-home.com.tr/urun-listesi/camasir-ve-kurutma-makineleri/camasir-makineleri/camasir-makineleri/WAT2446STR?breadcrumb=null,0,0,-,2.888-00 TL,3.424-00 TL,https://www.bosch-home.com.tr/yetkili-saticilar?product=WAT2446STR,8 kg 1200 devir A+++,Serie | 6,1499032800,EcoSilence Drive™: 10 yıl garantili- uzun ömürlü motor. Sessiz çalışır ve enerji verimliliği yüksektir.,Enerji tüketim göstergesi: Seçilen programa göre enerji tüketim bilgisi.,VarioPerfect: %65* e varan oranda zaman; %50** ye varan oranda enerji tasarrufu. (*Pamuklular 40°C programında SpeedPerfect seçeneği ile program süresi karşılaştırması- ** Pamuklular 40°C programında EcoPerfect seçeneği ile enerji tüketimi karşılaştırması),,
PKF675FP1E,elektrikli ocaklar,pisirme grubu,PKF675FP1E,//media3.bosch-home.com/Product_Shots/600x600/MCSA01715549_1155970_PKF675FP1E_def.jpg,3401,https://www.bosch-home.com.tr/urun-listesi/pisirme-grubu/ocaklar/elektrikli-ocaklar/PKF675FP1E?breadcrumb=null,0,0,Cam seramik elektrikli ocak: pişirmeyi ve temizlemeyi kolaylaştırır.,3.401-00 TL,-,https://www.bosch-home.com.tr/yetkili-saticilar?product=PKF675FP1E,-,Serie | 6,0,DirectSelect: İstenilen ocak gözünü- gücü ve ek fonksiyonları direk ve basitçe seçme,KonforProfil: Eğimli ön profil ve yanlarda metal şeritlerle zarif- çekici dizayn,PowerBoost: Kaynama süresini 20% kısaltan yüksek güç,Kapatma fonksiyonuna sahip zamanlayıcı: ocağın belirlenen süre sonunda kapanmasını sağlar,
SMS46JI01T,60cm genisliginde bulasik makineleri,bulasik makineleri,Solo bulaşık makinesi,//media3.bosch-home.com/Product_Shots/600x600/MCSA02875850_J0558_2200967_SMS46JI01T_CMYK_def.jpg,2862,https://www.bosch-home.com.tr/urun-listesi/bulasik-makineleri/solo-bulasik-makineleri/60cm-genisliginde-bulasik-makineleri/SMS46JI01T?breadcrumb=null,0,0,3’lü Hijyen Teknolojisi: 3’lü Hijyen teknolojisine sahip bulaşık makinelerinin Ekstra Durulama- Ekstra Hijyen ve Machine Care opsiyonları ile bulaşıklarınızda ultra hijyen.,2.862-00 TL,3.394-00 TL,https://www.bosch-home.com.tr/yetkili-saticilar?product=SMS46JI01T,-,Serie | 4,1550012400,Enerji Verimliliği Sınıfı: A++,Çok sessiz- sadece 48 dB.,Ekstra Hijyen Opsiyonu: Yıkama süresince bulaşıklar daha uzun süre yüksek sıcaklığa tabi tutularak üst düzey temizlik sağlanır.,varioSpeed Plus: 3 kat daha hızlı yıkama opsiyonu ve yüksek yıkama performansı.,
KDV47VW20N,ustten donduruculu buzdolaplari,buzdolaplari derin dondurucular,LowFrost- Üstten donduruculu buzdolabı,//media3.bosch-home.com/Product_Shots/600x600/MCSA00412641_D0023_KDV47VW30N_37056_def.jpg,2850,https://www.bosch-home.com.tr/urun-listesi/buzdolaplari-derin-dondurucular/buzdolaplari/ustten-donduruculu-buzdolaplari/KDV47VW20N?breadcrumb=null,0,0,405 litre iç hacme ve VitaFresh tazelik sistemine sahip LowFrost üstten donduruculu buzdolabı- yiyecekleriniz için daha uzun süre tazelik sunar.,2.850-00 TL,3.379-00 TL,https://www.bosch-home.com.tr/yetkili-saticilar?product=KDV47VW20N,-,Serie | 4,1482879600,Ayarlanabilir nem kontrol mekanizması sayesinde VitaFresh çekmecesinde meyve ve sebzeler daha uzun süre taze kalır.,Optimum konumu sayesinde aydınlık bir iç ortam sunarken gölgelenmeyi de engelleyen LED aydınlatmanın cihazın ömrü boyunca değiştirilmesi gerekmez.,A+ enerji sınıfı ile A enerji sınıfı buzdolaplarına göre %20 daha az enerji harcar.,,
WAT20480TR,camasir makineleri,camasir ve kurutma makineleri,Çamaşır Makinesi,//media3.bosch-home.com/Product_Shots/600x600/MCSA02013126_WAT20480TR_def.jpg,2837,https://www.bosch-home.com.tr/urun-listesi/camasir-ve-kurutma-makineleri/camasir-makineleri/camasir-makineleri/WAT20480TR?breadcrumb=null,0,0,-,2.837-00 TL,3.365-00 TL,https://www.bosch-home.com.tr/yetkili-saticilar?product=WAT20480TR,9 kg 1000 devir A+++,Serie | 6,1501624800,EcoSilence Drive™: 10 yıl garantili- uzun ömürlü motor. Sessiz çalışır ve enerji verimliliği yüksektir.,Enerji tüketim göstergesi: Seçilen programa göre enerji tüketim bilgisi.,%65 e varan oranda zaman; %50 ye varan oranda enerji tasarrufu.,,
B1ZMX09100,klimalar,klimalar ve ev konforu,Ev Tipi- 9.000 Btu Sınıfı- İnverter A+ Enerji Sınıfı Klima.,//media3.bosch-home.com/Product_Shots/600x600/MCSA01743306_B1ZMI12100_def.jpg,3359,https://www.bosch-home.com.tr/urun-listesi/klimalar-ve-ev-konforu/klimalar/B1ZMX09100?breadcrumb=null,0,0,Kısa sürede ortamı soğutabilen/ısıtabilen- kolay monte edilebilen yeni klima modeli,3.359-00 TL,-,https://www.bosch-home.com.tr/yetkili-saticilar?product=B1ZMX09100,B1ZMI09100 iç ünite ile B1ZMA09100 dış üniteyi içerir.,-,1516834800,Çapı büytülmüş iç ünite fanı sayesinde daha fazla miktarda hava üflemesi yapılır.Genişletilmiş boru giriş bölümü - genişletilmiş duvar askısı sayesinde kolay ve hızlı montaj.,Soğutmada Enerji Verimlilik Sınıfı : A,Enerji verimlilik değerleri bağımsız Alman test kuruşu TÜV-SÜD tarafından kontrol edilmiş ve onaylanmıştır.,1 Watt standby özelliği ile enerji tasarrufu sağlar. Standby konumunda bir klima 4-5 Watt elektrik tüketimi yaparken- Cihaz standby konumunda otomatik olarak enerji tasarruf konumuna geçerek 1 Watt elektrk harcaması yapar.,İç ünitede 12 farklı fan kademesi sayesinde odada tam istenilen konforda hava akışı sağlanır.
PPP6A9B20,gazli ocaklar,pisirme grubu,PPP6A9B20,//media3.bosch-home.com/Product_Shots/600x600/MCSA01675914_PPP6A9B20_def.jpg,3317,https://www.bosch-home.com.tr/urun-listesi/pisirme-grubu/ocaklar/gazli-ocaklar/PPP6A9B20?breadcrumb=null,0,0,FlameSelect özelliğine sahip gazlı sert cam ocak: 9 kademeli hassas alev ayarı sayesinde mükemmel pişirme,3.317-00 TL,-,https://www.bosch-home.com.tr/yetkili-saticilar?product=PPP6A9B20,-,Serie | 6,0,FlameSelect: 9 kademeli hassas alev ayarı,Standart ve yarı gömülü ankastre seçenekleri: tezgaha sıfır veya tezgah yüzeyinden hafif yüksek kurulum arasında seçim yapabilme imkanı,Seramik cam yüzey: şık dizayn ve kolay temizleme,Bulaşık makinasında yıkanabilen döküm ocak ızgarası: yüksek dayanklılık ve kolay tutuş,Kılıç Düğmeler : Ergonomik kullanım
HXA080D29T,solo cift yakitli firinlar,pisirme grubu,Beyaz,//media3.bosch-home.com/Product_Shots/600x600/MCSA02633419_343_FS_HXA080D29T_Bosch_B591_White_PGA1_def.jpg,2793,https://www.bosch-home.com.tr/urun-listesi/pisirme-grubu/solo-firinlar/solo-cift-yakitli-firinlar/HXA080D29T?breadcrumb=null,0,0,Solo fırın- gazlı ocak ve fırın: Tek seviyede mükemmel sonuçlara ulaşır.,2.793-00 TL,3.309-00 TL,https://www.bosch-home.com.tr/yetkili-saticilar?product=HXA080D29T,-,Serie | 2,1549839600,Güçlü ocak gözü: 3kW'a kadar pişirme gücü,3D Hotair: ısının 3 tepsiye kadar optimum şekilde iletilmesini sağlar,,,
HXA080D20T,solo cift yakitli firinlar,pisirme grubu,Beyaz,//media3.bosch-home.com/Product_Shots/600x600/MCSA02633418_342_FS_HXA080D20T_Bosch_B591_White_PGA1_def.jpg,2793,https://www.bosch-home.com.tr/urun-listesi/pisirme-grubu/solo-firinlar/solo-cift-yakitli-firinlar/HXA080D20T?breadcrumb=null,0,0,Solo fırın- gazlı ocak ve fırın: Tek seviyede mükemmel sonuçlara ulaşır.,2.793-00 TL,3.309-00 TL,https://www.bosch-home.com.tr/yetkili-saticilar?product=HXA080D20T,-,Serie | 2,1549839600,Güçlü ocak gözü: 3kW'a kadar pişirme gücü,3D Hotair: ısının 3 tepsiye kadar optimum şekilde iletilmesini sağlar,,,
WAK20260TR,camasir makineleri,camasir ve kurutma makineleri,Çamaşır Makinesi,//media3.bosch-home.com/Product_Shots/600x600/MCSA02128183_WAK20260TR_def.jpg,2149,https://www.bosch-home.com.tr/urun-listesi/camasir-ve-kurutma-makineleri/camasir-makineleri/camasir-makineleri/WAK20260TR?breadcrumb=null,0,0,-,2.149-00 TL,3.295-00 TL,https://www.bosch-home.com.tr/yetkili-saticilar?product=WAK20260TR,8 kg 1000 devir A+++,Serie | 4,1510268400,EcoSilence Drive™: 10 yıl garantili- uzun ömürlü motor. Sessiz çalışır ve enerji verimliliği yüksektir.,Yorgan programı ile yorganlarınız için hijyenik yıkama.,%65 e varan oranda zaman; %50 ye varan oranda enerji tasarrufu.,,
BIC630NW1,sicak tutma cekmecesi,pisirme grubu,Isıtma çekmecesi,//media3.bosch-home.com/Product_Shots/600x600/MCSA00776759_423822_BIC630NW1_def.jpg,3281,https://www.bosch-home.com.tr/urun-listesi/pisirme-grubu/sicak-tutma-cekmecesi/BIC630NW1?breadcrumb=null,0,0,Çok fonksiyonlu 14 cm'lik sıcak tutma çekmecesi: tabaklarınıza ön ısıtma yapmak- yiyeceklerinizi sıcak tutmak için ideal,3.281-00 TL,-,https://www.bosch-home.com.tr/yetkili-saticilar?product=BIC630NW1,-,Serie | 8,0,Bas-çek mekanizması: pratik yay mekanizması sayesinde kolay açılır kapanır,Kolay temizlik: temper cam için kolay temizlik,ColorGlass: paslanmaz çeliğe alternatif olarak parlak beyaz cam,,
BIC630NS1,sicak tutma cekmecesi,pisirme grubu,Isıtma çekmecesi,//media3.bosch-home.com/Product_Shots/600x600/MCSA00806964_447465_BIC630NS1_def.jpg,3281,https://www.bosch-home.com.tr/urun-listesi/pisirme-grubu/sicak-tutma-cekmecesi/BIC630NS1?breadcrumb=null,0,0,Çok fonksiyonlu 14 cm'lik sıcak tutma çekmecesi: tabaklarınıza ön ısıtma yapmak- yiyeceklerinizi sıcak tutmak için ideal,3.281-00 TL,-,https://www.bosch-home.com.tr/yetkili-saticilar?product=BIC630NS1,-,Serie | 8,0,Bas-çek mekanizması: pratik yay mekanizması sayesinde kolay açılır kapanır,Kolay temizlik: temper cam için kolay temizlik,,,
BGS7PRO1,toz torbasiz elektrikli supurgeler,elektrikli supurgeler,Relaxx'x Ultimate,//media3.bosch-home.com/Product_Shots/600x600/MCSA02123056_H6658_BGS7PRO1_1517665_korr2_def.jpg,2610,https://www.bosch-home.com.tr/urun-listesi/elektrikli-supurgeler/toz-torbasiz-elektrikli-supurgeler/BGS7PRO1?breadcrumb=null,0,0,Bazı ev aletlerinin özel isimleri olur.Çünkü kendileri de özeldir. Tıpkı; HomeProfessional gibi.,2.610-00 TL,3.269-00 TL,https://www.bosch-home.com.tr/yetkili-saticilar?product=BGS7PRO1,Torbasız Elektrikli Süpürge,-,1507500000,Benzersiz SensorBagless™ Teknolojisi: Minimum bakım ile inanılmaz sessiz ve güçlü,Halı ve sert zeminde ulaşılan en iyi temizleme performansı*,QuattroPower System: Benzersiz temizleme performansını düşük enerji tüketimiyle sunan Bosch teknolojisi,Tam otomatik SelfClean Sistemi: Toza temas etmeden filtre temizliği,Inovatif HEPA hijyenik filtre: yıkama veya filtreyi değiştirme yok. Ekstra maliyet yok. Alerjisi olnlar için soludugunuzdan daha temiz bir hava bırakır.
KDN53NW22N,ustten donduruculu buzdolaplari,buzdolaplari derin dondurucular,NoFrost- Üstten donduruculu buzdolabı,//media3.bosch-home.com/Product_Shots/600x600/MCSA01997020_H2671_KDN53NW22N_1393545_def.jpg,2755,https://www.bosch-home.com.tr/urun-listesi/buzdolaplari-derin-dondurucular/buzdolaplari/ustten-donduruculu-buzdolaplari/KDN53NW22N?breadcrumb=null,0,0,454 litre iç hacme ve VitaFresh tazelik sistemine sahip NoFrost üstten donduruculu buzdolabı- yiyecekleriniz için daha uzun süre tazelik sunar.,2.755-00 TL,3.266-00 TL,https://www.bosch-home.com.tr/yetkili-saticilar?product=KDN53NW22N,-,Serie | 4,1491775200,Ayarlanabilir nem kontrol mekanizması sayesinde VitaFresh çekmecesinde meyve ve sebzeler daha uzun süre taze kalır.,"Buzdolabının diğer bölümlerine göre daha soğuk olan VitaFresh ""<>"" 0°C çekmecesi sayesinde kahvaltılıklarınız- et ve balık gibi hassas yiyecekleriniz 2 kata kadar daha uzun süre taze kalır.",Optimum konumu sayesinde aydınlık bir iç ortam sunarken gölgelenmeyi de engelleyen LED aydınlatmanın cihazın ömrü boyunca değiştirilmesi gerekmez.,A+ enerji sınıfı ile A enerji sınıfı buzdolaplarına göre %20 daha az enerji harcar.,
HXA080H59T,solo cift yakitli firinlar,pisirme grubu,Inox,//media3.bosch-home.com/Product_Shots/600x600/MCSA02633421_345_FS_HXA080H59T_Bosch_B591_Inox_PGA1_def.jpg,2749,https://www.bosch-home.com.tr/urun-listesi/pisirme-grubu/solo-firinlar/solo-cift-yakitli-firinlar/HXA080H59T?breadcrumb=null,0,0,Solo fırın- gazlı ocak ve fırın: Tek seviyede mükemmel sonuçlara ulaşır.,2.749-00 TL,3.260-00 TL,https://www.bosch-home.com.tr/yetkili-saticilar?product=HXA080H59T,-,Serie | 2,1549839600,Paslanmaz çelik gazlı ocak: Yüksek kalitesi ve üstün tasarımı- daha uzun süre pişirmenin keyfini çıkarmanızı sağlar.,Wok ocak gözü: 3-5 kW'a kadar güçlü pişirme için çift alev sistemi,3D Hotair: ısının 3 tepsiye kadar optimum şekilde iletilmesini sağlar,,
HXA080H50T,solo cift yakitli firinlar,pisirme grubu,Inox,//media3.bosch-home.com/Product_Shots/600x600/MCSA02633420_344_FS_HXA080H50T_Bosch_B591_Inox_PGA1_def.jpg,2749,https://www.bosch-home.com.tr/urun-listesi/pisirme-grubu/solo-firinlar/solo-cift-yakitli-firinlar/HXA080H50T?breadcrumb=null,0,0,Solo fırın- gazlı ocak ve fırın: Tek seviyede mükemmel sonuçlara ulaşır.,2.749-00 TL,3.260-00 TL,https://www.bosch-home.com.tr/yetkili-saticilar?product=HXA080H50T,-,Serie | 2,1549839600,Paslanmaz çelik gazlı ocak: Yüksek kalitesi ve üstün tasarımı- daha uzun süre pişirmenin keyfini çıkarmanızı sağlar.,Wok ocak gözü: 3-3 kW'a kadar güçlü pişirme için çift alev sistemi,3D Hotair: ısının 3 tepsiye kadar optimum şekilde iletilmesini sağlar,,
SMS46JW01T,60cm genisliginde bulasik makineleri,bulasik makineleri,Solo bulaşık makinesi,//media3.bosch-home.com/Product_Shots/600x600/MCSA02875856_J0561_2200970_SMS46JW01T_CMYK_def.jpg,2738,https://www.bosch-home.com.tr/urun-listesi/bulasik-makineleri/solo-bulasik-makineleri/60cm-genisliginde-bulasik-makineleri/SMS46JW01T?breadcrumb=null,0,0,3’lü Hijyen Teknolojisi: 3’lü Hijyen teknolojisine sahip bulaşık makinelerinin Ekstra Durulama- Ekstra Hijyen ve Machine Care opsiyonları ile bulaşıklarınızda ultra hijyen.,2.738-00 TL,3.246-00 TL,https://www.bosch-home.com.tr/yetkili-saticilar?product=SMS46JW01T,-,Serie | 4,1550012400,Enerji Verimliliği Sınıfı: A++,Çok sessiz- sadece 48 dB.,Ekstra Hijyen Opsiyonu: Yıkama süresince bulaşıklar daha uzun süre yüksek sıcaklığa tabi tutularak üst düzey temizlik sağlanır.,varioSpeed Plus: 3 kat daha hızlı yıkama opsiyonu ve yüksek yıkama performansı.,
PPP6A2B20O,gazli ocaklar,pisirme grubu,PPP6A2B20O,//media3.bosch-home.com/Product_Shots/600x600/MCSA01656680_PPP6A2B20O_def.jpg,3232,https://www.bosch-home.com.tr/urun-listesi/pisirme-grubu/ocaklar/gazli-ocaklar/PPP6A2B20O?breadcrumb=null,0,0,FlameSelect özelliğine sahip gazlı sert cam ocak: 9 kademeli hassas alev ayarı sayesinde mükemmel pişirme,3.232-00 TL,-,https://www.bosch-home.com.tr/yetkili-saticilar?product=PPP6A2B20O,-,Serie | 6,0,FlameSelect: 9 kademeli hassas alev ayarı,Standart ve yarı gömülü ankastre seçenekleri: tezgaha sıfır veya tezgah yüzeyinden hafif yüksek kurulum arasında seçim yapabilme imkanı,Seramik cam yüzey: şık dizayn ve kolay temizleme,Bulaşık makinasında yıkanabilen döküm ocak ızgarası: yüksek dayanklılık ve kolay tutuş,Kılıç Düğmeler : Ergonomik kullanım
GSV33VW31N,cekmeceli derin dondurucular,buzdolaplari derin dondurucular,Çekmeceli derin dondurucu,//media3.bosch-home.com/Product_Shots/600x600/MCSA00936921_F5441_GSV33VW31N_567705_def.jpg,2723,https://www.bosch-home.com.tr/urun-listesi/buzdolaplari-derin-dondurucular/derin-dondurucular/cekmeceli-derin-dondurucular/GSV33VW31N?breadcrumb=null,0,0,242 litre iç hacme sahip 7 çekmeceli derin dondurucu dondurulmuş gıdalarınızı güvenle saklamak için ekstra fazla alan sunar.,2.723-00 TL,3.226-00 TL,https://www.bosch-home.com.tr/yetkili-saticilar?product=GSV33VW31N,Beyaz kapılar,Serie | 4,1507240800,Elektronik sıcaklık kontrolü sayesinde derin dondurucuyu kolayca istediğiniz sıcaklığa ayarlayabilirsiniz.,Derin dondurucunun içine ve dışına yerleştirilmiş sensörler sürekli olarak sıcaklık ölçümü yaparak dalgalanmaları en aza indirip çok daha uzun süre tazeliği garantilerler.,BigBox: Dondurulmuş büyük gıdalarınız için ekstra alan sunar.,A++ enerji sınıfı ile A enerji sınıfı derin donduruculara göre %40 daha az enerji harcar.,VarioZone: ihtiyaca göre düzenlenebilen raflar ve çekmeceler sayesinde daha fazla esneklik.
WTE84101TR,yogunlastirmali kurutma makineleri,camasir ve kurutma makineleri,Hava Yoğunlaştırmalı Kurutma Makinesi (Bacasız),//media3.bosch-home.com/Product_Shots/600x600/MCSA043708_WTE84101TR_def.jpg,2711,https://www.bosch-home.com.tr/urun-listesi/camasir-ve-kurutma-makineleri/kurutma-makineleri/yogunlastirmali-kurutma-makineleri/WTE84101TR?breadcrumb=null,0,0,-,2.711-00 TL,3.212-00 TL,https://www.bosch-home.com.tr/yetkili-saticilar?product=WTE84101TR,7 kg B,Serie | 4,0,AntiVibration™ tasarım: Özel yapısı ile son derece sessiz ve sarsıntısız.,Otomatik kurutma: İstemiş olduğunuz kuruluk seviyesinde çamaşırlarınızı hassas bir şekilde kurutur.,SensitiveDrying: Özel tambur yapısı ile narin kurutma.,,
GCZ23AW20N,sandik tipi derin dondurucular,buzdolaplari derin dondurucular,Sandık tipi derin dondurucu,//media3.bosch-home.com/Product_Shots/600x600/MCSA02663300_i9769_2016081_GCZ23AW20N_def.jpg,2706,https://www.bosch-home.com.tr/urun-listesi/buzdolaplari-derin-dondurucular/derin-dondurucular/sandik-tipi-derin-dondurucular/GCZ23AW20N?breadcrumb=null,0,0,Geniş hacimli derin dondurucunuzun sunduğu Dondurucu ve Soğutucu olarak iki farklı kullanım modu sayesinde mevsimsel ihtiyaçlarınızı kolaylıkla karşılayabilirsiniz !,2.706-00 TL,3.207-00 TL,https://www.bosch-home.com.tr/yetkili-saticilar?product=GCZ23AW20N,Beyaz,Serie | 6,1537221600,Cihazın geniş hacmi sayesinde yiyecekleriniz için ekstra fazla alan sağlanır.,A+ enerji sınıfı ile A enerji sınıfı derin donduruculara göre %20 daha az enerji harcar.,Defrost suyu çıkış oluğu defrost suyunun kolayca tahliye edilmesini sağlar.,,
GCM23VW20N,sandik tipi derin dondurucular,buzdolaplari derin dondurucular,Sandık tipi derin dondurucu,//media3.bosch-home.com/Product_Shots/600x600/MCSA00456645_D2891_GCM23VW20N_80875_def.jpg,2706,https://www.bosch-home.com.tr/urun-listesi/buzdolaplari-derin-dondurucular/derin-dondurucular/sandik-tipi-derin-dondurucular/GCM23VW20N?breadcrumb=null,0,0,191 litre iç hacme sahip derin dondurucu yiyecekleriniz için ekstra fazla saklama alanı sunar.,2.706-00 TL,3.207-00 TL,https://www.bosch-home.com.tr/yetkili-saticilar?product=GCM23VW20N,Beyaz,Serie | 2,1507240800,Cihazın geniş hacmi sayesinde yiyecekleriniz için ekstra fazla alan sağlanır.,Defrost suyu çıkış oluğu defrost suyunun kolayca tahliye edilmesini sağlar.,A+ enerji sınıfı ile A enerji sınıfı derin donduruculara göre %20 daha az enerji harcar.,,
DWK095G20T,duvar tipi davlumbazlar,pisirme grubu,DWK095G20T,//media3.bosch-home.com/Product_Shots/600x600/MCSA01095722_688116_DWK095G20T_def.jpg,3204,https://www.bosch-home.com.tr/urun-listesi/pisirme-grubu/davlumbazlar-ve-aspiratorler/duvar-tipi-davlumbazlar/DWK095G20T?breadcrumb=null,0,0,Duvar tipi davlumbaz: duvara monte edilen davlumbaz mutfağınızı planlamanız için size özgürlük verir.,3.204-00 TL,-,https://www.bosch-home.com.tr/yetkili-saticilar?product=DWK095G20T,-,Serie | 2,0,LED aydınlatma: enerji verimliliği sayesinde ocağın mükemmel bir şekilde aydınlatılmasını sağlar.,Özellikle sessiz: yüksek performansta sadece 56 dB ses basıncı.,Emiş gücü: 580 m3/h- mutfağınızda kaliteli hava olmasını garanti eder.,,
SMS46JI00T,60cm genisliginde bulasik makineleri,bulasik makineleri,Bulaşık Makinesi 6 Program Inox,//media3.bosch-home.com/Product_Shots/600x600/MCSA01888897_G9649_SMS46JI00T_1302295_CMYK_def.jpg,2701,https://www.bosch-home.com.tr/urun-listesi/bulasik-makineleri/solo-bulasik-makineleri/60cm-genisliginde-bulasik-makineleri/SMS46JI00T?breadcrumb=null,0,0,Machine Care- Ekstra Hijyen ve VarioSpeed ile hem bulaşıklarınız hem de bulaşık makineniz için hızlı ve mükemmel temizlik,2.701-00 TL,3.201-00 TL,https://www.bosch-home.com.tr/yetkili-saticilar?product=SMS46JI00T,-,Serie | 4,1511132400,Machine Care (makine temizlik) fonksiyonu makinenizi kireç ve yağ kalıntılarından arındırır- ömrünü uzatır.,IntensiveZone: Alt sepette oluşturulan yüksek püskürtme basıncı ve sıcaklık alanı sayesinde çok kirli tencere ve tavalar tertemiz olurken aynı anda üst sepette hassas bardakları yıkayabilirsiniz.,VarioSpeed ile yarı yarıya kısalan program süresinde mükemmel yıkama ve kurutma performansı.,Ekstra Hijyen Opsiyonu: Yıkama süresince bulaşıklar daha uzun süre yüksek sıcaklığa tabi tutularak üst düzey temizlik sağlanır.,10 yıl garantili paslanmaz çelik taban ve iç hazne.
DWB97DM50T,duvar tipi davlumbazlar,pisirme grubu,DWB97DM50T,//media3.bosch-home.com/Product_Shots/600x600/MCSA02017936_DWB97DM50T_ChimneyHood_Bosch_STP_def.jpg,3182,https://www.bosch-home.com.tr/urun-listesi/pisirme-grubu/davlumbazlar-ve-aspiratorler/duvar-tipi-davlumbazlar/DWB97DM50T?breadcrumb=null,0,0,Kutu tasarım davlumbaz: performans ve mutfak tasarımını karşılayan özelliklerin tek bir davlumbazda birleşimi.,3.182-00 TL,-,https://www.bosch-home.com.tr/yetkili-saticilar?product=DWB97DM50T,-,Serie | 2,1552431600,TouchSelect kontrol: arzulanan güç ve aydınlatma ayarını hızlı bir şekilde seçebilirsiniz.,LED aydınlatma: enerji verimliliği sayesinde ocağın mükemmel bir şekilde aydınlatılmasını sağlar.,Sessiz: çok az ses ile çok yüksek emiş performansı,Emiş gücü: 783 m3/h- mutfağınızda kaliteli hava olmasını garanti eder.,
PPH6A6B20,gazli ocaklar,pisirme grubu,PPH6A6B20,//media3.bosch-home.com/Product_Shots/600x600/MCSA01656694_PPH6A6B20_def.jpg,3161,https://www.bosch-home.com.tr/urun-listesi/pisirme-grubu/ocaklar/gazli-ocaklar/PPH6A6B20?breadcrumb=null,0,0,FlameSelect özelliğine sahip gazlı sert cam ocak: 9 kademeli hassas alev ayarı sayesinde mükemmel pişirme,3.161-00 TL,-,https://www.bosch-home.com.tr/yetkili-saticilar?product=PPH6A6B20,-,Serie | 6,0,FlameSelect: 9 kademeli hassas alev ayarı,Wok ocak gözü: 3.3 kW'a kadar güçlü pişirme özelliği (gaz tipine bağlı olarak),Standart ve yarı gömülü ankastre seçenekleri: tezgaha sıfır veya tezgah yüzeyinden hafif yüksek kurulum arasında seçim yapabilme imkanı,Seramik cam yüzey: şık dizayn ve kolay temizleme,Bulaşık makinasında yıkanabilen döküm ocak ızgarası: yüksek dayanklılık ve kolay tutuş
WAT24461TR,camasir makineleri,camasir ve kurutma makineleri,Çamaşır Makinesi,//media3.bosch-home.com/Product_Shots/600x600/MCSA01756557_WAT24461TR_def.jpg,2239,https://www.bosch-home.com.tr/urun-listesi/camasir-ve-kurutma-makineleri/camasir-makineleri/camasir-makineleri/WAT24461TR?breadcrumb=null,0,0,-,2.239-00 TL,3.131-00 TL,https://www.bosch-home.com.tr/yetkili-saticilar?product=WAT24461TR,8 kg 1200 devir A+++,Serie | 6,1500847200,EcoSilence Drive™: 10 yıl garantili- uzun ömürlü motor. Sessiz çalışır ve enerji verimliliği yüksektir.,Enerji tüketim göstergesi: Seçilen programa göre enerji tüketim bilgisi.,VarioPerfect: %65* e varan oranda zaman; %50** ye varan oranda enerji tasarrufu. (*Pamuklular 40°C programında SpeedPerfect seçeneği ile program süresi karşılaştırması- ** Pamuklular 40°C programında EcoPerfect seçeneği ile enerji tüketimi karşılaştırması),,
DWK095G60T,duvar tipi davlumbazlar,pisirme grubu,DWK095G60T,//media3.bosch-home.com/Product_Shots/600x600/MCSA01912763_DWK095G60R_Schraegesse_Bosch_STP_def.jpg,3093,https://www.bosch-home.com.tr/urun-listesi/pisirme-grubu/davlumbazlar-ve-aspiratorler/duvar-tipi-davlumbazlar/DWK095G60T?breadcrumb=null,0,0,Duvar tipi davlumbaz: duvara monte edilen davlumbaz mutfağınızı planlamanız için size özgürlük verir.,3.093-00 TL,-,https://www.bosch-home.com.tr/yetkili-saticilar?product=DWK095G60T,-,Serie | 2,0,LED aydınlatma: enerji verimliliği sayesinde ocağın mükemmel bir şekilde aydınlatılmasını sağlar.,Özellikle sessiz: yüksek performansta sadece 56 dB ses basıncı.,Emiş gücü: 580 m3/h- mutfağınızda kaliteli hava olmasını garanti eder.,,
BGS7PERF5,toz torbasiz elektrikli supurgeler,elektrikli supurgeler,Relaxx'x Ultimate,//media3.bosch-home.com/Product_Shots/600x600/MCSA02123054_H6657_BGS7PERF5_1517664_korr_def.jpg,2469,https://www.bosch-home.com.tr/urun-listesi/elektrikli-supurgeler/toz-torbasiz-elektrikli-supurgeler/BGS7PERF5?breadcrumb=null,0,0,Sessiz süpürge. Şimdi ekstra filtre yıkamaya gerek bırakmayan çözümü ile.,2.469-00 TL,3.089-00 TL,https://www.bosch-home.com.tr/yetkili-saticilar?product=BGS7PERF5,Torbasız Elektrikli Süpürge,-,1503612000,Benzersiz SensorBagless™ Teknolojisi: Minimum bakım ile inanılmaz sessiz ve güçlü,Enerji etiketindeki tüm kategorilerde en yüksek puan. A sınıfı halı temizleme- sert zemin temizleme- hava filtreleme ve enerji sınıfı. (EU No.665/2013),QuattroPower System: Benzersiz temizleme performansını düşük enerji tüketimiyle sunan Bosch teknolojisi,Tam otomatik SelfClean Sistemi: Toza temas etmeden filtre temizliği,Inovatif HEPA hijyenik filtre: yıkama veya filtreyi değiştirme yok. Ekstra maliyet yok. Alerjisi olnlar için soludugunuzdan daha temiz bir hava bırakır.
PCQ7A5B80,gazli ocaklar,pisirme grubu,PCQ7A5B80,//media3.bosch-home.com/Product_Shots/600x600/MCSA01656821_PCQ7A5B80_def.jpg,3088,https://www.bosch-home.com.tr/urun-listesi/pisirme-grubu/ocaklar/gazli-ocaklar/PCQ7A5B80?breadcrumb=null,0,0,FlameSelect paslanmaz çelik ocak: tek bir ocak gözünde ayarlanabilir 9 hassas güç kademesi sayesinde mükemmel pişirme sonuçları sunar.,3.088-00 TL,-,https://www.bosch-home.com.tr/yetkili-saticilar?product=PCQ7A5B80,-,Serie | 6,0,FlameSelect: 9 kademeli hassas alev ayarı,Wok ocak gözü: 4.2 kW'a kadar güçlü pişirme özelliği (gaz tipine bağlı olarak),İkili çelik ocak ızgarası: daha dengeli duran tencereler,Kılıç Düğmeler : Ergonomik kullanım,Yüzey rengi : Paslanmaz çelik
SMS45JI00T,60cm genisliginde bulasik makineleri,bulasik makineleri,Bulaşık Makinesi 5 Program Inox,//media3.bosch-home.com/Product_Shots/600x600/MCSA02507116_i4360_1881202_SMS45JI00T_CMYK_def.jpg,2601,https://www.bosch-home.com.tr/urun-listesi/bulasik-makineleri/solo-bulasik-makineleri/60cm-genisliginde-bulasik-makineleri/SMS45JI00T?breadcrumb=null,0,0,3’lü Hijyen Teknolojisi: 3’lü Hijyen teknolojisine sahip bulaşık makinelerinin Ekstra Durulama- Ekstra Hijyen ve Machine Care opsiyonları ile bulaşıklarınızda ultra hijyen.,2.601-00 TL,3.084-00 TL,https://www.bosch-home.com.tr/yetkili-saticilar?product=SMS45JI00T,-,Serie | 4,0,Hassas bardak koruma teknolojisi- su sertliğini optimum düzeyde tutarak bardaklarınızı çizmeden parlaklığını- defalarca yıkamadan sonra bile korur.,VarioFlex sepet sistemi ile üst ve alt sepette daha fazla esneklik ve kapasite.,VarioSpeed ile yarı yarıya kısalan program süresinde mükemmel yıkama ve kurutma performansı.,Otomatik Yarım Yük: Auto 45-65 C° Programı ve gelişmiş kirlilik sensörleri sayesinde az miktarda bulaşık için mükemmel ve ekonomik yıkama sağlar.,10 yıl garantili paslanmaz çelik taban ve iç hazne.
PPP6A6B20,gazli ocaklar,pisirme grubu,60 cm- Kendinden kumandalı gazlı ocak- sert cam- siyah,//media3.bosch-home.com/Product_Shots/600x600/MCSA01656683_PPP6A6B20_def.jpg,3059,https://www.bosch-home.com.tr/urun-listesi/pisirme-grubu/ocaklar/gazli-ocaklar/PPP6A6B20?breadcrumb=null,0,0,FlameSelect özelliğine sahip gazlı sert cam ocak: 9 kademeli hassas alev ayarı sayesinde mükemmel pişirme,3.059-00 TL,-,https://www.bosch-home.com.tr/yetkili-saticilar?product=PPP6A6B20,-,Serie | 6,0,FlameSelect: 9 kademeli hassas alev ayarı,Standart ve yarı gömülü ankastre seçenekleri: tezgaha sıfır veya tezgah yüzeyinden hafif yüksek kurulum arasında seçim yapabilme imkanı,Seramik cam yüzey: şık dizayn ve kolay temizleme,Bulaşık makinasında yıkanabilen döküm ocak ızgarası: yüksek dayanklılık ve kolay tutuş,Kılıç Düğmeler : Ergonomik kullanım
SMU63M15TR,60cm genisliginde bulasik makineleri,bulasik makineleri,Tezgah Altı Bulaşık Makinesi 6 Program Inox,//media3.bosch-home.com/Product_Shots/600x600/MCSA00749248_E5469_SMU63M15TR_397685_def.jpg,3042,https://www.bosch-home.com.tr/urun-listesi/bulasik-makineleri/ankastre-bulasik-makineleri/60cm-genisliginde-bulasik-makineleri/SMU63M15TR?breadcrumb=null,0,0,Ekstra Hijyen opsiyonu ile daha yüksek ısılarda yıkama ve kurutma sayesinde hijyenik sonuçlar.,3.042-00 TL,-,https://www.bosch-home.com.tr/yetkili-saticilar?product=SMU63M15TR,-,Serie | 6,1552431600,Ekstra Hijyen Opsiyonu: Yıkama süresince bulaşıklar daha uzun süre yüksek sıcaklığa tabi tutularak üst düzey temizlik sağlanır.,VarioFlex sepet sistemi ile üst ve alt sepette daha fazla esneklik ve kapasite.,VarioSpeed ile yarı yarıya kısalan program süresinde mükemmel yıkama ve kurutma performansı.,AquaStop: Su hasarlarına karşı çoklu koruma sağlar.,Bardak koruma sistemi ile cam eşyalarınız için en üst düzeyde koruma.
SMS46JW00T,60cm genisliginde bulasik makineleri,bulasik makineleri,Bulaşık Makinesi 6 Program Beyaz,//media3.bosch-home.com/Product_Shots/600x600/MCSA01888902_G9651_SMS46JW00T_1302297_CMYK_def.jpg,2546,https://www.bosch-home.com.tr/urun-listesi/bulasik-makineleri/solo-bulasik-makineleri/60cm-genisliginde-bulasik-makineleri/SMS46JW00T?breadcrumb=null,0,0,Machine Care- Ekstra Hijyen ve VarioSpeed ile hem bulaşıklarınız hem de bulaşık makineniz için hızlı ve mükemmel temizlik,2.546-00 TL,3.018-00 TL,https://www.bosch-home.com.tr/yetkili-saticilar?product=SMS46JW00T,-,Serie | 4,1511132400,Machine Care (makine temizlik) fonksiyonu makinenizi kireç ve yağ kalıntılarından arındırır- ömrünü uzatır.,IntensiveZone: Alt sepette oluşturulan yüksek püskürtme basıncı ve sıcaklık alanı sayesinde çok kirli tencere ve tavalar tertemiz olurken aynı anda üst sepette hassas bardakları yıkayabilirsiniz.,VarioSpeed ile yarı yarıya kısalan program süresinde mükemmel yıkama ve kurutma performansı.,Ekstra Hijyen Opsiyonu: Yıkama süresince bulaşıklar daha uzun süre yüksek sıcaklığa tabi tutularak üst düzey temizlik sağlanır.,10 yıl garantili paslanmaz çelik taban ve iç hazne.
SMV68D00TR,60cm genisliginde bulasik makineleri,bulasik makineleri,Tam Ankastre Bulaşık Makinesi 6 Program,//media3.bosch-home.com/Product_Shots/600x600/MCSA00656123_E1279_SMV68D00TR_305566_def.jpg,3016,https://www.bosch-home.com.tr/urun-listesi/bulasik-makineleri/ankastre-bulasik-makineleri/60cm-genisliginde-bulasik-makineleri/SMV68D00TR?breadcrumb=null,0,0,Ekstra Hijyen opsiyonu ile daha yüksek ısılarda yıkama ve kurutma sayesinde hijyenik sonuçlar.,3.016-00 TL,-,https://www.bosch-home.com.tr/yetkili-saticilar?product=SMV68D00TR,-,Serie | 4,0,Ekstra Hijyen Opsiyonu: Yıkama süresince bulaşıklar daha uzun süre yüksek sıcaklığa tabi tutularak üst düzey temizlik sağlanır.,VarioDrawer çatal-kaşıklar için ekstra 3. çekmece ve VarioFlex sepet sistemi ile maksimum yükleme kapasitesi ve daha fazla kullanım alanı.,AquaStop: Su hasarlarına karşı çoklu koruma sağlar.,Bardak koruma sistemi ile cam eşyalarınız için en üst düzeyde koruma.,EcoSilence Motor: Güçlü- dayanıklı - sessiz ve etkili.
PUE611BB1E,induksiyonlu ocaklar,pisirme grubu,PUE611BB1E Çerçevesiz tasarım,//media3.bosch-home.com/Product_Shots/600x600/MCSA01737367_PUE611BB1E_ElectricHob_Bosch_STP_def.jpg,3011,https://www.bosch-home.com.tr/urun-listesi/pisirme-grubu/ocaklar/induksiyonlu-ocaklar/PUE611BB1E?breadcrumb=null,0,0,İndüksiyonlu ocak: az enerji ile hızlı- temiz ve güvenli pişirme,3.011-00 TL,-,https://www.bosch-home.com.tr/yetkili-saticilar?product=PUE611BB1E,-,Serie | 4,0,TouchSelect: İstenilen pişirme bölgesinin seçimi ve güç seviyesinin kolay ayarı.,İndüksiyon: Hızlı- kesin pişirme- kolay temizleme ve düşük enerji tüketimi.,PowerBoost: %50 daha fazla güç ile daha fazla ısınma.,Her ocak gözü için zamanlayıcı : Ayarlanan sürede seçilen pişirme bölgesini kapatır.,
SMS45NW00T,60cm genisliginde bulasik makineleri,bulasik makineleri,Bulaşık Makinesi 5 Program Beyaz,//media3.bosch-home.com/Product_Shots/600x600/MCSA02286365_H8991_1693062_SMS45NW00T_CMYK_def.jpg,2507,https://www.bosch-home.com.tr/urun-listesi/bulasik-makineleri/solo-bulasik-makineleri/60cm-genisliginde-bulasik-makineleri/SMS45NW00T?breadcrumb=null,0,0,Machine Care özelliğine sahip VarioDrawer 3. çekmeceli bulaşık makinesi ile mükemmel temizlik,2.507-00 TL,2.972-00 TL,https://www.bosch-home.com.tr/yetkili-saticilar?product=SMS45NW00T,-,Serie | 4,1517439600,Machine Care (makine temizlik) fonksiyonu makinenizi kireç ve yağ kalıntılarından arındırır- ömrünü uzatır.,VarioDrawer çatal-kaşıklar için ekstra 3. çekmece ve VarioFlex sepet sistemi ile maksimum yükleme kapasitesi ve daha fazla kullanım alanı.,Ekstra Hijyen Opsiyonu: Yıkama süresince bulaşıklar daha uzun süre yüksek sıcaklığa tabi tutularak üst düzey temizlik sağlanır.,Bardak 40° programı ile en iyi temizlik- en uygun kurutma ve mükemmel parlaklık için hassas yıkama.,10 yıl garantili paslanmaz çelik taban ve iç hazne.
SMU46GS00T,60cm genisliginde bulasik makineleri,bulasik makineleri,Tezgah Altı Bulaşık Makinesi 6 Program Inox,//media3.bosch-home.com/Product_Shots/600x600/MCSA01934342_H0939_SMU46GS00T_1341072_CMYK_def.jpg,2966,https://www.bosch-home.com.tr/urun-listesi/bulasik-makineleri/ankastre-bulasik-makineleri/60cm-genisliginde-bulasik-makineleri/SMU46GS00T?breadcrumb=null,0,0,Ekstra Hijyen opsiyonu ile daha yüksek ısılarda yıkama ve kurutma sayesinde hijyenik sonuçlar.,2.966-00 TL,-,https://www.bosch-home.com.tr/yetkili-saticilar?product=SMU46GS00T,-,Serie | 4,1495404000,Ekstra Kuru opsiyonu: özellikle zor kuruyan bulaşıklar için geliştirilen bu fonksiyon- plastik kaplarınızın dahi makineden tertemiz ve kupkuru çıkmasını sağlar.,Ekstra Hijyen Opsiyonu: Yıkama süresince bulaşıklar daha uzun süre yüksek sıcaklığa tabi tutularak üst düzey temizlik sağlanır.,VarioFlex sepet sistemi ile üst ve alt sepette daha fazla esneklik ve kapasite.,AquaStop: Su hasarlarına karşı çoklu koruma sağlar.,
HXA090H29T,solo cift yakitli firinlar,pisirme grubu,Beyaz,//media3.bosch-home.com/Product_Shots/600x600/MCSA02633423_350_FS_HXA090H29T_Bosch_B591_White_PGA1_def.jpg,2482,https://www.bosch-home.com.tr/urun-listesi/pisirme-grubu/solo-firinlar/solo-cift-yakitli-firinlar/HXA090H29T?breadcrumb=null,0,0,Solo fırın- gazlı ocak ve fırın: Tek seviyede mükemmel sonuçlara ulaşır.,2.482-00 TL,2.940-00 TL,https://www.bosch-home.com.tr/yetkili-saticilar?product=HXA090H29T,-,Serie | 4,1549839600,Wok ocak gözü: 3-5 kW'a kadar güçlü pişirme için çift alev sistemi,3D Hotair: ısının 3 tepsiye kadar optimum şekilde iletilmesini sağlar,,,
HXA090H20T,solo cift yakitli firinlar,pisirme grubu,Beyaz,//media3.bosch-home.com/Product_Shots/600x600/MCSA02633422_349_FS_HXA090H20T_Bosch_B591_White_PGA1_def.jpg,2482,https://www.bosch-home.com.tr/urun-listesi/pisirme-grubu/solo-firinlar/solo-cift-yakitli-firinlar/HXA090H20T?breadcrumb=null,0,0,Solo fırın- gazlı ocak ve fırın: Tek seviyede mükemmel sonuçlara ulaşır.,2.482-00 TL,2.940-00 TL,https://www.bosch-home.com.tr/yetkili-saticilar?product=HXA090H20T,-,Serie | 4,1549839600,Wok ocak gözü: 3-3 kW'a kadar güçlü pişirme için çift alev sistemi,3D Hotair: ısının 3 tepsiye kadar optimum şekilde iletilmesini sağlar,,,
HXA070G20T,solo cift yakitli firinlar,pisirme grubu,Beyaz,//media3.bosch-home.com/Product_Shots/600x600/MCSA02633417_341_FS_HXA070G20T_Bosch_B591_White_PGA1_def.jpg,2448,https://www.bosch-home.com.tr/urun-listesi/pisirme-grubu/solo-firinlar/solo-cift-yakitli-firinlar/HXA070G20T?breadcrumb=null,0,0,Elektrikli solo fırın- gazlı ocak ve 3D HotAir: her katta eşit oranda optimal hava dolaşımı ile mükemmel pişirme deneyimi,2.448-00 TL,2.900-00 TL,https://www.bosch-home.com.tr/yetkili-saticilar?product=HXA070G20T,-,Serie | 2,1549839600,Güçlü ocak gözü: 3kW'a kadar pişirme gücü,3D Hotair: ısının 3 tepsiye kadar optimum şekilde iletilmesini sağlar,,,
GSV29VW31N,cekmeceli derin dondurucular,buzdolaplari derin dondurucular,Çekmeceli derin dondurucu,//media3.bosch-home.com/Product_Shots/600x600/MCSA00936922_F5442_GSV29VW31N_567706_def.jpg,2436,https://www.bosch-home.com.tr/urun-listesi/buzdolaplari-derin-dondurucular/derin-dondurucular/cekmeceli-derin-dondurucular/GSV29VW31N?breadcrumb=null,0,0,217 litre iç hacme sahip 6 çekmeceli derin dondurucu dondurulmuş gıdalarınızı güvenle saklamak için ekstra fazla alan sunar.,2.436-00 TL,2.889-00 TL,https://www.bosch-home.com.tr/yetkili-saticilar?product=GSV29VW31N,Beyaz kapılar,Serie | 4,1507240800,Elektronik sıcaklık kontrolü sayesinde derin dondurucuyu kolayca istediğiniz sıcaklığa ayarlayabilirsiniz.,Derin dondurucunun içine ve dışına yerleştirilmiş sensörler sürekli olarak sıcaklık ölçümü yaparak dalgalanmaları en aza indirip çok daha uzun süre tazeliği garantilerler.,BigBox: Dondurulmuş büyük gıdalarınız için ekstra alan sunar.,A++ enerji sınıfı ile A enerji sınıfı derin donduruculara göre %40 daha az enerji harcar.,VarioZone: ihtiyaca göre düzenlenebilen raflar ve çekmeceler sayesinde daha fazla esneklik.
SMS45JW00T,60cm genisliginde bulasik makineleri,bulasik makineleri,Bulaşık Makinesi 5 Program Beyaz,//media3.bosch-home.com/Product_Shots/600x600/MCSA02507114_i4359_1881201_SMS45JW00T_CMYK_def.jpg,2436,https://www.bosch-home.com.tr/urun-listesi/bulasik-makineleri/solo-bulasik-makineleri/60cm-genisliginde-bulasik-makineleri/SMS45JW00T?breadcrumb=null,0,0,3’lü Hijyen Teknolojisi: 3’lü Hijyen teknolojisine sahip bulaşık makinelerinin Ekstra Durulama- Ekstra Hijyen ve Machine Care opsiyonları ile bulaşıklarınızda ultra hijyen.,2.436-00 TL,2.888-00 TL,https://www.bosch-home.com.tr/yetkili-saticilar?product=SMS45JW00T,-,Serie | 4,1538344800,Hassas bardak koruma teknolojisi- su sertliğini optimum düzeyde tutarak bardaklarınızı çizmeden parlaklığını- defalarca yıkamadan sonra bile korur.,VarioFlex sepet sistemi ile üst ve alt sepette daha fazla esneklik ve kapasite.,VarioSpeed ile yarı yarıya kısalan program süresinde mükemmel yıkama ve kurutma performansı.,Otomatik Yarım Yük: Auto 45-65 C° Programı ve gelişmiş kirlilik sensörleri sayesinde az miktarda bulaşık için mükemmel ve ekonomik yıkama sağlar.,10 yıl garantili paslanmaz çelik taban ve iç hazne.
DWB66DM50,duvar tipi davlumbazlar,pisirme grubu,DWB66DM50,//media3.bosch-home.com/Product_Shots/600x600/MCSA02017919_DWB66DM50B_ChimneyHood_Bosch_STP_def.jpg,2864,https://www.bosch-home.com.tr/urun-listesi/pisirme-grubu/davlumbazlar-ve-aspiratorler/duvar-tipi-davlumbazlar/DWB66DM50?breadcrumb=null,0,0,Kutu tasarım davlumbaz: performans ve mutfak tasarımını karşılayan özelliklerin tek bir davlumbazda birleşimi.,2.864-00 TL,-,https://www.bosch-home.com.tr/yetkili-saticilar?product=DWB66DM50,-,Serie | 4,0,TouchSelect kontrol: arzulanan güç ve aydınlatma ayarını hızlı bir şekilde seçebilirsiniz.,LED aydınlatma: enerji verimliliği sayesinde ocağın mükemmel bir şekilde aydınlatılmasını sağlar.,Sessiz: çok az ses ile çok yüksek emiş performansı,Emiş gücü: 605 m3/h- mutfağınızda kaliteli hava olmasını garanti eder.,
WAK20202TR,camasir makineleri,camasir ve kurutma makineleri,Çamaşır Makinesi,//media3.bosch-home.com/Product_Shots/600x600/MCSA01036029_WAK20202TR_def.jpg,1739,https://www.bosch-home.com.tr/urun-listesi/camasir-ve-kurutma-makineleri/camasir-makineleri/camasir-makineleri/WAK20202TR?breadcrumb=null,0,0,-,1.739-00 TL,2.861-00 TL,https://www.bosch-home.com.tr/yetkili-saticilar?product=WAK20202TR,7 kg 1000 devir A+++,Serie | 4,0,VarioPerfect: %65* e varan oranda zaman; %50** ye varan oranda enerji tasarrufu. (*Pamuklular 40°C programında SpeedPerfect seçeneği ile program süresi karşılaştırması- ** Pamuklular 40°C programında EcoPerfect seçeneği ile enerji tüketimi karşılaştırması),A+++ enerji verimlilik seviyesi.,Aktif Su™: 2 kademeli miktar otomaği sudan tasarruf edilmesini sağlar.,,
HBJ558YS0T,ankastre firinlar,pisirme grubu,Inox,//media3.bosch-home.com/Product_Shots/600x600/MCSA02401843_HBJ558YS0T_BuiltInOven_Bosch_STP_EVO_def.jpg,2679,https://www.bosch-home.com.tr/urun-listesi/pisirme-grubu/ankastre-firinlar/ankastre-firinlar/HBJ558YS0T?breadcrumb=null,0,0,3D Sıcak hava fonksiyonuna sahip fırın: eş zamanlı olarak 3 seviyeye kadar mükemmel pişirme,2.679-00 TL,2.821-00 TL,https://www.bosch-home.com.tr/yetkili-saticilar?product=HBJ558YS0T,Ankastre Fırın,Serie | 6,0,3D Hotair: ısının 3 tepsiye kadar optimum şekilde iletilmesini sağlar,EcoClean Direct: Frının arka- yan ve üst duvarlarındaki kendi kendini temizleyen özel kaplama sayesinde temizlik için neredeyse vakit harcamanız gerekmez,2 seviye teleskopik raf ile tepsilerinizi güvenli ve kolay bir şekilde yerleştirip çıkarabilirsiniz,SoftClose: Özel menteşe sistemi sayesinde yavaşça kapanan kapı,LCD ekran ile ekstra fonksiyonlara kolaylıkla ulaşın.
BEL524MS0,ankastre mikrodalga firinlar,pisirme grubu,Inox,//media3.bosch-home.com/Product_Shots/600x600/MCSA02019170_BEL524MS0_CompactOven_Bosch_STP_def.jpg,2820,https://www.bosch-home.com.tr/urun-listesi/pisirme-grubu/mikrodalga-firinlar/ankastre-mikrodalga-firinlar/BEL524MS0?breadcrumb=null,0,0,Ankastre mikrodalga fırın ile buz çözme- ısıtma ve yiyecek hazırlama için mükemmel çözüm,2.820-00 TL,-,https://www.bosch-home.com.tr/yetkili-saticilar?product=BEL524MS0,-,Serie | 6,0,Mikrodalga fonksiyonu: Buz çözme ve yeniden ısıtma ile zamandan tasarruf edin,AutoPilot 8: Otomatik 8 program ile mükemmel sonuçlar,Tek dokunuşla açılan kapak,Izgara fonksiyonu: Güçlü ızgarası sayesinde hızlı ve kolay ızgara yapabilirsiniz,
SMI45IS00T,60cm genisliginde bulasik makineleri,bulasik makineleri,Yarı-Ankastre Bulaşık Makinesi 5 Program Inox,//media3.bosch-home.com/Product_Shots/600x600/MCSA01775757_G6898_SMI88TS06T_1208382_CMYK_def.jpg,2809,https://www.bosch-home.com.tr/urun-listesi/bulasik-makineleri/ankastre-bulasik-makineleri/60cm-genisliginde-bulasik-makineleri/SMI45IS00T?breadcrumb=null,0,0,ActiveWater ve VarioFlex: Alt ve üst raflarda daha esnek kullanım olanağı sağlar.,2.809-00 TL,-,https://www.bosch-home.com.tr/yetkili-saticilar?product=SMI45IS00T,-,Serie | 4,1488322800,VarioFlex sepet sistemi ile üst ve alt sepette daha fazla esneklik ve kapasite.,VarioSpeed ile yarı yarıya kısalan program süresinde mükemmel yıkama ve kurutma performansı.,AquaStop: Su hasarlarına karşı çoklu koruma sağlar.,Bardak koruma sistemi ile cam eşyalarınız için en üst düzeyde koruma.,Elektronik çocuk kilidi yıkama sırasında çocukların makine kapağını açmasını ve program ayarlarını değiştirmesini engeller.
BGL8PRO1,toz torbali elektrikli supurgeler,elektrikli supurgeler,Home Professional,//media3.bosch-home.com/Product_Shots/600x600/MCSA01676951_G3499_BGL8PRO1_1122266_2_def.jpg,2217,https://www.bosch-home.com.tr/urun-listesi/elektrikli-supurgeler/toz-torbali-elektrikli-supurgeler/BGL8PRO1?breadcrumb=null,0,0,Bazı ev aletlerinin özel isimleri olur.Çünkü kendileri de özeldir. Tıpkı; HomeProfessional gibi.,2.217-00 TL,2.778-00 TL,https://www.bosch-home.com.tr/yetkili-saticilar?product=BGL8PRO1,BGL8PRO1 Titanyum,-,1451602800,QuattroPower System: Benzersiz temizleme performansını düşük enerji tüketimiyle sunan teknoloji,Halı ve sert zeminde ulaşılan en iyi temizleme performansı*,Ekstra uzun kablo ve 15 m kullanım alanı yarı çapı sayesinde fiş takıp çıkartmak geçmişte kalıyor,Yıkanabilir hijyenik HEPA filtre: A sınıfı toz emiş performansı ile alerjik bünyeler için uygun,
BGS7SIL64,toz torbasiz elektrikli supurgeler,elektrikli supurgeler,Relaxx'x Ultimate Prosilence64,//media3.bosch-home.com/Product_Shots/600x600/MCSA01921856_H0846_BGS7SIL64_1330582_def.jpg,2200,https://www.bosch-home.com.tr/urun-listesi/elektrikli-supurgeler/toz-torbasiz-elektrikli-supurgeler/BGS7SIL64?breadcrumb=null,0,0,Bosch gamındaki en sessiz toz torbasız süpürgedir. Şimdi yıkama ve değişim gerektirmeyen HEPA filtresi ile birlikte.,2.200-00 TL,2.755-00 TL,https://www.bosch-home.com.tr/yetkili-saticilar?product=BGS7SIL64,Elektrikli Süpürge,-,1488322800,Benzersiz SensorBagless™ Teknolojisi: Minimum bakım ile inanılmaz sessiz ve güçlü,SilenceSound Sistemi ile super sessiz seviye (64dB),QuattroPower System: Benzersiz temizleme performansını düşük enerji tüketimiyle sunan teknoloji,Tam otomatik SelfClean Sistemi: Toza temas etmeden filtre temizliği,Inovatif HEPA hijyenik filtre: yıkama veya filtreyi değiştirme yok. Ekstra maliyet yok. Alerjisi olnlar için soludugunuzdan daha temiz bir hava bırakır.
HBJ558YW0T,ankastre firinlar,pisirme grubu,Beyaz,//media3.bosch-home.com/Product_Shots/600x600/MCSA02399012_HBJ558YW0T_BuiltInOven_Bosch_STP_EVO_def.jpg,2603,https://www.bosch-home.com.tr/urun-listesi/pisirme-grubu/ankastre-firinlar/ankastre-firinlar/HBJ558YW0T?breadcrumb=null,0,0,3D Sıcak hava fonksiyonuna sahip fırın: eş zamanlı olarak 3 seviyeye kadar mükemmel pişirme,2.603-00 TL,2.742-00 TL,https://www.bosch-home.com.tr/yetkili-saticilar?product=HBJ558YW0T,Ankastre Fırın,Serie | 6,0,3D Hotair: ısının 3 tepsiye kadar optimum şekilde iletilmesini sağlar,EcoClean Direct: Frının arka- yan ve üst duvarlarındaki kendi kendini temizleyen özel kaplama sayesinde temizlik için neredeyse vakit harcamanız gerekmez,2 seviye teleskopik raf ile tepsilerinizi güvenli ve kolay bir şekilde yerleştirip çıkarabilirsiniz,SoftClose: Özel menteşe sistemi sayesinde yavaşça kapanan kapı,LCD ekran ile ekstra fonksiyonlara kolaylıkla ulaşın.
HBJ558YB0T,ankastre firinlar,pisirme grubu,Siyah,//media3.bosch-home.com/Product_Shots/600x600/MCSA02401842_HBJ558YB0T_BuiltInCooker_Bosch_STP_EVO_def.jpg,2603,https://www.bosch-home.com.tr/urun-listesi/pisirme-grubu/ankastre-firinlar/ankastre-firinlar/HBJ558YB0T?breadcrumb=null,0,0,3D Sıcak hava fonksiyonuna sahip fırın: eş zamanlı olarak 3 seviyeye kadar mükemmel pişirme,2.603-00 TL,2.742-00 TL,https://www.bosch-home.com.tr/yetkili-saticilar?product=HBJ558YB0T,Ankastre Fırın,Serie | 6,0,3D Hotair: ısının 3 tepsiye kadar optimum şekilde iletilmesini sağlar,EcoClean Direct: Frının arka- yan ve üst duvarlarındaki kendi kendini temizleyen özel kaplama sayesinde temizlik için neredeyse vakit harcamanız gerekmez,2 seviye teleskopik raf ile tepsilerinizi güvenli ve kolay bir şekilde yerleştirip çıkarabilirsiniz,SoftClose: Özel menteşe sistemi sayesinde yavaşça kapanan kapı,LCD ekran ile ekstra fonksiyonlara kolaylıkla ulaşın.
BFL524MW0,ankastre mikrodalga firinlar,pisirme grubu,Beyaz,//media3.bosch-home.com/Product_Shots/600x600/MCSA02019693_BFL524MW0_CompactOven_Bosch_STP_def.jpg,2715,https://www.bosch-home.com.tr/urun-listesi/pisirme-grubu/mikrodalga-firinlar/ankastre-mikrodalga-firinlar/BFL524MW0?breadcrumb=null,0,0,Ankastre mikrodalga fırın ile buz çözme- ısıtma ve yiyecek hazırlama için mükemmel çözüm,2.715-00 TL,-,https://www.bosch-home.com.tr/yetkili-saticilar?product=BFL524MW0,-,Serie | 6,1552431600,AutoPilot 7: Otomatik 7 program ile mükemmel sonuçlar,Mikrodalga fonksiyonu: Buz çözme ve yeniden ısıtma ile zamandan tasarruf edin,Tek dokunuşla açılan kapak,,
BFL524MB0,ankastre mikrodalga firinlar,pisirme grubu,Siyah,//media3.bosch-home.com/Product_Shots/600x600/MCSA02019137_BFL524MB0_CompactOven_Bosch_STP_def.jpg,2715,https://www.bosch-home.com.tr/urun-listesi/pisirme-grubu/mikrodalga-firinlar/ankastre-mikrodalga-firinlar/BFL524MB0?breadcrumb=null,0,0,Ankastre mikrodalga fırın ile buz çözme- ısıtma ve yiyecek hazırlama için mükemmel çözüm,2.715-00 TL,-,https://www.bosch-home.com.tr/yetkili-saticilar?product=BFL524MB0,-,Serie | 6,1552431600,Mikrodalga fonksiyonu: Buz çözme ve yeniden ısıtma ile zamandan tasarruf edin,AutoPilot 7: Otomatik 7 program ile mükemmel sonuçlar,Tek dokunuşla açılan kapak,,
SMS44DI00T,60cm genisliginde bulasik makineleri,bulasik makineleri,Bulaşık Makinesi 4 Program Inox,//media3.bosch-home.com/Product_Shots/600x600/MCSA02286361_H8989_1693060_SMS44DI00T_CMYK_def.jpg,1879,https://www.bosch-home.com.tr/urun-listesi/bulasik-makineleri/solo-bulasik-makineleri/60cm-genisliginde-bulasik-makineleri/SMS44DI00T?breadcrumb=null,0,0,Ekstra Hijyen opsiyonu ve yüksekliği doluyken ayarlanabilir Vario Sepetlerle esnek ve mükemmel temizlik,1.879-00 TL,2.702-00 TL,https://www.bosch-home.com.tr/yetkili-saticilar?product=SMS44DI00T,-,Serie | 4,1511132400,Ekstra Hijyen Opsiyonu: Yıkama süresince bulaşıklar daha uzun süre yüksek sıcaklığa tabi tutularak üst düzey temizlik sağlanır.,1h 65°C programı ile bulaşıklarınız yüksek sıcaklıkta en fazla 1 saatte tertemiz olur.,Doluyken yüksekliği ayarlanabilen Vario sepetler ve katlanabilen teller sayesinde daha fazla kapasite.,Elektronik çocuk kilidi yıkama sırasında çocukların makine kapağını açmasını ve program ayarlarını değiştirmesini engeller.,10 yıl garantili paslanmaz çelik taban ve iç hazne.
GSV24VW31N,cekmeceli derin dondurucular,buzdolaplari derin dondurucular,Çekmeceli derin dondurucu,//media3.bosch-home.com/Product_Shots/600x600/MCSA00936924_F5443_GSV24VW31N_567707_def.jpg,2277,https://www.bosch-home.com.tr/urun-listesi/buzdolaplari-derin-dondurucular/derin-dondurucular/cekmeceli-derin-dondurucular/GSV24VW31N?breadcrumb=null,0,0,192 litre iç hacme sahip 6 çekmeceli derin dondurucu dondurulmuş gıdalarınızı güvenle saklamak için ekstra fazla alan sunar.,2.277-00 TL,2.699-00 TL,https://www.bosch-home.com.tr/yetkili-saticilar?product=GSV24VW31N,Beyaz kapılar,Serie | 4,1507240800,Elektronik sıcaklık kontrolü sayesinde derin dondurucuyu kolayca istediğiniz sıcaklığa ayarlayabilirsiniz.,Derin dondurucunun içine ve dışına yerleştirilmiş sensörler sürekli olarak sıcaklık ölçümü yaparak dalgalanmaları en aza indirip çok daha uzun süre tazeliği garantilerler.,A++ enerji sınıfı ile A enerji sınıfı derin donduruculara göre %40 daha az enerji harcar.,,
KDN28NW20N,ustten donduruculu buzdolaplari,buzdolaplari derin dondurucular,NoFrost- Üstten donduruculu buzdolabı,//media3.bosch-home.com/Product_Shots/600x600/MCSA02666508_i7790_2018665_KDN28NW204_def.jpg,2273,https://www.bosch-home.com.tr/urun-listesi/buzdolaplari-derin-dondurucular/buzdolaplari/ustten-donduruculu-buzdolaplari/KDN28NW20N?breadcrumb=null,0,0,272 litre iç hacme ve VitaFresh tazelik sistemine sahip NoFrost üstten donduruculu buzdolabı- yiyecekleriniz için optimum saklama kapasitesi ve uzun süre tazelik sunar.,2.273-00 TL,2.694-00 TL,https://www.bosch-home.com.tr/yetkili-saticilar?product=KDN28NW20N,-,Serie | 2,1545260400,Ayarlanabilir nem kontrol mekanizması sayesinde VitaFresh çekmecesinde meyve ve sebzeler daha uzun süre taze kalır.,MultiAirflow hava akış sistemi sayesinde buzdolabının içerisindeki her noktada eşit soğutma sağlanır.,noFrost: Buz oluşmasına karşı mükemmel koruma sayesinde zaman ve enerji tüketen buz çözdürme işlemine bir daha hiç gerek kalmaz.,A+ enerji sınıfı ile A enerji sınıfı buzdolaplarına göre %20 daha az enerji harcar.,
HMT75M651,ankastre mikrodalga firinlar,pisirme grubu,Inox,//media3.bosch-home.com/Product_Shots/600x600/MCSA031854_HMT75M650_def.jpg,2650,https://www.bosch-home.com.tr/urun-listesi/pisirme-grubu/mikrodalga-firinlar/ankastre-mikrodalga-firinlar/HMT75M651?breadcrumb=null,0,0,38 cm yüksekliğinde ankastre mikro dalga fırın: ekstra hızlı buz çözme- ısıtma ve yiyecek hazırlama için mükemmel çözüm,2.650-00 TL,-,https://www.bosch-home.com.tr/yetkili-saticilar?product=HMT75M651,-,Serie | 2,0,AutoPilot 7: 7 pre-set otomatik program sayesinde mükemmel pişirme,Otomatik ağırlık kontrolü: kolayca programı ve ağırlığı seçtiğinizde güç otomatik olarak ayarlanır,,,
BFL520MS0,ankastre mikrodalga firinlar,pisirme grubu,Inox,//media3.bosch-home.com/Product_Shots/600x600/MCSA02018930_BFL520MS0_CompactOven_Bosch_STP_def.jpg,2629,https://www.bosch-home.com.tr/urun-listesi/pisirme-grubu/mikrodalga-firinlar/ankastre-mikrodalga-firinlar/BFL520MS0?breadcrumb=null,0,0,Ankastre mikrodalga fırın ile buz çözme- ısıtma ve yiyecek hazırlama için mükemmel çözüm,2.629-00 TL,-,https://www.bosch-home.com.tr/yetkili-saticilar?product=BFL520MS0,-,Serie | 4,1552431600,Mikrodalga fonksiyonu: Buz çözme ve yeniden ısıtma ile zamandan tasarruf edin,,,,
GCM15VW20N,sandik tipi derin dondurucular,buzdolaplari derin dondurucular,Sandık tipi derin dondurucu,//media3.bosch-home.com/Product_Shots/600x600/MCSA00456639_D2890_GCM15VW20N_80870_def.jpg,2185,https://www.bosch-home.com.tr/urun-listesi/buzdolaplari-derin-dondurucular/derin-dondurucular/sandik-tipi-derin-dondurucular/GCM15VW20N?breadcrumb=null,0,0,143 litre iç hacme sahip derin dondurucu yiyecekleriniz için ekstra fazla saklama alanı sunar.,2.185-00 TL,2.590-00 TL,https://www.bosch-home.com.tr/yetkili-saticilar?product=GCM15VW20N,Beyaz,Serie | 2,1507154400,Cihazın geniş hacmi sayesinde yiyecekleriniz için ekstra fazla alan sağlanır.,Defrost suyu çıkış oluğu defrost suyunun kolayca tahliye edilmesini sağlar.,A+ enerji sınıfı ile A enerji sınıfı derin donduruculara göre %20 daha az enerji harcar.,,
SMI46MS00T,60cm genisliginde bulasik makineleri,bulasik makineleri,Yarı-Ankastre Bulaşık Makinesi 6 Program Inox,//media3.bosch-home.com/Product_Shots/600x600/MCSA02517584_i4594_1889730_SMI46MS00T_CMYK_def.jpg,2581,https://www.bosch-home.com.tr/urun-listesi/bulasik-makineleri/ankastre-bulasik-makineleri/60cm-genisliginde-bulasik-makineleri/SMI46MS00T?breadcrumb=null,0,0,3’lü Hijyen Teknolojisi: 3’lü Hijyen teknolojisine sahip bulaşık makinelerinin Ekstra Durulama- Ekstra Hijyen ve Machine Care opsiyonları ile bulaşıklarınızda ultra hijyen.,2.581-00 TL,-,https://www.bosch-home.com.tr/yetkili-saticilar?product=SMI46MS00T,-,Serie | 4,1541026800,VarioDrawer çatal-kaşıklar için ekstra 3. çekmece ve VarioFlex sepet sistemi ile maksimum yükleme kapasitesi ve daha fazla kullanım alanı.,Hassas bardak koruma teknolojisi- su sertliğini optimum düzeyde tutarak bardaklarınızı çizmeden parlaklığını- defalarca yıkamadan sonra bile korur.,VarioSpeed ile yarı yarıya kısalan program süresinde mükemmel yıkama ve kurutma performansı.,Otomatik Yarım Yük: Auto 45-65 C° Programı ve gelişmiş kirlilik sensörleri sayesinde az miktarda bulaşık için mükemmel ve ekonomik yıkama sağlar.,10 yıl garantili paslanmaz çelik taban ve iç hazne.
SMV26MX00T,60cm genisliginde bulasik makineleri,bulasik makineleri,Tam Ankastre Bulaşık Makinesi 6 Program,//media3.bosch-home.com/Product_Shots/600x600/MCSA02517606_i4605_1889741_SMV26MX00T_def.jpg,2570,https://www.bosch-home.com.tr/urun-listesi/bulasik-makineleri/ankastre-bulasik-makineleri/60cm-genisliginde-bulasik-makineleri/SMV26MX00T?breadcrumb=null,0,0,Ekstra Hijyen opsiyonu ile daha yüksek ısılarda yıkama ve kurutma sayesinde hijyenik sonuçlar.,2.570-00 TL,-,https://www.bosch-home.com.tr/yetkili-saticilar?product=SMV26MX00T,-,Serie | 2,1541026800,VarioDrawer çatal-kaşıklar için ekstra 3. çekmece ve VarioFlex sepet sistemi ile maksimum yükleme kapasitesi ve daha fazla kullanım alanı.,Ekstra Kuru opsiyonu: özellikle zor kuruyan bulaşıklar için geliştirilen bu fonksiyon- plastik kaplarınızın dahi makineden tertemiz ve kupkuru çıkmasını sağlar.,infoLight- sessiz çalışan tam ankastre bulaşık makinenizin yıkama programı süresince yere yansıyan mavi ışık- program tamamlandığında sönerek bulaşıklarınızın tertemiz ve kullanıma hazır olduğunu anlamanızı sağlar.,SilencePlus: Sadece 46 dB çok sessiz yıkama.,10 yıl garantili paslanmaz çelik taban ve iç hazne.
SMS44DW00T,60cm genisliginde bulasik makineleri,bulasik makineleri,Bulaşık Makinesi 4 Program Beyaz,//media3.bosch-home.com/Product_Shots/600x600/MCSA02286363_H8990_1693061_SMS44DW00T_CMYK_def.jpg,1769,https://www.bosch-home.com.tr/urun-listesi/bulasik-makineleri/solo-bulasik-makineleri/60cm-genisliginde-bulasik-makineleri/SMS44DW00T?breadcrumb=null,0,0,Ekstra Hijyen opsiyonu ve yüksekliği doluyken ayarlanabilir Vario Sepetlerle esnek ve mükemmel temizlik,1.769-00 TL,2.546-00 TL,https://www.bosch-home.com.tr/yetkili-saticilar?product=SMS44DW00T,-,Serie | 4,1511132400,Ekstra Hijyen Opsiyonu: Yıkama süresince bulaşıklar daha uzun süre yüksek sıcaklığa tabi tutularak üst düzey temizlik sağlanır.,1h 65°C programı ile bulaşıklarınız yüksek sıcaklıkta en fazla 1 saatte tertemiz olur.,Doluyken yüksekliği ayarlanabilen Vario sepetler ve katlanabilen teller sayesinde daha fazla kapasite.,Elektronik çocuk kilidi yıkama sırasında çocukların makine kapağını açmasını ve program ayarlarını değiştirmesini engeller.,10 yıl garantili paslanmaz çelik taban ve iç hazne.
TDS8080TR,buhar istasyonlu utuler,utuler,Serie | 8 ProHygienic Buhar İstasyonlu Ütü,//media3.bosch-home.com/Product_Shots/600x600/MCSA01999285_H2850_TDS8080TR_1395277_korr_def.jpg,2020,https://www.bosch-home.com.tr/urun-listesi/utuler/buhar-istasyonlu-utuler/TDS8080TR?breadcrumb=null,0,0,7.5 barlık üstün buhar gücü ile hijyen birarada!,2.020-00 TL,2.537-00 TL,https://www.bosch-home.com.tr/yetkili-saticilar?product=TDS8080TR,-,-,1496268000,Özel hijyen programı: yenilikçi Hygienic Buhar teknolojisi ile bakterileri yok eder.,Calc'nClean Perfect: Buhar istasyonlarında bir ilk. Hem ütüyü hem de kazanını kireçten arındıran kireç temizleme sistemi,i-Temp: Her türlü ütülenebilir kumaşı çabuk ve güvenli bir şekilde ütüleyebilmeniz için mükemmel ısı ve buhar kombinasyonu,Entegre kablo sarıcı,1.8 litrelik sürekli doldurulabilen çıkarılabilir su haznesi
SMI46KS00T,60cm genisliginde bulasik makineleri,bulasik makineleri,Yarı-Ankastre Bulaşık Makinesi 6 Program Inox,//media3.bosch-home.com/Product_Shots/600x600/MCSA01920675_H0567_SMI46KS00T_1329545_CMYK_def.jpg,2536,https://www.bosch-home.com.tr/urun-listesi/bulasik-makineleri/ankastre-bulasik-makineleri/60cm-genisliginde-bulasik-makineleri/SMI46KS00T?breadcrumb=null,0,0,Ekstra Hijyen opsiyonu ile daha yüksek ısılarda yıkama ve kurutma sayesinde hijyenik sonuçlar.,2.536-00 TL,-,https://www.bosch-home.com.tr/yetkili-saticilar?product=SMI46KS00T,-,Serie | 4,0,VarioDrawer çatal-kaşıklar için ekstra 3. çekmece ve VarioFlex sepet sistemi ile maksimum yükleme kapasitesi ve daha fazla kullanım alanı.,Ekstra Kuru opsiyonu: özellikle zor kuruyan bulaşıklar için geliştirilen bu fonksiyon- plastik kaplarınızın dahi makineden tertemiz ve kupkuru çıkmasını sağlar.,Machine Care (makine temizlik) fonksiyonu makinenizi kireç ve yağ kalıntılarından arındırır- ömrünü uzatır.,Bardak 40° programı ile en iyi temizlik- en uygun kurutma ve mükemmel parlaklık için hassas yıkama.,Tablet deterjanın tamamen çözülüp eşit dağılmasını sağlayan DosageAssist teknolojisi.
PCP6A5B90,gazli ocaklar,pisirme grubu,Kendinden kumandalı- gazlı ankastre ocak,//media3.bosch-home.com/Product_Shots/600x600/MCSA01654197_PCP6A5B90_def.jpg,2520,https://www.bosch-home.com.tr/urun-listesi/pisirme-grubu/ocaklar/gazli-ocaklar/PCP6A5B90?breadcrumb=null,0,0,FlameSelect paslanmaz çelik ocak: tek bir ocak gözünde ayarlanabilir 9 hassas güç kademesi sayesinde mükemmel pişirme sonuçları sunar.,2.520-00 TL,-,https://www.bosch-home.com.tr/yetkili-saticilar?product=PCP6A5B90,-,Serie | 6,0,FlameSelect: 9 kademeli hassas alev ayarı,Döküm ızgara: dayanıklı ve güvenilir ocak ızgaraları ile pişirme kaplarınız pişirme süresince sarsılmaz,Kılıç Düğmeler : Ergonomik kullanım,Yüzey rengi : Paslanmaz çelik,
BGL8ZOON,toz torbali elektrikli supurgeler,elektrikli supurgeler,Zoo'o ProAnimal,//media3.bosch-home.com/Product_Shots/600x600/MCSA00783469_E7669_BGL8ZOO_429370_korr4_def.jpg,1988,https://www.bosch-home.com.tr/urun-listesi/elektrikli-supurgeler/toz-torbali-elektrikli-supurgeler/BGL8ZOON?breadcrumb=null,0,0,Dökülen evcil hayvan tüyleri artık sorun değil.,1.988-00 TL,2.491-00 TL,https://www.bosch-home.com.tr/yetkili-saticilar?product=BGL8ZOON,Toz Torbalı Elektrikli Süpürge,-,1527804000,AirTurbo sistemi ile evcil hayvan tüylerini dahi derinlemesine temizler,Sert zemin başlığı- hayvan tüylerini güçlü ve kolayca almak için dizayn edilen halı ve döşeme başlıklarını içeren Animal 360™ kit,Ekstra uzun kablo ve 15 m kullanım alanı yarı çapı sayesinde fiş takıp çıkartmak geçmişte kalıyor,Sert zeminler üzerinde en iyi temizleme performansı**,
BGL8PERF7,toz torbali elektrikli supurgeler,elektrikli supurgeler,In'genius ProPerformPlus,//media3.bosch-home.com/Product_Shots/600x600/MCSA02142827_H7265_BGL8PERF7_1540161_def.jpg,1988,https://www.bosch-home.com.tr/urun-listesi/elektrikli-supurgeler/toz-torbali-elektrikli-supurgeler/BGL8PERF7?breadcrumb=null,0,0,Bosch tarafından ulaşılmış en iyi temizleme performansı.,1.988-00 TL,2.490-00 TL,https://www.bosch-home.com.tr/yetkili-saticilar?product=BGL8PERF7,Toz Torbalı Elektrikli süpürge,-,1504216800,QuattroPower System: Benzersiz temizleme performansını düşük enerji tüketimiyle sunan Bosch teknolojisi,Enerji etiketindeki tüm kategorilerde en yüksek puan. A sınıfı halı temizleme- sert zemin temizleme- hava filtreleme ve enerji sınıfı. (EU No.665/2013),PowerProtect System: Toz torbası dolsa dahi- uzun süre yüksek temizleme performansı sunar.,Ekstra uzun kablo ve 15 m kullanım alanı yarı çapı sayesinde fiş takıp çıkartmak geçmişte kalıyor,Yıkanabilir HEPA Hijyenik Filtre: Alerjik kişiler için uygundur. Dışarı verilen hava odanızın havasından daha temizdir - başka bir hepa filtre satın almaya gerek duymadan
BCH65RT25K,athlet,elektrikli supurgeler,Bosch Athlet RuntimePlus 25.2V,//media3.bosch-home.com/Product_Shots/600x600/MCSA00995338_F7010_BCH65RT25K_618614_def.jpg,1939,https://www.bosch-home.com.tr/urun-listesi/elektrikli-supurgeler/sarjli-dikey-supurgeler/athlet/BCH65RT25K?breadcrumb=null,0,0,2400 watt'lık* bir süpürgenin temizleme performansına sahip- Bosch'un ilk kablosuz dik şarjlı elektrik süpürgesi,1.939-00 TL,2.477-00 TL,https://www.bosch-home.com.tr/yetkili-saticilar?product=BCH65RT25K,Dik Şarjlı Elektrikli Süpürge,-,1498860000,Yüksek performanslı toz torbasız teknolojisi ve tüm zeminlerde kullanılabilen HighPower fırçası sayesinde mükemmel temizlik,Eşsiz SensorBagless™ Teknolojisi sayesinde minimum temizlik eforu ile inanılmaz güçlü,Bosch Lithium-Ion Teknolojisi sayesinde uzun ömürlü ve güçlü şarj edilebilen piller ile birlikte uzun çalışma süresi ve kısa şarj zamanı,EasyClean sistemi ve hafif olması sayesinde kullanımı kolay- saklanması ve temizlemesi oldukça konforlu,Arttırılmış esneklik: ayarlanabilir aksesuar kiti ile koltuk aralarını veya köşeleri kablo sınırlaması olmadan süpürebilirsiniz
PKE611D17E,elektrikli ocaklar,pisirme grubu,PKE611D17E,//media3.bosch-home.com/Product_Shots/600x600/MCSA00516300_130769_PKE611D17E_def.jpg,2474,https://www.bosch-home.com.tr/urun-listesi/pisirme-grubu/ocaklar/elektrikli-ocaklar/PKE611D17E?breadcrumb=null,0,0,Cam seramik elektrikli ocak: pişirmeyi ve temizlemeyi kolaylaştırır.,2.474-00 TL,-,https://www.bosch-home.com.tr/yetkili-saticilar?product=PKE611D17E,-,Serie | 4,0,ÇocukKilidi: kontrol panelini kilitleyerek ayarların değişmesini engeller.,,,,
SMS23DA00T,60cm genisliginde bulasik makineleri,bulasik makineleri,Bulaşık Makinesi 3 Program Gümüş,//media3.bosch-home.com/Product_Shots/600x600/MCSA02680305_i7899_2030152_SMS23DA00T_CMYK_def.jpg,1699,https://www.bosch-home.com.tr/urun-listesi/bulasik-makineleri/solo-bulasik-makineleri/60cm-genisliginde-bulasik-makineleri/SMS23DA00T?breadcrumb=null,0,0,A+ enerji sınıfı ve yük sensörleriyle hem su hem enerji verimliliği sağlar.,1.699-00 TL,2.454-00 TL,https://www.bosch-home.com.tr/yetkili-saticilar?product=SMS23DA00T,-,Serie | 2,0,Yüksekliği ayarlanabilir üst sepet sayesinde farklı büyüklükteki bulaşıklar için çözümler.,Tablet deterjanın tamamen çözülüp eşit dağılmasını sağlayan DosageAssist teknolojisi.,1h 65°C programı ile bulaşıklarınız yüksek sıcaklıkta en fazla 1 saatte tertemiz olur.,EcoSilence Motor: Güçlü- dayanıklı - sessiz ve etkili.,10 yıl garantili paslanmaz çelik taban ve iç hazne.
TIS30321RW,tam otomatik kahve makineleri,kahve makineleri,VeroCup 300,//media3.bosch-home.com/Product_Shots/600x600/MCSA01952245_H1527_TIS30321RW_1357435_def.jpg,1908,https://www.bosch-home.com.tr/urun-listesi/kahve-makineleri/tam-otomatik-kahve-makineleri/TIS30321RW?breadcrumb=null,0,0,Mükemmel kahve- maksimum kolaylık,1.908-00 TL,2.439-00 TL,https://www.bosch-home.com.tr/yetkili-saticilar?product=TIS30321RW,Tam otomatik kahve makinesi,-,1554069600,Akıllı ısıtıcı sayesinde kusursuz kahve sıcaklığı ve aroması,OneTouch Fonksiyonu: Espresso- cappuccino veya latte macchiato olsun tüm kahve çeşitlerine bir tuşla ulaşabilirsiniz.,MilkMagic Pro: cappuccino ve latte macchiato kolaylaştı. Sütü bardağa dökün: bir düğmeye dokunarak gerisi halledilir,Seramik kahve öğütücü- uzun ömrü ile her kahve çekirdeğinden maksimum aromayı çıkarır,
PKF375CA1E,domino ocaklar,pisirme grubu,PKF375CA1E,//media3.bosch-home.com/Product_Shots/600x600/MCSA00998463_622239_PKF375CA1E_def.jpg,2420,https://www.bosch-home.com.tr/urun-listesi/pisirme-grubu/ocaklar/domino-ocaklar/PKF375CA1E?breadcrumb=null,0,0,Elektrikli domino ocak: pişirmeyi ve temizliği kolaylaştırır,2.420-00 TL,-,https://www.bosch-home.com.tr/yetkili-saticilar?product=PKF375CA1E,-,Serie | 2,0,30 cm genişlik: diğer domino ocaklar ve ComfortProfile ocaklar ile kombine edilebilir,,,,
SMV25DX00T,60cm genisliginde bulasik makineleri,bulasik makineleri,Tam Ankastre Bulaşık Makinesi 5 Program,//media3.bosch-home.com/Product_Shots/600x600/MCSA02494893_i4109_1867433_SMV25DX00T_def.jpg,2387,https://www.bosch-home.com.tr/urun-listesi/bulasik-makineleri/ankastre-bulasik-makineleri/60cm-genisliginde-bulasik-makineleri/SMV25DX00T?breadcrumb=null,0,0,ActiveWater modellerde yüksekliği ayarlanabilir üst sepet sayesinde büyük bulaşıklar için daha fazla alan.,2.387-00 TL,-,https://www.bosch-home.com.tr/yetkili-saticilar?product=SMV25DX00T,-,Serie | 2,1541026800,VarioSpeed ile yarı yarıya kısalan program süresinde mükemmel yıkama ve kurutma performansı.,Yarım Yük opsiyonu sayesinde makinenizi çalıştırmak için bulaşık biriktirmenize gerek yok.Enerji ve su tüketiminde %30'a yakın tasarruf sağlar.,AquaStop: Su arızalarından kaynaklanan hasarlara karşı %100 koruma.,Tablet deterjanın tamamen çözülüp eşit dağılmasını sağlayan DosageAssist teknolojisi.,10 yıl garantili paslanmaz çelik taban ve iç hazne.
HXA060D29T,solo cift yakitli firinlar,pisirme grubu,Beyaz,//media3.bosch-home.com/Product_Shots/600x600/MCSA02633416_338_FS_HXA060D29T_Bosch_B591_White_DPA1_def.jpg,2009,https://www.bosch-home.com.tr/urun-listesi/pisirme-grubu/solo-firinlar/solo-cift-yakitli-firinlar/HXA060D29T?breadcrumb=null,0,0,Solo fırın- gazlı ocak ve fırın: Tek seviyede mükemmel sonuçlara ulaşır.,2.009-00 TL,2.383-00 TL,https://www.bosch-home.com.tr/yetkili-saticilar?product=HXA060D29T,-,Serie | 2,1552431600,Güçlü ocak gözü: 3kW'a kadar pişirme gücü,3D Hotair: ısının 3 tepsiye kadar optimum şekilde iletilmesini sağlar,,,
HXA060D20T,solo cift yakitli firinlar,pisirme grubu,Beyaz,//media3.bosch-home.com/Product_Shots/600x600/MCSA02633415_337_FS_HXA060D20T_Bosch_B591_White_PGA1_def.jpg,2009,https://www.bosch-home.com.tr/urun-listesi/pisirme-grubu/solo-firinlar/solo-cift-yakitli-firinlar/HXA060D20T?breadcrumb=null,0,0,Solo fırın- gazlı ocak ve fırın: Tek seviyede mükemmel sonuçlara ulaşır.,2.009-00 TL,2.383-00 TL,https://www.bosch-home.com.tr/yetkili-saticilar?product=HXA060D20T,-,Serie | 2,1549839600,Ekran: sıcaklık ve saati gösteren elektronik ekran,Güçlü ocak gözü: 3kW'a kadar pişirme gücü,3D Hotair: ısının 3 tepsiye kadar optimum şekilde iletilmesini sağlar,,
PNH6B6B10L,gazli ocaklar,pisirme grubu,PNH6B6B10L,//media3.bosch-home.com/Product_Shots/600x600/MCSA01704382_PNH6B6B10O_def.jpg,2366,https://www.bosch-home.com.tr/urun-listesi/pisirme-grubu/ocaklar/gazli-ocaklar/PNH6B6B10L?breadcrumb=null,0,0,Önden kontrollü gazlı ocak: kullanılmak istenilen ocak gözü önden düğmelerle kontrol edilebilir.,2.366-00 TL,-,https://www.bosch-home.com.tr/yetkili-saticilar?product=PNH6B6B10L,-,Serie | 4,1552431600,Wok ocak gözü: 3.3 kW'a kadar güçlü pişirme özelliği (gaz tipine bağlı),Tekli çelik ızgara: kolay tutuş ve temizleme,Yüzey rengi: şık siyah sert cam dizayn.,,
WAB12061TR,camasir makineleri,camasir ve kurutma makineleri,Çamaşır Makinesi,//media3.bosch-home.com/Product_Shots/600x600/MCSA00865877_WAB12061TR_def.jpg,1449,https://www.bosch-home.com.tr/urun-listesi/camasir-ve-kurutma-makineleri/camasir-makineleri/camasir-makineleri/WAB12061TR?breadcrumb=null,0,0,Aktif Su: Tamburun tam ya da yarım dolu olduğunu algılayarak su tüketimini ayarlar- doğanın korunmasını sağlar.,1.449-00 TL,2.327-00 TL,https://www.bosch-home.com.tr/yetkili-saticilar?product=WAB12061TR,5.5 kg 600 devir A+,Serie | 2,0,Aktif Su™: 2 kademeli miktar otomaği sudan tasarruf edilmesini sağlar.,A+ Enerji sınıfı,,,
SMI25DS00T,60cm genisliginde bulasik makineleri,bulasik makineleri,Yarı-Ankastre Bulaşık Makinesi 5 Program Inox,//media3.bosch-home.com/Product_Shots/600x600/MCSA02507104_i4355_1881195_SMI25DS00T_CMYK_def.jpg,2321,https://www.bosch-home.com.tr/urun-listesi/bulasik-makineleri/ankastre-bulasik-makineleri/60cm-genisliginde-bulasik-makineleri/SMI25DS00T?breadcrumb=null,0,0,ActiveWater modellerde yüksekliği ayarlanabilir üst sepet sayesinde büyük bulaşıklar için daha fazla alan.,2.321-00 TL,-,https://www.bosch-home.com.tr/yetkili-saticilar?product=SMI25DS00T,-,Serie | 2,1541026800,Ekstra Hijyen Opsiyonu: Yıkama süresince bulaşıklar daha uzun süre yüksek sıcaklığa tabi tutularak üst düzey temizlik sağlanır.,Yarım Yük opsiyonu sayesinde makinenizi çalıştırmak için bulaşık biriktirmenize gerek yok.Enerji ve su tüketiminde %30'a yakın tasarruf sağlar.,Tablet deterjanın tamamen çözülüp eşit dağılmasını sağlayan DosageAssist teknolojisi.,EcoSilence Motor: Güçlü- dayanıklı - sessiz ve etkili.,10 yıl garantili paslanmaz çelik taban ve iç hazne.
PNP7B6O10O,gazli ocaklar,pisirme grubu,75 cm- Kendinden kumandalı gazlı ocak- sert cam,//media3.bosch-home.com/Product_Shots/600x600/MCSA02632150_PNP7B6O10O_GasHob_build-in_Bosch_STP_def.jpg,2319,https://www.bosch-home.com.tr/urun-listesi/pisirme-grubu/ocaklar/gazli-ocaklar/PNP7B6O10O?breadcrumb=null,0,0,-,2.319-00 TL,-,https://www.bosch-home.com.tr/yetkili-saticilar?product=PNP7B6O10O,-,Serie | 4,1550012400,Bulaşık makinasında yıkanabilen ocak ızgarası: pratik bir temizlik için bulaşık makinasında yıkamaya uygundur.,Cam seramik yüzey: yüksek ısıya dayanıklı ve kolay temizlenebilir yüzey,,,
PNP7B2O10O,gazli ocaklar,pisirme grubu,75 cm- Kendinden kumandalı gazlı ocak- sert cam,//media3.bosch-home.com/Product_Shots/600x600/MCSA02632152_PNP7B2O10O_GasHob_build-in_Bosch_STP_def.jpg,2319,https://www.bosch-home.com.tr/urun-listesi/pisirme-grubu/ocaklar/gazli-ocaklar/PNP7B2O10O?breadcrumb=null,0,0,-,2.319-00 TL,-,https://www.bosch-home.com.tr/yetkili-saticilar?product=PNP7B2O10O,-,Serie | 4,1550012400,Bulaşık makinasında yıkanabilen ocak ızgarası: pratik bir temizlik için bulaşık makinasında yıkamaya uygundur.,Cam seramik yüzey: yüksek ısıya dayanıklı ve kolay temizlenebilir yüzey,,,
SMS23DW00T,60cm genisliginde bulasik makineleri,bulasik makineleri,Bulaşık Makinesi 3 Program Beyaz,//media3.bosch-home.com/Product_Shots/600x600/MCSA02680303_i7898_2030151_SMS23DW00T_CMYK_def.jpg,1499,https://www.bosch-home.com.tr/urun-listesi/bulasik-makineleri/solo-bulasik-makineleri/60cm-genisliginde-bulasik-makineleri/SMS23DW00T?breadcrumb=null,0,0,A+ enerji sınıfı ve yük sensörleriyle hem su hem enerji verimliliği sağlar.,1.499-00 TL,2.294-00 TL,https://www.bosch-home.com.tr/yetkili-saticilar?product=SMS23DW00T,-,Serie | 2,0,Yüksekliği ayarlanabilir üst sepet sayesinde farklı büyüklükteki bulaşıklar için çözümler.,Tablet deterjanın tamamen çözülüp eşit dağılmasını sağlayan DosageAssist teknolojisi.,1h 65°C programı ile bulaşıklarınız yüksek sıcaklıkta en fazla 1 saatte tertemiz olur.,EcoSilence Motor: Güçlü- dayanıklı - sessiz ve etkili.,10 yıl garantili paslanmaz çelik taban ve iç hazne.
PNH6B6B10O,gazli ocaklar,pisirme grubu,PNH6B6B10O,//media3.bosch-home.com/Product_Shots/600x600/MCSA01704382_PNH6B6B10O_def.jpg,2294,https://www.bosch-home.com.tr/urun-listesi/pisirme-grubu/ocaklar/gazli-ocaklar/PNH6B6B10O?breadcrumb=null,0,0,Önden kontrollü gazlı ocak: kullanılmak istenilen ocak gözü önden düğmelerle kontrol edilebilir.,2.294-00 TL,-,https://www.bosch-home.com.tr/yetkili-saticilar?product=PNH6B6B10O,-,Serie | 4,1552431600,Wok ocak gözü: 3.3 kW'a kadar güçlü pişirme özelliği (gaz tipine bağlı),Tekli çelik ızgara: kolay tutuş ve temizleme,Yüzey rengi: şık siyah sert cam dizayn.,,
MMBV625M,blenderlar,mutfak aletleri,Vakumlu blender,//media3.bosch-home.com/Product_Shots/600x600/MCSA02650620_i7328_2007023_MMBV625M_def.jpg,1795,https://www.bosch-home.com.tr/urun-listesi/mutfak-aletleri/blenderlar/MMBV625M?breadcrumb=null,0,0,%100 aroma- muhtesem karışım ve doğal renkler için ideal blender. Üstelik smoothileriniz daha uzun süre taze kalacak.,1.795-00 TL,2.294-00 TL,https://www.bosch-home.com.tr/yetkili-saticilar?product=MMBV625M,-,-,0,Vakumlu karıştırma- minimum oksijen ile işleme anlamına gelir. Bu nedenle C vitamini ve diğer oksijene duyarlı besinler standart karıştırmadan daha uzun süre korunur.,Yüksek kaliteli alüminyum gövde ve 37.000 dev / dak motor hızına kadar güçlü 1.000 Watt motor ile mükemmel performans,"Kullanışlı ""auto""bir düğmeye ile smoothie'nin vakumla karıştırılması için otomatik programı çalıştırır. Ek fonksiyonlar: manuel hız ayarı- darbe fonksiyonu- buz kırma ve temizleme programı ile standart karıştırma",VitaMaxx 2'si 1 arada bir cihazdır: Yiyecek ve içecekler özel vakum aksesuarlarında vakumla saklanabilir. Bu onları 2 kat daha uzun süre taze tutar,Lezzetli ve sağlıklı smoothie tarifleri ve sağlıklı beslenme ipuçlarına tarif kitapçığından ulaşabilirsiniz
HBF234EB0T,ankastre firinlar,pisirme grubu,Siyah,//media3.bosch-home.com/Product_Shots/600x600/MCSA02285076_HBF214BB0R_BuiltInOven_Bosch_STP_EVO_def.jpg,2103,https://www.bosch-home.com.tr/urun-listesi/pisirme-grubu/ankastre-firinlar/ankastre-firinlar/HBF234EB0T?breadcrumb=null,0,0,3D Sıcak hava fonksiyonuna sahip fırın: eş zamanlı olarak 3 seviyeye kadar mükemmel pişirme,2.103-00 TL,2.291-00 TL,https://www.bosch-home.com.tr/yetkili-saticilar?product=HBF234EB0T,Ankastre Fırın,Serie | 4,0,3D Hotair: ısının 3 tepsiye kadar optimum şekilde iletilmesini sağlar,EcoClean Direct: Fırının arka duvarındaki kendi kendini temizleyen özel kaplama sayesinde temizlik için neredeyse vakit harcamanız gerekmez.,1 seviye teleskopik raf ile tepsilerinizi güvenli ve kolay bir şekilde yerleştirip çıkarabilirsiniz.,Dokunmatik LED ekran (kırmızı),Gömülebilir düğmeler ile daha kolay ön panel temizliği
HBF534EW0T,ankastre firinlar,pisirme grubu,Beyaz,//media3.bosch-home.com/Product_Shots/600x600/MCSA02401831_HBF514BW0R_BuiltInOven_Bosch_STP_EVO_def.jpg,1790,https://www.bosch-home.com.tr/urun-listesi/pisirme-grubu/ankastre-firinlar/ankastre-firinlar/HBF534EW0T?breadcrumb=null,0,0,3D Sıcak hava fonksiyonuna sahip fırın: eş zamanlı olarak 3 seviyeye kadar mükemmel pişirme,1.790-00 TL,2.270-00 TL,https://www.bosch-home.com.tr/yetkili-saticilar?product=HBF534EW0T,Ankastre Fırın,Serie | 4,0,3D Hotair: ısının 3 tepsiye kadar optimum şekilde iletilmesini sağlar,EcoClean Direct: Fırının arka duvarındaki kendi kendini temizleyen özel kaplama sayesinde temizlik için neredeyse vakit harcamanız gerekmez.,1 seviye teleskopik raf ile tepsilerinizi güvenli ve kolay bir şekilde yerleştirip çıkarabilirsiniz.,Dokunmatik LED ekran (kırmızı),Gömülebilir düğmeler ile daha kolay ön panel temizliği
SMI25DW00T,60cm genisliginde bulasik makineleri,bulasik makineleri,Yarı-Ankastre Bulaşık Makinesi 5 Program Beyaz,//media3.bosch-home.com/Product_Shots/600x600/MCSA02494891_i4108_1867432_SMI25DW00T_korr_def.jpg,2234,https://www.bosch-home.com.tr/urun-listesi/bulasik-makineleri/ankastre-bulasik-makineleri/60cm-genisliginde-bulasik-makineleri/SMI25DW00T?breadcrumb=null,0,0,ActiveWater modellerde yüksekliği ayarlanabilir üst sepet sayesinde büyük bulaşıklar için daha fazla alan.,2.234-00 TL,-,https://www.bosch-home.com.tr/yetkili-saticilar?product=SMI25DW00T,-,Serie | 2,1541026800,Ekstra Hijyen Opsiyonu: Yıkama süresince bulaşıklar daha uzun süre yüksek sıcaklığa tabi tutularak üst düzey temizlik sağlanır.,Yarım Yük opsiyonu sayesinde makinenizi çalıştırmak için bulaşık biriktirmenize gerek yok.Enerji ve su tüketiminde %30'a yakın tasarruf sağlar.,Tablet deterjanın tamamen çözülüp eşit dağılmasını sağlayan DosageAssist teknolojisi.,EcoSilence Motor: Güçlü- dayanıklı - sessiz ve etkili.,10 yıl garantili paslanmaz çelik taban ve iç hazne.
SMI25DB00T,60cm genisliginde bulasik makineleri,bulasik makineleri,Yarı-Ankastre Bulaşık Makinesi 5 Program Siyah,//media3.bosch-home.com/Product_Shots/600x600/MCSA02494884_i4105_1867424_SMI25DB00T_def.jpg,2234,https://www.bosch-home.com.tr/urun-listesi/bulasik-makineleri/ankastre-bulasik-makineleri/60cm-genisliginde-bulasik-makineleri/SMI25DB00T?breadcrumb=null,0,0,ActiveWater modellerde yüksekliği ayarlanabilir üst sepet sayesinde büyük bulaşıklar için daha fazla alan.,2.234-00 TL,-,https://www.bosch-home.com.tr/yetkili-saticilar?product=SMI25DB00T,-,Serie | 2,1541026800,Ekstra Hijyen Opsiyonu: Yıkama süresince bulaşıklar daha uzun süre yüksek sıcaklığa tabi tutularak üst düzey temizlik sağlanır.,Yarım Yük opsiyonu sayesinde makinenizi çalıştırmak için bulaşık biriktirmenize gerek yok.Enerji ve su tüketiminde %30'a yakın tasarruf sağlar.,Tablet deterjanın tamamen çözülüp eşit dağılmasını sağlayan DosageAssist teknolojisi.,EcoSilence Motor: Güçlü- dayanıklı - sessiz ve etkili.,10 yıl garantili paslanmaz çelik taban ve iç hazne.
SMS23BW00T,60cm genisliginde bulasik makineleri,bulasik makineleri,Bulaşık Makinesi 3 Program Beyaz,//media3.bosch-home.com/Product_Shots/600x600/MCSA02352815_i1136_1753232_SMS23BW00T_CMYK_def.jpg,1399,https://www.bosch-home.com.tr/urun-listesi/bulasik-makineleri/solo-bulasik-makineleri/60cm-genisliginde-bulasik-makineleri/SMS23BW00T?breadcrumb=null,0,0,A+ enerji sınıfı ve yük sensörleriyle hem su hem enerji verimliliği sağlar.,1.399-00 TL,2.232-00 TL,https://www.bosch-home.com.tr/yetkili-saticilar?product=SMS23BW00T,-,Serie | 2,1539900000,Yüksekliği ayarlanabilir üst sepet sayesinde farklı büyüklükteki bulaşıklar için çözümler.,Tablet deterjanın tamamen çözülüp eşit dağılmasını sağlayan DosageAssist teknolojisi.,1h 65°C programı ile bulaşıklarınız yüksek sıcaklıkta en fazla 1 saatte tertemiz olur.,EcoSilence Motor: Güçlü- dayanıklı - sessiz ve etkili.,10 yıl iç hazne paslanmazlık garantisi.
SMI50D05TR,60cm genisliginde bulasik makineleri,bulasik makineleri,Yarı-Ankastre Bulaşık Makinesi 5 Program Inox,//media3.bosch-home.com/Product_Shots/600x600/MCSA01757698_G4993_SMI50D05TR_1194287_def.jpg,2209,https://www.bosch-home.com.tr/urun-listesi/bulasik-makineleri/ankastre-bulasik-makineleri/60cm-genisliginde-bulasik-makineleri/SMI50D05TR?breadcrumb=null,0,0,ActiveWater modellerde yüksekliği ayarlanabilir üst sepet sayesinde büyük bulaşıklar için daha fazla alan.,2.209-00 TL,-,https://www.bosch-home.com.tr/yetkili-saticilar?product=SMI50D05TR,-,Serie | 4,0,Yüksekliği ayarlanabilir üst sepet sayesinde farklı büyüklükteki bulaşıklar için çözümler.,Yarım Yük opsiyonu sayesinde makinenizi çalıştırmak için bulaşık biriktirmenize gerek yok.Enerji ve su tüketiminde %30'a yakın tasarruf sağlar.,Tablet deterjanın tamamen çözülüp eşit dağılmasını sağlayan DosageAssist teknolojisi.,EcoSilence Motor: Güçlü- dayanıklı - sessiz ve etkili.,10 yıl iç hazne paslanmazlık garantisi.
HBF534ES0T,ankastre firinlar,pisirme grubu,Inox,//media3.bosch-home.com/Product_Shots/600x600/MCSA02401828_HBF514BS0R_BuiltInOven_Bosch_STP_EVO_def.jpg,1998,https://www.bosch-home.com.tr/urun-listesi/pisirme-grubu/ankastre-firinlar/ankastre-firinlar/HBF534ES0T?breadcrumb=null,0,0,3D Sıcak hava fonksiyonuna sahip fırın: eş zamanlı olarak 3 seviyeye kadar mükemmel pişirme,1.998-00 TL,2.171-00 TL,https://www.bosch-home.com.tr/yetkili-saticilar?product=HBF534ES0T,Ankastre Fırın,Serie | 4,0,3D Hotair: ısının 3 tepsiye kadar optimum şekilde iletilmesini sağlar,EcoClean Direct: Fırının arka duvarındaki kendi kendini temizleyen özel kaplama sayesinde temizlik için neredeyse vakit harcamanız gerekmez.,1 seviye teleskopik raf ile tepsilerinizi güvenli ve kolay bir şekilde yerleştirip çıkarabilirsiniz.,Dokunmatik LED ekran (kırmızı),Gömülebilir düğmeler ile daha kolay ön panel temizliği
MUM58K20,mum 5 serisi,mutfak makineleri,CreationLine Mutfak Makinesi,//media3.bosch-home.com/Product_Shots/600x600/MCSA03039125_F7949_MUM58K20_def.jpg,1731,https://www.bosch-home.com.tr/urun-listesi/mutfak-makineleri/mum-mutfak-makineleri/mum-5-serisi/MUM58K20?breadcrumb=null,0,0,Mutfak işleriniz için güçlü yardımcınız,1.731-00 TL,2.169-00 TL,https://www.bosch-home.com.tr/yetkili-saticilar?product=MUM58K20,gentle pink / Gümüş,-,0,Pişirme ve hamur işleriniz için günlük yardımcınız. 1000Watt güçlü motoru sayesinde 1kg'a kadar unlu karışımlar çocuk oyuncağı.,Çelik haznesinde saklanabilen aksesuar çantasıyla yer ve zamandan tasarruf edin.,Yüksek kalite hamur seti- kesme- doğrama ve rendeleme için üç bıçaklı doğrayıcısı ve mikser aparatıyla çok fonksiyonlu,,
MUM58920,mum 5 serisi,mutfak makineleri,CreationLine Mutfak Makinesi,//media3.bosch-home.com/Product_Shots/600x600/MCSA01015164_F8794_MUM58920_638351_def.jpg,1731,https://www.bosch-home.com.tr/urun-listesi/mutfak-makineleri/mum-mutfak-makineleri/mum-5-serisi/MUM58920?breadcrumb=null,0,0,Mutfak işleriniz için güçlü yardımcınız,1.731-00 TL,2.169-00 TL,https://www.bosch-home.com.tr/yetkili-saticilar?product=MUM58920,Vanilya rengi / Gümüş,-,0,Pişirme ve hamur işleriniz için günlük yardımcınız. 1000Watt güçlü motoru sayesinde 1kg'a kadar unlu karışımlar çocuk oyuncağı.,Çelik haznesinde saklanabilen aksesuar çantasıyla yer ve zamandan tasarruf edin.,Yüksek kalite hamur seti- kesme- doğrama ve rendeleme için üç bıçaklı doğrayıcısı ve mikser aparatıyla çok fonksiyonlu,,
MUM58720,mum 5 serisi,mutfak makineleri,CreationLine Mutfak Makinesi,//media3.bosch-home.com/Product_Shots/600x600/MCSA01674159_G3434_MUM58720_1119917_def.jpg,1731,https://www.bosch-home.com.tr/urun-listesi/mutfak-makineleri/mum-mutfak-makineleri/mum-5-serisi/MUM58720?breadcrumb=null,0,0,Mutfak işleriniz için güçlü yardımcınız,1.731-00 TL,2.169-00 TL,https://www.bosch-home.com.tr/yetkili-saticilar?product=MUM58720,Koyu kırmızı / Gümüş,-,1493589600,Pişirme ve hamur işleriniz için günlük yardımcınız. 1000Watt güçlü motoru sayesinde 1kg'a kadar unlu karışımlar çocuk oyuncağı.,Çelik haznesinde saklanabilen aksesuar çantasıyla yer ve zamandan tasarruf edin.,Yüksek kalite hamur seti- kesme- doğrama ve rendeleme için üç bıçaklı doğrayıcısı ve mikser aparatıyla çok fonksiyonlu,,
MUM58020,mum 5 serisi,mutfak makineleri,CreationLine Mutfak Makinesi,//media3.bosch-home.com/Product_Shots/600x600/MCSA00579282_D7853_MUM54020_216323_def.jpg,1731,https://www.bosch-home.com.tr/urun-listesi/mutfak-makineleri/mum-mutfak-makineleri/mum-5-serisi/MUM58020?breadcrumb=null,0,0,Mutfak işleriniz için güçlü yardımcınız,1.731-00 TL,2.169-00 TL,https://www.bosch-home.com.tr/yetkili-saticilar?product=MUM58020,Nane yeşili / Gümüş,-,0,Pişirme ve hamur işleriniz için günlük yardımcınız. 1000Watt güçlü motoru sayesinde 1kg'a kadar unlu karışımlar çocuk oyuncağı.,Çelik haznesinde saklanabilen aksesuar çantasıyla yer ve zamandan tasarruf edin.,Yüksek kalite hamur seti- kesme- doğrama ve rendeleme için üç bıçaklı doğrayıcısı ve mikser aparatıyla çok fonksiyonlu,,
BGL8SIL59D,toz torbali elektrikli supurgeler,elektrikli supurgeler,In'genius ProSilence 59,//media3.bosch-home.com/Product_Shots/600x600/MCSA00794805_E9208_BGL8SIL59D_440838_def.jpg,1699,https://www.bosch-home.com.tr/urun-listesi/elektrikli-supurgeler/toz-torbali-elektrikli-supurgeler/BGL8SIL59D?breadcrumb=null,0,0,Sadece 59 dB[A] ses seviyesi ile son derece sessiz*,1.699-00 TL,2.129-00 TL,https://www.bosch-home.com.tr/yetkili-saticilar?product=BGL8SIL59D,BGL8SIL59D Siyah,-,1451602800,QuattroPower System: Benzersiz temizleme performansını düşük enerji tüketimiyle sunan teknoloji,Entegre SilenceSound System™ sayesinde inanılmaz sessiz çalışma (59 dB[A]) özelliği,Ekstra uzun kablo ve 15 m kullanım alanı yarı çapı sayesinde fiş takıp çıkartmak geçmişte kalıyor,Yıkanabilir PureAir hijyenik filtre ile A sınıfı hava filtreleme,
SMI50D06TR,60cm genisliginde bulasik makineleri,bulasik makineleri,Yarı-Ankastre Bulaşık Makinesi 5 Program Siyah,//media3.bosch-home.com/Product_Shots/600x600/MCSA01687922_G3915_SMI50D06TR_1135982_def.jpg,2119,https://www.bosch-home.com.tr/urun-listesi/bulasik-makineleri/ankastre-bulasik-makineleri/60cm-genisliginde-bulasik-makineleri/SMI50D06TR?breadcrumb=null,0,0,ActiveWater modellerde yüksekliği ayarlanabilir üst sepet sayesinde büyük bulaşıklar için daha fazla alan.,2.119-00 TL,-,https://www.bosch-home.com.tr/yetkili-saticilar?product=SMI50D06TR,-,Serie | 4,0,Yüksekliği ayarlanabilir üst sepet sayesinde farklı büyüklükteki bulaşıklar için çözümler.,Yarım Yük opsiyonu sayesinde makinenizi çalıştırmak için bulaşık biriktirmenize gerek yok.Enerji ve su tüketiminde %30'a yakın tasarruf sağlar.,Tablet deterjanın tamamen çözülüp eşit dağılmasını sağlayan DosageAssist teknolojisi.,EcoSilence Motor: Güçlü- dayanıklı - sessiz ve etkili.,10 yıl iç hazne paslanmazlık garantisi.
SMI50D02TR,60cm genisliginde bulasik makineleri,bulasik makineleri,Yarı-Ankastre Bulaşık Makinesi 5 Program Beyaz,//media3.bosch-home.com/Product_Shots/600x600/MCSA01687919_G3914_SMI50D02TR_1135978_def.jpg,2119,https://www.bosch-home.com.tr/urun-listesi/bulasik-makineleri/ankastre-bulasik-makineleri/60cm-genisliginde-bulasik-makineleri/SMI50D02TR?breadcrumb=null,0,0,ActiveWater modellerde yüksekliği ayarlanabilir üst sepet sayesinde büyük bulaşıklar için daha fazla alan.,2.119-00 TL,-,https://www.bosch-home.com.tr/yetkili-saticilar?product=SMI50D02TR,-,Serie | 4,0,Yüksekliği ayarlanabilir üst sepet sayesinde farklı büyüklükteki bulaşıklar için çözümler.,Yarım Yük opsiyonu sayesinde makinenizi çalıştırmak için bulaşık biriktirmenize gerek yok.Enerji ve su tüketiminde %30'a yakın tasarruf sağlar.,Tablet deterjanın tamamen çözülüp eşit dağılmasını sağlayan DosageAssist teknolojisi.,EcoSilence Motor: Güçlü- dayanıklı - sessiz ve etkili.,10 yıl iç hazne paslanmazlık garantisi.
SMV25BX00T,60cm genisliginde bulasik makineleri,bulasik makineleri,ActiveWater Bulaşık Makinesi,//media3.bosch-home.com/Product_Shots/600x600/MCSA02352823_i1140_1753237_SMV25BX00T_CMYK_def.jpg,2113,https://www.bosch-home.com.tr/urun-listesi/bulasik-makineleri/ankastre-bulasik-makineleri/60cm-genisliginde-bulasik-makineleri/SMV25BX00T?breadcrumb=null,0,0,ActiveWater modellerde yüksekliği ayarlanabilir üst sepet sayesinde büyük bulaşıklar için daha fazla alan.,2.113-00 TL,-,https://www.bosch-home.com.tr/yetkili-saticilar?product=SMV25BX00T,Tam Ankastre,Serie | 2,0,VarioSpeed ile yarı yarıya kısalan program süresinde mükemmel yıkama ve kurutma performansı.,Yarım Yük opsiyonu sayesinde makinenizi çalıştırmak için bulaşık biriktirmenize gerek yok.Enerji ve su tüketiminde %30'a yakın tasarruf sağlar.,EcoSilence Motor: Güçlü- dayanıklı - sessiz ve etkili.,AquaStop: Su arızalarından kaynaklanan hasarlara karşı %100 koruma.,Tablet deterjanın tamamen çözülüp eşit dağılmasını sağlayan DosageAssist teknolojisi.
HMT84G451,solo mikrodalga firinlar,pisirme grubu,HMT84G451 Inox,//media3.bosch-home.com/Product_Shots/600x600/MCSA034165_HMT84G450_def.jpg,2106,https://www.bosch-home.com.tr/urun-listesi/pisirme-grubu/mikrodalga-firinlar/solo-mikrodalga-firinlar/HMT84G451?breadcrumb=null,0,0,Esnek kullanım için solo mikrodalga fırın: hızlı buz çözme- ısıtma ve yiyecek hazırlama için mükemmel çözüm,2.106-00 TL,-,https://www.bosch-home.com.tr/yetkili-saticilar?product=HMT84G451,-,Serie | 2,0,Izgara fonksiyonu: güçlü ızgarası sayesinde hızlı ve kolay ızgara yapabilirsiniz,,,,
HBF534EB0T,ankastre firinlar,pisirme grubu,Siyah,//media3.bosch-home.com/Product_Shots/600x600/MCSA02293546_HBF534EB0T_BuiltInOven_Bosch_STP_EVO_def.jpg,1738,https://www.bosch-home.com.tr/urun-listesi/pisirme-grubu/ankastre-firinlar/ankastre-firinlar/HBF534EB0T?breadcrumb=null,0,0,3D Sıcak hava fonksiyonuna sahip fırın: eş zamanlı olarak 3 seviyeye kadar mükemmel pişirme,1.738-00 TL,2.083-00 TL,https://www.bosch-home.com.tr/yetkili-saticilar?product=HBF534EB0T,Ankastre Fırın,Serie | 4,0,3D Hotair: ısının 3 tepsiye kadar optimum şekilde iletilmesini sağlar,EcoClean Direct: Fırının arka duvarındaki kendi kendini temizleyen özel kaplama sayesinde temizlik için neredeyse vakit harcamanız gerekmez.,1 seviye teleskopik raf ile tepsilerinizi güvenli ve kolay bir şekilde yerleştirip çıkarabilirsiniz.,Dokunmatik LED ekran (kırmızı),Gömülebilir düğmeler ile daha kolay ön panel temizliği
TDS6080TR,buhar istasyonlu utuler,utuler,Serie | 6 ProHygienic Buhar İstasyonlu Ütü,//media3.bosch-home.com/Product_Shots/600x600/MCSA01768747_G7048_TDS6080TR_1202827_def.jpg,1645,https://www.bosch-home.com.tr/urun-listesi/utuler/buhar-istasyonlu-utuler/TDS6080TR?breadcrumb=null,0,0,Yenilikçi HygienicSteam teknolojisi sizi ve sevdiklerinizi korur,1.645-00 TL,2.062-00 TL,https://www.bosch-home.com.tr/yetkili-saticilar?product=TDS6080TR,-,-,0,Özel Hijyen Programı: yenilikçi Hygienic Buhar teknolojisi,i-Temp: Her türlü ütülenebilir kumaşı çabuk ve güvenli bir şekilde ütüleyebilmeniz için mükemmel ısı ve buhar kombinasyonu,Calc'nClean Perfect: Buhar istasyonlarında bir ilk. Hem ütüyü hem de kazanını kireçten arındıran kireç temizleme sistemi,Entegre güvenlik sistemiyle 6 bar güçlü buhar,3 yoğun buhar atışıyla 400 gramlık benzersiz şok buhar
BGC41Q69,toz torbasiz elektrikli supurgeler,elektrikli supurgeler,GS41 Serie|6,//media3.bosch-home.com/Product_Shots/600x600/MCSA02913405_J2572_2235656_BGC41Q69_27_KKorr_def.jpg,1999,https://www.bosch-home.com.tr/urun-listesi/elektrikli-supurgeler/toz-torbasiz-elektrikli-supurgeler/BGC41Q69?breadcrumb=null,0,0,-,1.999-00 TL,-,https://www.bosch-home.com.tr/yetkili-saticilar?product=BGC41Q69,Toz torbasız elektrik süpürgesi,-,1553036400,Benzersiz SensorBagless™ Teknolojisi: Minimum bakım ile sessiz ve güçlü,Kompakt tasarım sayesinde rahat kullanım ve kolay saklama,,,
SMS22BW00T,60cm genisliginde bulasik makineleri,bulasik makineleri,Bulaşık Makinesi 2 Program Beyaz,//media3.bosch-home.com/Product_Shots/600x600/MCSA02352809_i1134_1753229_SMS22BW00T_CMYK_def.jpg,1670,https://www.bosch-home.com.tr/urun-listesi/bulasik-makineleri/solo-bulasik-makineleri/60cm-genisliginde-bulasik-makineleri/SMS22BW00T?breadcrumb=null,0,0,A+ enerji sınıfı ve yük sensörleriyle hem su hem enerji verimliliği sağlar.,1.670-00 TL,1.979-00 TL,https://www.bosch-home.com.tr/yetkili-saticilar?product=SMS22BW00T,-,Serie | 2,1519858800,EcoSilence Motor: Güçlü- dayanıklı - sessiz ve etkili.,Yük sensörü- daha az sayıda tabak çanak için otomatik olarak su ve enerji tasarrufu sağlar.,Tablet deterjanın tamamen çözülüp eşit dağılmasını sağlayan DosageAssist teknolojisi.,10 yıl iç hazne paslanmazlık garantisi.,
POH6C6B11O,gazli ocaklar,pisirme grubu,POH6C6B11O,//media3.bosch-home.com/Product_Shots/600x600/MCSA01680040_POH6C6B11L_def.jpg,1966,https://www.bosch-home.com.tr/urun-listesi/pisirme-grubu/ocaklar/gazli-ocaklar/POH6C6B11O?breadcrumb=null,0,0,Yandan kontrollü gazlı ocak: İstenilen ocak gözü yan tarafta bulunan düğmelerden kolaylıkla kontrol edilebilir.,1.966-00 TL,-,https://www.bosch-home.com.tr/yetkili-saticilar?product=POH6C6B11O,-,Serie | 2,0,Wok ocak gözü: 3.3 kW'a kadar güçlü pişirme.,Yüzey rengi: Siyah temper cam,Tekli çelik ocak ızgarası: kolay kullanım ve kolay temizlik,Silindir düğme- kullanım kolaylığı ile modern tasarımı birleştirir.,
POH6C6B11L,gazli ocaklar,pisirme grubu,POH6C6B11L,//media3.bosch-home.com/Product_Shots/600x600/MCSA01680040_POH6C6B11L_def.jpg,1966,https://www.bosch-home.com.tr/urun-listesi/pisirme-grubu/ocaklar/gazli-ocaklar/POH6C6B11L?breadcrumb=null,0,0,Yandan kontrollü gazlı ocak: İstenilen ocak gözü yan tarafta bulunan düğmelerden kolaylıkla kontrol edilebilir.,1.966-00 TL,-,https://www.bosch-home.com.tr/yetkili-saticilar?product=POH6C6B11L,-,Serie | 2,0,Wok ocak gözü: 3.3 kW'a kadar güçlü pişirme.,Yüzey rengi: Siyah temper cam,Tekli çelik ocak ızgarası: kolay kullanım ve kolay temizlik,Silindir düğme- kullanım kolaylığı ile modern tasarımı birleştirir.,
DWG66CD60T,duvar tipi davlumbazlar,pisirme grubu,DWG66CD60T,//media3.bosch-home.com/Product_Shots/600x600/MCSA01786675_LC66GCD60T_ChimneyHood_Siemens_STP_def.jpg,1950,https://www.bosch-home.com.tr/urun-listesi/pisirme-grubu/davlumbazlar-ve-aspiratorler/duvar-tipi-davlumbazlar/DWG66CD60T?breadcrumb=null,0,0,Duvar tipi davlumbaz: duvara monte edilen davlumbaz mutfağınızı planlamanız için size özgürlük verir.,1.950-00 TL,-,https://www.bosch-home.com.tr/yetkili-saticilar?product=DWG66CD60T,-,Serie | 4,0,LED aydınlatma: enerji verimliliği sayesinde ocağın mükemmel bir şekilde aydınlatılmasını sağlar.,Özellikle sessiz: yüksek performansta sadece 54 dB ses basıncı.,Emiş gücü: 700 m3/h- mutfağınızda kaliteli hava olmasını garanti eder.,Yoğun hız ayarı: 6 dakika sonunda davlumbazı otomatik olarak normal hız ayarlarına getirir.,
DWG66CD50T,duvar tipi davlumbazlar,pisirme grubu,DWG66CD50T,//media3.bosch-home.com/Product_Shots/600x600/MCSA01786669_DWG66CD50T_ChimneyHood_Bosch_STP_def.jpg,1950,https://www.bosch-home.com.tr/urun-listesi/pisirme-grubu/davlumbazlar-ve-aspiratorler/duvar-tipi-davlumbazlar/DWG66CD50T?breadcrumb=null,0,0,Duvar tipi davlumbaz: duvara monte edilen davlumbaz mutfağınızı planlamanız için size özgürlük verir.,1.950-00 TL,-,https://www.bosch-home.com.tr/yetkili-saticilar?product=DWG66CD50T,-,Serie | 4,0,LED aydınlatma: enerji verimliliği sayesinde ocağın mükemmel bir şekilde aydınlatılmasını sağlar.,Özellikle sessiz: yüksek performansta sadece 54 dB ses basıncı.,Emiş gücü: 700 m3/h- mutfağınızda kaliteli hava olmasını garanti eder.,Yoğun hız ayarı: 6 dakika sonunda davlumbazı otomatik olarak normal hız ayarlarına getirir.,
DWG66CD20T,duvar tipi davlumbazlar,pisirme grubu,DWG66CD20T,//media3.bosch-home.com/Product_Shots/600x600/MCSA01786689_DWG66CD20T_ChimneyHood_Bosch_STP_def.jpg,1950,https://www.bosch-home.com.tr/urun-listesi/pisirme-grubu/davlumbazlar-ve-aspiratorler/duvar-tipi-davlumbazlar/DWG66CD20T?breadcrumb=null,0,0,Duvar tipi davlumbaz: duvara monte edilen davlumbaz mutfağınızı planlamanız için size özgürlük verir.,1.950-00 TL,-,https://www.bosch-home.com.tr/yetkili-saticilar?product=DWG66CD20T,-,Serie | 4,0,LED aydınlatma: enerji verimliliği sayesinde ocağın mükemmel bir şekilde aydınlatılmasını sağlar.,Özellikle sessiz: yüksek performansta sadece 54 dB ses basıncı.,Emiş gücü: 700 m3/h- mutfağınızda kaliteli hava olmasını garanti eder.,Yoğun hız ayarı: 6 dakika sonunda davlumbazı otomatik olarak normal hız ayarlarına getirir.,
BCH6ATH25,athlet,elektrikli supurgeler,Bosch Athlet 25.2V,//media3.bosch-home.com/Product_Shots/600x600/MCSA00651448_E1029_BCH6ATH25_300132_def.jpg,1471,https://www.bosch-home.com.tr/urun-listesi/elektrikli-supurgeler/sarjli-dikey-supurgeler/athlet/BCH6ATH25?breadcrumb=null,0,0,2400 watt'lık* bir süpürgenin temizleme performansına sahip- Bosch'un ilk kablosuz dik şarjlı elektrik süpürgesi,1.471-00 TL,1.883-00 TL,https://www.bosch-home.com.tr/yetkili-saticilar?product=BCH6ATH25,Dik Şarjlı Elektrik Süpürgesi,-,1451602800,Yüksek performanslı toz torbasız teknolojisi ve tüm zeminlerde kullanılabilen HighPower fırçası sayesinde mükemmel temizlik,Eşsiz SensorBagless™ Teknolojisi sayesinde minimum temizlik eforu ile inanılmaz güçlü,Bosch Lithium-Ion Teknolojisi sayesinde uzun ömürlü ve güçlü şarj edilebilen piller ile birlikte uzun çalışma süresi ve kısa şarj zamanı,EasyClean sistemi ve hafif olması sayesinde kullanımı kolay- saklanması ve temizlemesi oldukça konforlu,Maksimum esneklik: İnanılmaz esnek süpürme ucu sayesinde herhangi bir kısıtlama olmadan mobilyanın etrafını veya altını rahatlıkla temizleyebilme
MUC88B68TR,autocook pro,cok fonksiyonlu pisirici,AutoCook Pro,//media3.bosch-home.com/Product_Shots/600x600/MCSA01936261_H1210_MUC88B68TR_1342489_korr_def.jpg,999,https://www.bosch-home.com.tr/urun-listesi/cok-fonksiyonlu-pisirici/autocook-pro/MUC88B68TR?breadcrumb=null,0,0,Yemek yapmanın en kolay yolu! Hızlı ve kolay: Autocook ile sonsuz sayıda alternatifin keyfini çıkarın.,999-00 TL,1.831-00 TL,https://www.bosch-home.com.tr/yetkili-saticilar?product=MUC88B68TR,Çok Fonksiyonlu Pişirici,-,1493589600,Düdüklü tencere özelliği sayesinde çabuk ve leziz sonuçlar- indüksiyonlü ısıtma teknolojisi ile de ısınma sürelerinden tasarruf,Tek bir buton yardımıyla yemek yapmak artık çok kolay: 50 adet öntanımlı program ile çeşit çeşit yemekleri Autocook sizin için hazırlasın,Türk ve dünya mutfağından 100'den fazla tarif: Ürüne özel tarif kitabı ise hediye. Üstelik cep telefonu uygulaması da var!,Yemek pişirirken zamandan kazanın: Diğer işlerinize vakit ayırın- tomatik pişirme sayesinde yemeğin başında bekleme derdine son,Bütün aileye yetecek porsiyonlar: Yapışmayan geniş 5l hazne. Bulaşık makinesinde de yıkanabilir!
DWK66AJ60T,duvar tipi davlumbazlar,pisirme grubu,Duvar tipi davlumbaz,//media3.bosch-home.com/Product_Shots/600x600/MCSA02761906_DWK65AD60R_Schraegesse_Bosch_STP_def.jpg,1813,https://www.bosch-home.com.tr/urun-listesi/pisirme-grubu/davlumbazlar-ve-aspiratorler/duvar-tipi-davlumbazlar/DWK66AJ60T?breadcrumb=null,0,0,Duvar tipi davlumbaz: duvara monte edilen davlumbaz mutfağınızı planlamanız için size özgürlük verir.,1.813-00 TL,-,https://www.bosch-home.com.tr/yetkili-saticilar?product=DWK66AJ60T,Eğimli Davlumbaz,Serie | 4,1550444400,Emiş gücü: 638 m3/h- mutfağınızda kaliteli hava olmasını garanti eder.,LED aydınlatma: enerji verimliliği sayesinde ocağın mükemmel bir şekilde aydınlatılmasını sağlar.,,,
DWK66AJ20T,duvar tipi davlumbazlar,pisirme grubu,Duvar tipi davlumbaz,//media3.bosch-home.com/Product_Shots/600x600/MCSA02761904_DWK65AD20R_Schraegesse_Bosch_STP_def.jpg,1813,https://www.bosch-home.com.tr/urun-listesi/pisirme-grubu/davlumbazlar-ve-aspiratorler/duvar-tipi-davlumbazlar/DWK66AJ20T?breadcrumb=null,0,0,Duvar tipi davlumbaz: duvara monte edilen davlumbaz mutfağınızı planlamanız için size özgürlük verir.,1.813-00 TL,-,https://www.bosch-home.com.tr/yetkili-saticilar?product=DWK66AJ20T,Eğimli Davlumbaz,Serie | 4,1550444400,Emiş gücü: 638 m3/h- mutfağınızda kaliteli hava olmasını garanti eder.,LED aydınlatma: enerji verimliliği sayesinde ocağın mükemmel bir şekilde aydınlatılmasını sağlar.,,,
HMT84G421,solo mikrodalga firinlar,pisirme grubu,HMT84G421 Beyaz,//media3.bosch-home.com/Product_Shots/600x600/MCSA034173_HMT84G420_def.jpg,1769,https://www.bosch-home.com.tr/urun-listesi/pisirme-grubu/mikrodalga-firinlar/solo-mikrodalga-firinlar/HMT84G421?breadcrumb=null,0,0,Esnek kullanım için solo mikrodalga fırın: hızlı buz çözme- ısıtma ve yiyecek hazırlama için mükemmel çözüm,1.769-00 TL,-,https://www.bosch-home.com.tr/yetkili-saticilar?product=HMT84G421,-,Serie | 2,0,AutoPilot 8: 8 pre-set otomatik program sayesinde mükemmel pişirme,Otomatik ağırlık kontrolü: kolayca programı ve ağırlığı seçtiğinizde güç otomatik olarak ayarlanır,Izgara fonksiyonu: güçlü ızgarası sayesinde hızlı ve kolay ızgara yapabilirsiniz,,
TDN1010N,utu masalari,utuler,Aktif Ütü Masası,//media3.bosch-home.com/Product_Shots/600x600/MCSA039822_TDN1010_def.jpg,1072,https://www.bosch-home.com.tr/urun-listesi/utuler/utu-masalari/TDN1010N?breadcrumb=null,0,0,-,1.072-00 TL,1.751-00 TL,https://www.bosch-home.com.tr/yetkili-saticilar?product=TDN1010N,-,-,1551826800,İstediğiniz yükseklikte kullanabilirsiniz: 75 ve 100 cm arasında 6 farklı yükseklik ayarı,Ütüleme alanı: 120 x 38 cm,,,
BGS4U332S,toz torbasiz elektrikli supurgeler,elektrikli supurgeler,Runn'n,//media3.bosch-home.com/Product_Shots/600x600/MCSA01370920_G0743_BGS4USIL71_887239_korr_def.jpg,1235,https://www.bosch-home.com.tr/urun-listesi/elektrikli-supurgeler/toz-torbasiz-elektrikli-supurgeler/BGS4U332S?breadcrumb=null,0,0,Kompakt ve sağlam. Her zaman elinizin altında.,1.235-00 TL,1.735-00 TL,https://www.bosch-home.com.tr/yetkili-saticilar?product=BGS4U332S,Elektrikli Süpürge,-,1507154400,Benzersiz SensorBagless™ Teknolojisi: Minimum bakım ile sessiz ve güçlü,Kompakt tasarım sayesinde rahat kullanım ve kolay saklama,QuattroPower System: Benzersiz temizleme performansını düşük enerji tüketimiyle sunan teknoloji,EasyClean Sistemi: Toz haznesi ve filtre temizliği oldukça kolay,
MES4010,meyve sikacaklari,mutfak aletleri,Katı Meyve Sıkacağı,//media3.bosch-home.com/Product_Shots/600x600/MCSA00693203_E3445_MES4010_349415_korr_24_09_2013_def.jpg,1326,https://www.bosch-home.com.tr/urun-listesi/mutfak-aletleri/meyve-sikacaklari/MES4010?breadcrumb=null,0,0,Dünyada ilk: Profesyonel seramik bıçaklı ilk katı meyve sıkacağı,1.326-00 TL,1.723-00 TL,https://www.bosch-home.com.tr/yetkili-saticilar?product=MES4010,Gümüş / Siyah,-,1514847600,Seramik bıçağı sayesinde birinci sınıf meyve sıkma performansı ve kolay temizlik,1200 Watt'lık yüksek performansı sayesinde sert meyve ve sebzelerde çok hızlı sonuçlar,84mm'lik geniş ağzı sayesinde meyve ve sebzeleri kesmeden hızlı ve kolayca işlem yapabilme,Damlama emniyetli pratik ağzı sayesinde damlamayı önler ve kusursuz bir temizlik sunar,Tek seferde 1-5lt'ye kadar meyve suyu
MESM731M,meyve sikacaklari,mutfak aletleri,VitaExtract Yavaş Sıkım Meyve Sıkacağı,//media3.bosch-home.com/Product_Shots/600x600/MCSA01956660_H1630_MESM731M_1361606_def.jpg,1327,https://www.bosch-home.com.tr/urun-listesi/mutfak-aletleri/meyve-sikacaklari/MESM731M?breadcrumb=null,0,0,VitaExtract'ın meyve sıkacağının MixControl özelliği ile içeçeğinizin içeriğini- yoğunluğunu- posasını siz ayarlayın.,1.327-00 TL,1.696-00 TL,https://www.bosch-home.com.tr/yetkili-saticilar?product=MESM731M,-,-,1526508000,Nazik sıkma teknolojisi- yavaş ama etkili sıkım sağlayarak meyveden maksimum yararlanmanızı sağlar.,İçeçeğinizin veya karışımınızın yoğunluğunu ayarlamak için MixControl'ü kullanın,Yüksek performanslı ve sağlam 150 watt motor- düşük gürültüyle maksimum verimlilik sunar,Ekli tarif kitapçığında üç filtreye ile (ince- kaba ve sorbe) yapılan çeşitli içeçeklerden dondurmaya kadar ilham veren sağlıklı fikirleri bulun.,
HBF113BR0T,ankastre firinlar,pisirme grubu,Inox,//media3.bosch-home.com/Product_Shots/600x600/MCSA02380997_HBF113BR0I_BuiltInOven_Bosch_STP_EVO_def.jpg,1687,https://www.bosch-home.com.tr/urun-listesi/pisirme-grubu/ankastre-firinlar/ankastre-firinlar/HBF113BR0T?breadcrumb=null,0,0,3D Sıcak hava fonksiyonuna sahip fırın: eş zamanlı olarak 3 seviyeye kadar mükemmel pişirme,1.687-00 TL,-,https://www.bosch-home.com.tr/yetkili-saticilar?product=HBF113BR0T,Ankastre Fırın,Serie | 2,0,3D Hotair: ısının 3 tepsiye kadar optimum şekilde iletilmesini sağlar,Dokunmatik LED ekran (kırmızı),,,
PKE345CA1,domino ocaklar,pisirme grubu,PKE345CA1,//media3.bosch-home.com/Product_Shots/600x600/MCSA01674732_1120213_PKE345CA1_def.jpg,1661,https://www.bosch-home.com.tr/urun-listesi/pisirme-grubu/ocaklar/domino-ocaklar/PKE345CA1?breadcrumb=null,0,0,Elektrikli domino ocak: pişirmeyi ve temizliği kolaylaştırır,1.661-00 TL,-,https://www.bosch-home.com.tr/yetkili-saticilar?product=PKE345CA1,-,Serie | 2,0,,,,,
BGB7233,toz torbali elektrikli supurgeler,elektrikli supurgeler,Ergomaxx'x,//media3.bosch-home.com/Product_Shots/600x600/MCSA02213211_H7680_BGB7233_1619019_def.jpg,1323,https://www.bosch-home.com.tr/urun-listesi/elektrikli-supurgeler/toz-torbali-elektrikli-supurgeler/BGB7233?breadcrumb=null,0,0,Mükemmel tezmilik sonuçları için yüksek performans,1.323-00 TL,1.656-00 TL,https://www.bosch-home.com.tr/yetkili-saticilar?product=BGB7233,Torbalı Elektrikli Süpürge,-,1506808800,QuattroPower System: Benzersiz temizleme performansını düşük enerji tüketimiyle sunan Bosch teknolojisi,PowerProtect System: Toz torbası dolsa dahi- uzun süre yüksek temizleme performansı sunar.,Geniş kullanım imkanı sağlayan uzun kablo,5 lt'lik büyük toz torbası sayesinde çok daha seyrek toz torbası değişimi ve daha az masraf,Yıkanabilir hijyenik HEPA filtre: A sınıfı toz emiş performansı ile alerjik bünyeler için uygun
DWK065G60T,duvar tipi davlumbazlar,pisirme grubu,DWK065G60T,//media3.bosch-home.com/Product_Shots/600x600/MCSA01912759_DWK065G60R_Schraegesse_Bosch_STP_def.jpg,1493,https://www.bosch-home.com.tr/urun-listesi/pisirme-grubu/davlumbazlar-ve-aspiratorler/duvar-tipi-davlumbazlar/DWK065G60T?breadcrumb=null,0,0,Duvar tipi davlumbaz: duvara monte edilen davlumbaz mutfağınızı planlamanız için size özgürlük verir.,1.493-00 TL,1.642-00 TL,https://www.bosch-home.com.tr/yetkili-saticilar?product=DWK065G60T,-,Serie | 4,0,LED aydınlatma: enerji verimliliği sayesinde ocağın mükemmel bir şekilde aydınlatılmasını sağlar.,Özellikle sessiz: yüksek performansta sadece 56 dB ses basıncı.,Emiş gücü: 530 m3/h- mutfağınızda kaliteli hava olmasını garanti eder.,,
DWK065G20T,duvar tipi davlumbazlar,pisirme grubu,DWK065G20T,//media3.bosch-home.com/Product_Shots/600x600/MCSA01990121_DWK065G20T_Schraegesse_Bosch_STP_def.jpg,1493,https://www.bosch-home.com.tr/urun-listesi/pisirme-grubu/davlumbazlar-ve-aspiratorler/duvar-tipi-davlumbazlar/DWK065G20T?breadcrumb=null,0,0,Duvar tipi davlumbaz: duvara monte edilen davlumbaz mutfağınızı planlamanız için size özgürlük verir.,1.493-00 TL,1.642-00 TL,https://www.bosch-home.com.tr/yetkili-saticilar?product=DWK065G20T,-,Serie | 4,0,LED aydınlatma: enerji verimliliği sayesinde ocağın mükemmel bir şekilde aydınlatılmasını sağlar.,Özellikle sessiz: yüksek performansta sadece 56 dB ses basıncı.,Emiş gücü: 530 m3/h- mutfağınızda kaliteli hava olmasını garanti eder.,,
HBF113BA0T,ankastre firinlar,pisirme grubu,Siyah,//media3.bosch-home.com/Product_Shots/600x600/MCSA02380995_HBF113BA0Q_BuiltInOven_Bosch_STP_EVO_def.jpg,1621,https://www.bosch-home.com.tr/urun-listesi/pisirme-grubu/ankastre-firinlar/ankastre-firinlar/HBF113BA0T?breadcrumb=null,0,0,3D Sıcak hava fonksiyonuna sahip fırın: eş zamanlı olarak 3 seviyeye kadar mükemmel pişirme,1.621-00 TL,-,https://www.bosch-home.com.tr/yetkili-saticilar?product=HBF113BA0T,Ankastre Fırın,Serie | 2,0,3D Hotair: ısının 3 tepsiye kadar optimum şekilde iletilmesini sağlar,Dokunmatik LED ekran (kırmızı),,,
HBF113BV0T,ankastre firinlar,pisirme grubu,Beyaz,//media3.bosch-home.com/Product_Shots/600x600/MCSA02381000_HBF113BV0I_BuiltInOven_Bosch_STP_EVO_def.jpg,1605,https://www.bosch-home.com.tr/urun-listesi/pisirme-grubu/ankastre-firinlar/ankastre-firinlar/HBF113BV0T?breadcrumb=null,0,0,3D Sıcak hava fonksiyonuna sahip fırın: eş zamanlı olarak 3 seviyeye kadar mükemmel pişirme,1.605-00 TL,-,https://www.bosch-home.com.tr/yetkili-saticilar?product=HBF113BV0T,Ankastre Fırın,Serie | 2,0,3D Hotair: ısının 3 tepsiye kadar optimum şekilde iletilmesini sağlar,Dokunmatik LED ekran (kırmızı),,,
PGP6B5B60O,gazli ocaklar,pisirme grubu,PGP6B5B60O,//media3.bosch-home.com/Product_Shots/600x600/MCSA01704314_PGP6B5B60O_def.jpg,1592,https://www.bosch-home.com.tr/urun-listesi/pisirme-grubu/ocaklar/gazli-ocaklar/PGP6B5B60O?breadcrumb=null,0,0,Önden kontrollü gazlı ocak: kullanılmak istenilen ocak gözü önden düğmelerle kontrol edilebilir.,1.592-00 TL,-,https://www.bosch-home.com.tr/yetkili-saticilar?product=PGP6B5B60O,-,Serie | 4,0,İkili mat ızgara: kolay temizlik ve tencereleriniz sarsılmadan- güvenli pişirme,Yüzey rengi: şık paslanmaz çelik dizayn,,,
BBH22454,flexxo,elektrikli supurgeler,Bosch Readyy'y 24V,//media3.bosch-home.com/Product_Shots/600x600/MCSA00941177_F5514_BBH22454_573253_def.jpg,1204,https://www.bosch-home.com.tr/urun-listesi/elektrikli-supurgeler/sarjli-dikey-supurgeler/flexxo/BBH22454?breadcrumb=null,0,0,Kablosuz ve pratik! İkisi bir arada temizlik sunan yeni Readyy'y 2in1 hızlı temizlik için mükemmel yardımcınız,1.204-00 TL,1.541-00 TL,https://www.bosch-home.com.tr/yetkili-saticilar?product=BBH22454,Kablosuz Dikey Süpürge,-,1507154400,2in1: Kablosuz şarjlı süpürge ve şarjlı el süpürgesi tek cihazda,Değiştirilebilir NiMh batarya ünitesi sayesinde ürün ömrü boyunca yüksek performans,EasyClean sistemi ve hafif olması sayesinde kullanımı kolay- saklanması ve temizlemesi oldukça konforlu,Maksimum esneklik: İnanılmaz esnek süpürme ucu sayesinde herhangi bir kısıtlama olmadan mobilyanın etrafını veya altını rahatlıkla temizleyebilme,Yer kazandıran ve kullanım kolaylığı sağlayan bağımsız dik durma özelliği sayesinde kolay şarj edebilme imkanı
RDW1570,su sebilleri,klimalar ve ev konforu,RDW1570 Su Sebili,//media3.bosch-home.com/Product_Shots/600x600/MCSA00478478_RDW1570su_sebili_def.jpg,1522,https://www.bosch-home.com.tr/urun-listesi/klimalar-ve-ev-konforu/su-sebilleri/RDW1570?breadcrumb=null,0,0,Şık dizaynlı- gizli damacanalı su sebili,1.522-00 TL,-,https://www.bosch-home.com.tr/yetkili-saticilar?product=RDW1570,-,-,0,Sıcak- soğuk ve ortam sıcaklığında direkt su alma imkanı,Cihazın altı kısmına entegre edilmiş damacana,Çıkarılabilir su toplama haznesi,Sıcak konumda iken çocuk emniyet sistemi,Bardak koyma aparatı
RDW1571,su sebilleri,klimalar ve ev konforu,RDW1571 Su Sebili,//media3.bosch-home.com/Product_Shots/600x600/MCSA00823107_RDW1571_def.jpg,1486,https://www.bosch-home.com.tr/urun-listesi/klimalar-ve-ev-konforu/su-sebilleri/RDW1571?breadcrumb=null,0,0,Şık dizaynlı- gizli damacanalı su sebili,1.486-00 TL,-,https://www.bosch-home.com.tr/yetkili-saticilar?product=RDW1571,-,-,0,Sıcak- soğuk ve ortam sıcaklığında direkt su alma imkanı,Cihazın altı kısmına entegre edilmiş damacana,Çıkarılabilir su toplama haznesi,Sıcak konumda iken çocuk emniyet sistemi,Bardak koyma aparatı
MUM54P00,mum 5 serisi,mutfak makineleri,Mutfak Makinesi StartLine,//media3.bosch-home.com/Product_Shots/600x600/MCSA00939674_F7180_MUM54P00_571540_def.jpg,1103,https://www.bosch-home.com.tr/urun-listesi/mutfak-makineleri/mum-mutfak-makineleri/mum-5-serisi/MUM54P00?breadcrumb=null,0,0,Yeni ve canlı- mutfağım için en iyi başlangıç,1.103-00 TL,1.409-00 TL,https://www.bosch-home.com.tr/yetkili-saticilar?product=MUM54P00,Beyaz / wild purple,-,1462399200,Son moda renkleri ve aksesuarlarıyla etkileyici sonuçlar için ideal yardımcınız,Zorlu hamur işleriniz ve hızlıca işlem yapabilmeniz için ekstra güçlü 900 Watt motor,3-9lt geniş paslanmaz çelik hazne. Bütün hamur türleri için ideal: 2kg'a kadar hafif karışımlar ya da 1-5kg'a kadar mayalı hamurlarınız için,Çelik haznesinde saklanabilen aksesuar çantasıyla yer ve zamandan tasarruf edin.,
MUM54I00,mum 5 serisi,mutfak makineleri,Mutfak Makinesi StartLine,//media3.bosch-home.com/Product_Shots/600x600/MCSA00789666_E8020_MUM54I00_436111_def.jpg,1103,https://www.bosch-home.com.tr/urun-listesi/mutfak-makineleri/mum-mutfak-makineleri/mum-5-serisi/MUM54I00?breadcrumb=null,0,0,Yeni ve canlı- mutfağım için en iyi başlangıç,1.103-00 TL,1.409-00 TL,https://www.bosch-home.com.tr/yetkili-saticilar?product=MUM54I00,Beyaz / impulsive orange,-,0,Son moda renkleri ve aksesuarlarıyla etkileyici sonuçlar için ideal yardımcınız,Zorlu hamur işleriniz ve hızlıca işlem yapabilmeniz için ekstra güçlü 900 Watt motor,3-9lt geniş paslanmaz çelik hazne. Bütün hamur türleri için ideal: 2kg'a kadar hafif karışımlar ya da 1-5kg'a kadar mayalı hamurlarınız için,Çelik haznesinde saklanabilen aksesuar çantasıyla yer ve zamandan tasarruf edin.,
MUM54G00,mum 5 serisi,mutfak makineleri,Mutfak Makinesi StartLine,//media3.bosch-home.com/Product_Shots/600x600/MCSA00939673_F7179_MUM54G00_571539_def.jpg,1103,https://www.bosch-home.com.tr/urun-listesi/mutfak-makineleri/mum-mutfak-makineleri/mum-5-serisi/MUM54G00?breadcrumb=null,0,0,Yeni ve canlı- mutfağım için en iyi başlangıç,1.103-00 TL,1.409-00 TL,https://www.bosch-home.com.tr/yetkili-saticilar?product=MUM54G00,Beyaz / vivid green,-,0,Son moda renkleri ve aksesuarlarıyla etkileyici sonuçlar için ideal yardımcınız,Zorlu hamur işleriniz ve hızlıca işlem yapabilmeniz için ekstra güçlü 900 Watt motor,3-9lt geniş paslanmaz çelik hazne. Bütün hamur türleri için ideal: 2kg'a kadar hafif karışımlar ya da 1-5kg'a kadar mayalı hamurlarınız için,Çelik haznesinde saklanabilen aksesuar çantasıyla yer ve zamandan tasarruf edin.,
MFW67440,kiyma makineleri,mutfak aletleri,ProPower Kıyma Makinesi,//media3.bosch-home.com/Product_Shots/600x600/MCSA02993871_J2047_2308020_MFW67440_korr2_def.jpg,1069,https://www.bosch-home.com.tr/urun-listesi/mutfak-aletleri/kiyma-makineleri/MFW67440?breadcrumb=null,0,0,10'dan fazla farklı fonksiyonu sayesinde günlük işlemleriniz için hızlı ve güvenilir kıyma makinesi,1.069-00 TL,1.370-00 TL,https://www.bosch-home.com.tr/yetkili-saticilar?product=MFW67440,Siyah,-,1538690400,Güçlü motor ve yüksek kilitli motor kapasitesiyle çok hızlı işlem hacmi,Dakikada 3-5kg et kapasitesiyle büyük miktarları hızlıca işlemden geçirin,Et veya balık kıymaktan- sebze- peynir ve daha fazlasını doğramaya kadar 10'dan fazla fonksiyonlu yetenekli yardımcınız,Özel tutma yeri- kablo dolama ve disk saklama haznesiyle çok pratik,İçli köfte ve sosis aparatları sayesinde çok becerikli
BGL4330,toz torbali elektrikli supurgeler,elektrikli supurgeler,GL-40 ProSilence,//media3.bosch-home.com/Product_Shots/600x600/MCSA00991078_F6391_BGL4330_613487_korr2_def.jpg,1092,https://www.bosch-home.com.tr/urun-listesi/elektrikli-supurgeler/toz-torbali-elektrikli-supurgeler/BGL4330?breadcrumb=null,0,0,Şaşırtıcı sessizlik ve güçlü performans.,1.092-00 TL,1.369-00 TL,https://www.bosch-home.com.tr/yetkili-saticilar?product=BGL4330,BGL4330 Beyaz,-,1451602800,QuattroPower System: Benzersiz temizleme performansını düşük enerji tüketimiyle sunan teknoloji,PowerProtect System: Toz torbası dolsa dahi- uzun süre yüksek temizleme performansı sunar.,SilenceSound System sayesinde inanılmaz sessiz gürültü seviyesi (69dB[A]),Çok hafif (4.5 kg) ve kullanışlı tasarımı sayesinde kolay kullanım ve saklama imkanı,
BCH3ALL21,flexxo,elektrikli supurgeler,Bosch Flexxo Serie | 4 21.6V,//media3.bosch-home.com/Product_Shots/600x600/MCSA02754965_i9369_2098866_BCH3ALL21_korr_def.jpg,1071,https://www.bosch-home.com.tr/urun-listesi/elektrikli-supurgeler/sarjli-dikey-supurgeler/flexxo/BCH3ALL21?breadcrumb=null,0,0,Rahat ve hızlı. Entegre aksesuarlar ile dilediğiniz an esneklik,1.071-00 TL,1.369-00 TL,https://www.bosch-home.com.tr/yetkili-saticilar?product=BCH3ALL21,2in1 kablosuz dikey süpürge,-,1551394800,Her zaman ulaşılabilir ürüne entegre aksesuarlar,Tüm seviyelerde temizlik. 2si 1 arada aksesuarlar ile tabandan tavana temizlik,Sürekli yüksek performans,Optimize edilmiş filtre sistemi ile daha az filtre temizliği,Kablosuz ve herzaman kullanımınıza hazır. Fişe takmadan zahmetsizce süpürün
RDG8015TR,termosifonlar ve ani su isiticilari,klimalar ve ev konforu,LCD Ekranlı Termosifon- 80 Lt.,//media3.bosch-home.com/Product_Shots/600x600/MCSA00889825_F4538_RDG5015TR_524163_def.jpg,1364,https://www.bosch-home.com.tr/urun-listesi/klimalar-ve-ev-konforu/termosifonlar-ve-ani-su-isiticilari/RDG8015TR?breadcrumb=null,0,0,-,1.364-00 TL,-,https://www.bosch-home.com.tr/yetkili-saticilar?product=RDG8015TR,-,-,1552431600,Arkadan aydınlatılan display üzerinden su sıcaklığı kademesiz ve tam olarak ayarlanabilir. Diğer aktif fonksiyonlar gösterilir,Titantum içerikli yeni özel emaye ideal koruma ve hijyen sağlar.Magnezyum anodu ile oluşan kombinasyon belirgin şekilde ürünün ömrünü uzatır,Sofistike dizayn edilmiş tek gövdePU İzolasyon “hazır sıcak su” için gerekli enerji harcamasını en uygun seviyede tutar.Enerjiden tasarruf sağlayan “eco” çalışma konumu kireçlenmeyi ve enerji harcamasını daha da azaltır,Otomatik “don koruması” -hata göstergesi- ısıtma konum göstergesi gibi ekstra özellikler ile konforlu bir kullanım sağlanır,
DWB65BC50T,duvar tipi davlumbazlar,pisirme grubu,DWB65BC50T,//media3.bosch-home.com/Product_Shots/600x600/MCSA02633438_DWB65BC50T_ChimneyHood_Bosch_STP_def.jpg,1333,https://www.bosch-home.com.tr/urun-listesi/pisirme-grubu/davlumbazlar-ve-aspiratorler/duvar-tipi-davlumbazlar/DWB65BC50T?breadcrumb=null,0,0,Kutu tasarım davlumbaz: performans ve mutfak tasarımını karşılayan özelliklerin tek bir davlumbazda birleşimi.,1.333-00 TL,-,https://www.bosch-home.com.tr/yetkili-saticilar?product=DWB65BC50T,Duvar tipi davlumbaz- 60 cm,Serie | 2,1549926000,Basmalı Düğme: Mekanik kontrol sayesinde istenilen güç seviyesi kolayca değiştirilir.,Emiş gücü: 580 m3/h- mutfağınızda kaliteli hava olmasını garanti eder.,Sessiz: çok az ses ile çok yüksek emiş performansı,,
PBH0C5B80O,gazli ocaklar,pisirme grubu,Kendinden kumandalı- gazlı solo ocak,//media3.bosch-home.com/Product_Shots/600x600/MCSA00959208_DA1_PBH0C5B80L_EDE_def.jpg,1330,https://www.bosch-home.com.tr/urun-listesi/pisirme-grubu/ocaklar/gazli-ocaklar/PBH0C5B80O?breadcrumb=null,0,0,Yandan kontrollü gazlı ocak: İstenilen ocak gözü yan tarafta bulunan düğmelerden kolaylıkla kontrol edilebilir.,1.330-00 TL,-,https://www.bosch-home.com.tr/yetkili-saticilar?product=PBH0C5B80O,-,Serie | 2,0,Wok ocak gözü: 3.3 kW'a kadar güçlü pişirme.,Çelik ocak ızgarası: yüksek stabilite ve sağlamlık için,Yüzey rengi: Paslanmaz çelik- zarif tasarım.,Tezgah üstü: montaja gerek kalmadan-ocağınızı kolayca tezgaha koyunuz.,
PBH0C5B80L,gazli ocaklar,pisirme grubu,PBH0C5B80L,//media3.bosch-home.com/Product_Shots/600x600/MCSA00959208_DA1_PBH0C5B80L_EDE_def.jpg,1330,https://www.bosch-home.com.tr/urun-listesi/pisirme-grubu/ocaklar/gazli-ocaklar/PBH0C5B80L?breadcrumb=null,0,0,Yandan kontrollü gazlı ocak: İstenilen ocak gözü yan tarafta bulunan düğmelerden kolaylıkla kontrol edilebilir.,1.330-00 TL,-,https://www.bosch-home.com.tr/yetkili-saticilar?product=PBH0C5B80L,-,Serie | 2,1552431600,Wok ocak gözü: 3.3 kW'a kadar güçlü pişirme.,Çelik ocak ızgarası: yüksek stabilite ve sağlamlık için,Yüzey rengi: Paslanmaz çelik- zarif tasarım.,Tezgah üstü: montaja gerek kalmadan-ocağınızı kolayca tezgaha koyunuz.,
PBP0C2Y60O,gazli ocaklar,pisirme grubu,Kendinden kumandalı- gazlı solo ocak,//media3.bosch-home.com/Product_Shots/600x600/MCSA00959212_DA1_PBP0C2Y60L_White_def.jpg,1311,https://www.bosch-home.com.tr/urun-listesi/pisirme-grubu/ocaklar/gazli-ocaklar/PBP0C2Y60O?breadcrumb=null,0,0,Yandan kontrollü gazlı ocak: İstenilen ocak gözü yan tarafta bulunan düğmelerden kolaylıkla kontrol edilebilir.,1.311-00 TL,-,https://www.bosch-home.com.tr/yetkili-saticilar?product=PBP0C2Y60O,-,Serie | 2,1552431600,Yüzey rengi: Beyaz emaye,Tezgah üstü: montaja gerek kalmadan-ocağınızı kolayca tezgaha koyunuz.,,,
PBP0C2Y60L,gazli ocaklar,pisirme grubu,Kendinden kumandalı- gazlı solo ocak,//media3.bosch-home.com/Product_Shots/600x600/MCSA00959212_DA1_PBP0C2Y60L_White_def.jpg,1311,https://www.bosch-home.com.tr/urun-listesi/pisirme-grubu/ocaklar/gazli-ocaklar/PBP0C2Y60L?breadcrumb=null,0,0,Yandan kontrollü gazlı ocak: İstenilen ocak gözü yan tarafta bulunan düğmelerden kolaylıkla kontrol edilebilir.,1.311-00 TL,-,https://www.bosch-home.com.tr/yetkili-saticilar?product=PBP0C2Y60L,-,Serie | 2,1552431600,Yüzey rengi: Beyaz emaye,Tezgah üstü: montaja gerek kalmadan-ocağınızı kolayca tezgaha koyunuz.,,,
POP6C6B11O,gazli ocaklar,pisirme grubu,POP6C6B11O,//media3.bosch-home.com/Product_Shots/600x600/MCSA01680046_POP6C6B11O_def.jpg,1172,https://www.bosch-home.com.tr/urun-listesi/pisirme-grubu/ocaklar/gazli-ocaklar/POP6C6B11O?breadcrumb=null,0,0,Yandan kontrollü gazlı ocak: İstenilen ocak gözü yan tarafta bulunan düğmelerden kolaylıkla kontrol edilebilir.,1.172-00 TL,1.291-00 TL,https://www.bosch-home.com.tr/yetkili-saticilar?product=POP6C6B11O,-,Serie | 2,0,Yüzey rengi: Siyah temper cam,Tekli çelik ocak ızgarası: kolay kullanım ve kolay temizlik,Silindir düğme- kullanım kolaylığı ile modern tasarımı birleştirir.,,
POP6C6B11L,gazli ocaklar,pisirme grubu,POP6C6B11L,//media3.bosch-home.com/Product_Shots/600x600/MCSA01680046_POP6C6B11O_def.jpg,1172,https://www.bosch-home.com.tr/urun-listesi/pisirme-grubu/ocaklar/gazli-ocaklar/POP6C6B11L?breadcrumb=null,0,0,Yandan kontrollü gazlı ocak: İstenilen ocak gözü yan tarafta bulunan düğmelerden kolaylıkla kontrol edilebilir.,1.172-00 TL,1.291-00 TL,https://www.bosch-home.com.tr/yetkili-saticilar?product=POP6C6B11L,-,Serie | 2,0,Yüzey rengi: Siyah temper cam,Tekli çelik ocak ızgarası: kolay kullanım ve kolay temizlik,Silindir düğme- kullanım kolaylığı ile modern tasarımı birleştirir.,,
POP6C2B11O,gazli ocaklar,pisirme grubu,POP6C2B11O,//media3.bosch-home.com/Product_Shots/600x600/MCSA01680048_POP6C2B11L_def.jpg,1172,https://www.bosch-home.com.tr/urun-listesi/pisirme-grubu/ocaklar/gazli-ocaklar/POP6C2B11O?breadcrumb=null,0,0,Yandan kontrollü gazlı ocak: İstenilen ocak gözü yan tarafta bulunan düğmelerden kolaylıkla kontrol edilebilir.,1.172-00 TL,1.291-00 TL,https://www.bosch-home.com.tr/yetkili-saticilar?product=POP6C2B11O,-,Serie | 2,0,Yüzey rengi: Beyaz temper cam,Tekli çelik ocak ızgarası: kolay kullanım ve kolay temizlik,Silindir düğme- kullanım kolaylığı ile modern tasarımı birleştirir.,,
POP6C2B11L,gazli ocaklar,pisirme grubu,POP6C2B11L,//media3.bosch-home.com/Product_Shots/600x600/MCSA01680048_POP6C2B11L_def.jpg,1172,https://www.bosch-home.com.tr/urun-listesi/pisirme-grubu/ocaklar/gazli-ocaklar/POP6C2B11L?breadcrumb=null,0,0,Yandan kontrollü gazlı ocak: İstenilen ocak gözü yan tarafta bulunan düğmelerden kolaylıkla kontrol edilebilir.,1.172-00 TL,1.291-00 TL,https://www.bosch-home.com.tr/yetkili-saticilar?product=POP6C2B11L,-,Serie | 2,0,Yüzey rengi: Beyaz temper cam,Tekli çelik ocak ızgarası: kolay kullanım ve kolay temizlik,Silindir düğme- kullanım kolaylığı ile modern tasarımı birleştirir.,,
BGL35MON6,toz torbali elektrikli supurgeler,elektrikli supurgeler,MoveOn,//media3.bosch-home.com/Product_Shots/600x600/MCSA00832676_F0488_BGL35MON6_468008_korr_def.jpg,1009,https://www.bosch-home.com.tr/urun-listesi/elektrikli-supurgeler/toz-torbali-elektrikli-supurgeler/BGL35MON6?breadcrumb=null,0,0,Move on. Daha esnek- daha güçlü- daha eğelenceli,1.009-00 TL,1.266-00 TL,https://www.bosch-home.com.tr/yetkili-saticilar?product=BGL35MON6,BGL35MON6 Pastel su mavisi,-,1451602800,Düşük enerji tüketimiyle 24000 W'a* eş temizlik performansı,PowerProtect System: Toz torbası dolsa dahi- uzun süre yüksek temizleme performansı sunar.,4 lt'lik geniş toz torbası sayesinde daha seyrek toz torbası değişimi ve daha az masraf,,
DWP94CC50T,duvar tipi davlumbazlar,pisirme grubu,DWP94CC50T,//media3.bosch-home.com/Product_Shots/600x600/MCSA01915956_DWP94CC50T_ChimneyHood_Bosch_STP_def.jpg,1252,https://www.bosch-home.com.tr/urun-listesi/pisirme-grubu/davlumbazlar-ve-aspiratorler/duvar-tipi-davlumbazlar/DWP94CC50T?breadcrumb=null,0,0,Duvar tipi davlumbaz: duvara monte edilen davlumbaz mutfağınızı planlamanız için size özgürlük verir.,1.252-00 TL,-,https://www.bosch-home.com.tr/yetkili-saticilar?product=DWP94CC50T,-,Serie | 2,0,LED aydınlatma: enerji verimliliği sayesinde ocağın mükemmel bir şekilde aydınlatılmasını sağlar.,Özellikle sessiz: yüksek performansta sadece 54 dB ses basıncı.,Emiş gücü: 380 m3/h- mutfağınızda kaliteli hava olmasını garanti eder.,,
BGC2U230,toz torbasiz elektrikli supurgeler,elektrikli supurgeler,Easyy`y,//media3.bosch-home.com/Product_Shots/600x600/MCSA01366291_G0370_BGC2U230_881979_def.jpg,996,https://www.bosch-home.com.tr/urun-listesi/elektrikli-supurgeler/toz-torbasiz-elektrikli-supurgeler/BGC2U230?breadcrumb=null,0,0,Bosch'un yenisi Easyy'y: ultra hafif ve süper güçlü toz torbasız.,996-00 TL,1.250-00 TL,https://www.bosch-home.com.tr/yetkili-saticilar?product=BGC2U230,Torbasız Elektrikli Süpürge,-,1507154400,Benzersiz SensorBagless™ Teknolojisi: Minimum bakım ile yüksek performans,Çok hafif oluşu ve ultra kompakt tasarımı sayesinde kolay kullanım ve muhafaza imkanı (4-7 kg),Yeni geliştirilmiş HiSpin Motor'un aerodinamik tasarımı sayesinde daha düşük enerji tüketimiyle mükemmel hava akımı ve yüksek toz toplama performansı,Mükemmel temizlik sonuçları için son derece verimli toz ayırma sistemi,Yıkanabilir hijyenik HEPA filtre: A sınıfı toz emiş performansı ile alerjik bünyeler için uygun
HBF010BR0T,ankastre firinlar,pisirme grubu,Inox,//media3.bosch-home.com/Product_Shots/600x600/MCSA02371122_HBF010BR0T_BuiltInCooker_Bosch_STP_EVO_def.jpg,1181,https://www.bosch-home.com.tr/urun-listesi/pisirme-grubu/ankastre-firinlar/ankastre-firinlar/HBF010BR0T?breadcrumb=null,0,0,3D Sıcak hava fonksiyonuna sahip fırın: eş zamanlı olarak 3 seviyeye kadar mükemmel pişirme,1.181-00 TL,1.248-00 TL,https://www.bosch-home.com.tr/yetkili-saticilar?product=HBF010BR0T,Ankastre Fırın,Serie | 2,1549839600,3D Hotair: ısının 3 tepsiye kadar optimum şekilde iletilmesini sağlar,,,,
TDS4070,buhar istasyonlu utuler,utuler,Buhar İstasyonlu Ütü,//media3.bosch-home.com/Product_Shots/600x600/MCSA02180762_H6904_TDS4070GB_1583217_korr2_def.jpg,962,https://www.bosch-home.com.tr/urun-listesi/utuler/buhar-istasyonlu-utuler/TDS4070?breadcrumb=null,0,0,Basit ve efektif ütüleme- tüm kumaş cinsleri için tek ayar,962-00 TL,1.230-00 TL,https://www.bosch-home.com.tr/yetkili-saticilar?product=TDS4070,-,-,1509922800,EasyComfort: Sıcaklık ayarı yok- çamaşırları ön ayırma yok. Hızlı- güvenli ve kolay ütüleme.,Calc'nClean Easy: Hem ütüyü hem de su haznesini kireçten arındırma programı,i-Temp: Her türlü ütülenebilir kumaşı çabuk ve güvenli bir şekilde ütüleyebilmeniz için mükemmel ısı ve buhar kombinasyonu,1.3 l kapasiteli geniş su tankı: Sürekli su ilave edebilme özelliği sayesinde kesintisiz ütü yapma imkanı,Güvenli Kilit Sistemi: Taşıma ve saklama esnasında ekstra güvenlik sağlayan özel kilit sistemi
RDG8014TR,termosifonlar ve ani su isiticilari,klimalar ve ev konforu,LED'li Termosifon- 80 Lt.,//media3.bosch-home.com/Product_Shots/600x600/MCSA00890592_F4540_RDG5014TR_525134_def.jpg,1227,https://www.bosch-home.com.tr/urun-listesi/klimalar-ve-ev-konforu/termosifonlar-ve-ani-su-isiticilari/RDG8014TR?breadcrumb=null,0,0,Duvara monte edilen elektrikli termosifon,1.227-00 TL,-,https://www.bosch-home.com.tr/yetkili-saticilar?product=RDG8014TR,-,-,1552431600,Titantum içerikli yeni özel emaye ideal koruma ve hijyen sağlar.Magnezyum anodu ile oluşan kombinasyon belirgin şekilde ürünün ömrünü uzatır,Sofistike dizayn edilmiş tek gövdePU İzolasyon “hazır sıcak su” için gerekli enerji harcamasını en uygun seviyede tutar.Enerjiden tasarruf sağlayan “eco” çalışma konumu kireçlenmeyi ve enerji harcamasını daha da azaltır,Otomatik “don koruması” -hata göstergesi- ısıtma konum göstergesi gibi ekstra özellikler ile konforlu bir kullanım sağlanır,,
PBP0C5B80O,gazli ocaklar,pisirme grubu,Kendinden kumandalı- gazlı solo ocak,//media3.bosch-home.com/Product_Shots/600x600/MCSA00959347_DA1_PBP0C5B80L_EDE_def.jpg,1222,https://www.bosch-home.com.tr/urun-listesi/pisirme-grubu/ocaklar/gazli-ocaklar/PBP0C5B80O?breadcrumb=null,0,0,Yandan kontrollü gazlı ocak: İstenilen ocak gözü yan tarafta bulunan düğmelerden kolaylıkla kontrol edilebilir.,1.222-00 TL,-,https://www.bosch-home.com.tr/yetkili-saticilar?product=PBP0C5B80O,-,Serie | 2,0,Çelik ocak ızgarası: yüksek stabilite ve sağlamlık için,Yüzey rengi: Paslanmaz çelik- zarif tasarım.,Tezgah üstü: montaja gerek kalmadan-ocağınızı kolayca tezgaha koyunuz.,,
PBP0C5B80L,gazli ocaklar,pisirme grubu,Kendinden kumandalı- gazlı solo ocak,//media3.bosch-home.com/Product_Shots/600x600/MCSA00959347_DA1_PBP0C5B80L_EDE_def.jpg,1222,https://www.bosch-home.com.tr/urun-listesi/pisirme-grubu/ocaklar/gazli-ocaklar/PBP0C5B80L?breadcrumb=null,0,0,Yandan kontrollü gazlı ocak: İstenilen ocak gözü yan tarafta bulunan düğmelerden kolaylıkla kontrol edilebilir.,1.222-00 TL,-,https://www.bosch-home.com.tr/yetkili-saticilar?product=PBP0C5B80L,-,Serie | 2,0,Çelik ocak ızgarası: yüksek stabilite ve sağlamlık için,Yüzey rengi: Paslanmaz çelik- zarif tasarım.,Tezgah üstü: montaja gerek kalmadan-ocağınızı kolayca tezgaha koyunuz.,,
DLN53AA70,gomme aspiratorler,pisirme grubu,Ürün rengi:,//media3.bosch-home.com/Product_Shots/600x600/MCSA02608917_DLN53AA70_Canopy_Bosch_STP_def.jpg,1209,https://www.bosch-home.com.tr/urun-listesi/pisirme-grubu/davlumbazlar-ve-aspiratorler/gomme-aspiratorler/DLN53AA70?breadcrumb=null,0,0,-,1.209-00 TL,-,https://www.bosch-home.com.tr/yetkili-saticilar?product=DLN53AA70,Gömme aspiratör- 49 cm,Serie | 2,0,Emiş gücü: 300 m3/h- mutfağınızda kaliteli hava olmasını garanti eder.,LED aydınlatma: enerji verimliliği sayesinde ocağın mükemmel bir şekilde aydınlatılmasını sağlar.,,,
PBY0C2Y80O,gazli elektrikli ocaklar,pisirme grubu,60 cm Karışık ocak,//media3.bosch-home.com/Product_Shots/600x600/MCSA00959218_DA1_PBY0C2Y80O_White_def.jpg,1208,https://www.bosch-home.com.tr/urun-listesi/pisirme-grubu/ocaklar/gazli-elektrikli-ocaklar/PBY0C2Y80O?breadcrumb=null,0,0,Yandan kontrollü gazlı ocak: İstenilen ocak gözü yan tarafta bulunan düğmelerden kolaylıkla kontrol edilebilir.,1.208-00 TL,-,https://www.bosch-home.com.tr/yetkili-saticilar?product=PBY0C2Y80O,-,Serie | 2,1552431600,Çelik ocak ızgarası: yüksek stabilite ve sağlamlık için,Yüzey rengi: Beyaz emaye,Tezgah üstü: montaja gerek kalmadan-ocağınızı kolayca tezgaha koyunuz.,,
PBY0C2Y80L,gazli elektrikli ocaklar,pisirme grubu,60 cm Karışık ocak,//media3.bosch-home.com/Product_Shots/600x600/MCSA00959218_DA1_PBY0C2Y80O_White_def.jpg,1208,https://www.bosch-home.com.tr/urun-listesi/pisirme-grubu/ocaklar/gazli-elektrikli-ocaklar/PBY0C2Y80L?breadcrumb=null,0,0,Yandan kontrollü gazlı ocak: İstenilen ocak gözü yan tarafta bulunan düğmelerden kolaylıkla kontrol edilebilir.,1.208-00 TL,-,https://www.bosch-home.com.tr/yetkili-saticilar?product=PBY0C2Y80L,-,Serie | 2,1552431600,Çelik ocak ızgarası: yüksek stabilite ve sağlamlık için,Yüzey rengi: Beyaz emaye,Tezgah üstü: montaja gerek kalmadan-ocağınızı kolayca tezgaha koyunuz.,,
HMT72G450,solo mikrodalga firinlar,pisirme grubu,Izgaralı Mikrodalga Fırın 800 W,//media3.bosch-home.com/Product_Shots/600x600/MCSA029018_HMT72G450_def.jpg,1204,https://www.bosch-home.com.tr/urun-listesi/pisirme-grubu/mikrodalga-firinlar/solo-mikrodalga-firinlar/HMT72G450?breadcrumb=null,0,0,Esnek kullanım için solo mikrodalga fırın: hızlı buz çözme- ısıtma ve yiyecek hazırlama için mükemmel çözüm,1.204-00 TL,-,https://www.bosch-home.com.tr/yetkili-saticilar?product=HMT72G450,-,Serie | 2,0,Izgara fonksiyonu: güçlü ızgarası sayesinde hızlı ve kolay ızgara yapabilirsiniz,,,,
RDG6515TR,termosifonlar ve ani su isiticilari,klimalar ve ev konforu,LCD Ekranlı Termosifon- 65 Lt.,//media3.bosch-home.com/Product_Shots/600x600/MCSA00889825_F4538_RDG5015TR_524163_def.jpg,1178,https://www.bosch-home.com.tr/urun-listesi/klimalar-ve-ev-konforu/termosifonlar-ve-ani-su-isiticilari/RDG6515TR?breadcrumb=null,0,0,Duvara monte edilen elektrikli termosifon,1.178-00 TL,-,https://www.bosch-home.com.tr/yetkili-saticilar?product=RDG6515TR,-,-,1552431600,Arkadan aydınlatılan display üzerinden su sıcaklığı kademesiz ve tam olarak ayarlanabilir. Diğer aktif fonksiyonlar gösterilir,Titantum içerikli yeni özel emaye ideal koruma ve hijyen sağlar.Magnezyum anodu ile oluşan kombinasyon belirgin şekilde ürünün ömrünü uzatır,Sofistike dizayn edilmiş tek gövdePU İzolasyon “hazır sıcak su” için gerekli enerji harcamasını en uygun seviyede tutar.Enerjiden tasarruf sağlayan “eco” çalışma konumu kireçlenmeyi ve enerji harcamasını daha da azaltır,Otomatik “don koruması” -hata göstergesi- ısıtma konum göstergesi gibi ekstra özellikler ile konforlu bir kullanım sağlanır,
KSZ1CVZ00,aksesuarlar,buzdolaplari derin dondurucular,Mat Siyah,//media3.bosch-home.com/Product_Shots/600x600/MCSA02973389_J1754_2286662_KSZ1CVZ00_def.jpg,830,https://www.bosch-home.com.tr/urun-listesi/buzdolaplari-derin-dondurucular/aksesuarlar/KSZ1CVZ00?breadcrumb=null,0,0,Vario Style buzdolabınız için değiştirilebilir kapak,830-00 TL,1.144-00 TL,https://www.bosch-home.com.tr/yetkili-saticilar?product=KSZ1CVZ00,Sogutucu Aksesuarlari,-,1554069600,Mat Siyah,,,,
KSZ1CVU00,aksesuarlar,buzdolaplari derin dondurucular,Turkuaz,//media3.bosch-home.com/Product_Shots/600x600/MCSA02973397_J1757_2286670_KSZ1CVU00_def.jpg,830,https://www.bosch-home.com.tr/urun-listesi/buzdolaplari-derin-dondurucular/aksesuarlar/KSZ1CVU00?breadcrumb=null,0,0,Vario Style buzdolabınız için değiştirilebilir kapak,830-00 TL,1.144-00 TL,https://www.bosch-home.com.tr/yetkili-saticilar?product=KSZ1CVU00,Sogutucu Aksesuarlari,-,0,Turkuaz,,,,
KSZ1CVR00,aksesuarlar,buzdolaplari derin dondurucular,Kırmızı,//media3.bosch-home.com/Product_Shots/600x600/MCSA02973391_J1755_2286663_KSZ1CVR00_def.jpg,830,https://www.bosch-home.com.tr/urun-listesi/buzdolaplari-derin-dondurucular/aksesuarlar/KSZ1CVR00?breadcrumb=null,0,0,Vario Style buzdolabınız için değiştirilebilir kapak,830-00 TL,1.144-00 TL,https://www.bosch-home.com.tr/yetkili-saticilar?product=KSZ1CVR00,Sogutucu Aksesuarlari,-,1554069600,Kırmızı,,,,
KSZ1CVN00,aksesuarlar,buzdolaplari derin dondurucular,Gece Mavisi,//media3.bosch-home.com/Product_Shots/600x600/MCSA02973399_J1758_2286671_KSZ1CVN00_def.jpg,830,https://www.bosch-home.com.tr/urun-listesi/buzdolaplari-derin-dondurucular/aksesuarlar/KSZ1CVN00?breadcrumb=null,0,0,Vario Style buzdolabınız için değiştirilebilir kapak,830-00 TL,1.144-00 TL,https://www.bosch-home.com.tr/yetkili-saticilar?product=KSZ1CVN00,Sogutucu Aksesuarlari,-,1554069600,Gece Mavisi,,,,
KSZ1CVH00,aksesuarlar,buzdolaplari derin dondurucular,Limon Yeşili,//media3.bosch-home.com/Product_Shots/600x600/MCSA02973395_J1756_2286669_KSZ1CVH00_def.jpg,830,https://www.bosch-home.com.tr/urun-listesi/buzdolaplari-derin-dondurucular/aksesuarlar/KSZ1CVH00?breadcrumb=null,0,0,Vario Style buzdolabınız için değiştirilebilir kapak,830-00 TL,1.144-00 TL,https://www.bosch-home.com.tr/yetkili-saticilar?product=KSZ1CVH00,Sogutucu Aksesuarlari,-,1554069600,Limon Yeşili,,,,
RDG6514TR,termosifonlar ve ani su isiticilari,klimalar ve ev konforu,LED'li Termosifon- 65 lt.,//media3.bosch-home.com/Product_Shots/600x600/MCSA00890592_F4540_RDG5014TR_525134_def.jpg,1137,https://www.bosch-home.com.tr/urun-listesi/klimalar-ve-ev-konforu/termosifonlar-ve-ani-su-isiticilari/RDG6514TR?breadcrumb=null,0,0,Duvara monte edilen elektrikli termosifon,1.137-00 TL,-,https://www.bosch-home.com.tr/yetkili-saticilar?product=RDG6514TR,-,-,1552431600,Titantum içerikli yeni özel emaye ideal koruma ve hijyen sağlar.Magnezyum anodu ile oluşan kombinasyon belirgin şekilde ürünün ömrünü uzatır,Sofistike dizayn edilmiş tek gövdePU İzolasyon “hazır sıcak su” için gerekli enerji harcamasını en uygun seviyede tutar.Enerjiden tasarruf sağlayan “eco” çalışma konumu kireçlenmeyi ve enerji harcamasını daha da azaltır,Otomatik “don koruması” -hata göstergesi- ısıtma konum göstergesi gibi ekstra özellikler ile konforlu bir kullanım sağlanır,,
TDS2140,buhar istasyonlu utuler,utuler,Serie | 2 Buhar İstasyonlu Ütü,//media3.bosch-home.com/Product_Shots/600x600/MCSA01977778_H0747_TDS2140_1380792_korr_def.jpg,875,https://www.bosch-home.com.tr/urun-listesi/utuler/buhar-istasyonlu-utuler/TDS2140?breadcrumb=null,0,0,Kolay kullanım ve performans bir arada!,875-00 TL,1.119-00 TL,https://www.bosch-home.com.tr/yetkili-saticilar?product=TDS2140,-,-,1506808800,Calc'nClean Easy: Hem ütüyü hem de su haznesini kireçten arındırma programı,i-Temp: Her türlü ütülenebilir kumaşı çabuk ve güvenli bir şekilde ütüleyebilmeniz için mükemmel ısı ve buhar kombinasyonu,1.5 l kapasiteli geniş su tankı: Sürekli su ilave edebilme özelliği sayesinde kesintisiz ütü yapma imkanı,,
DWP64CC60T,duvar tipi davlumbazlar,pisirme grubu,DWP64CC60T,//media3.bosch-home.com/Product_Shots/600x600/MCSA01775564_DWP64CC60T_ChimneyHood_Bosch_STP_def.jpg,1061,https://www.bosch-home.com.tr/urun-listesi/pisirme-grubu/davlumbazlar-ve-aspiratorler/duvar-tipi-davlumbazlar/DWP64CC60T?breadcrumb=null,0,0,Duvar tipi davlumbaz: duvara monte edilen davlumbaz mutfağınızı planlamanız için size özgürlük verir.,1.061-00 TL,-,https://www.bosch-home.com.tr/yetkili-saticilar?product=DWP64CC60T,-,Serie | 2,0,LED aydınlatma: enerji verimliliği sayesinde ocağın mükemmel bir şekilde aydınlatılmasını sağlar.,Özellikle sessiz: yüksek performansta sadece 54 dB ses basıncı.,Emiş gücü: 380 m3/h- mutfağınızda kaliteli hava olmasını garanti eder.,,
DWP64CC20T,duvar tipi davlumbazlar,pisirme grubu,DWP64CC20T,//media3.bosch-home.com/Product_Shots/600x600/MCSA01775560_DWP64CC20T_ChimneyHood_Bosch_STP_def.jpg,1061,https://www.bosch-home.com.tr/urun-listesi/pisirme-grubu/davlumbazlar-ve-aspiratorler/duvar-tipi-davlumbazlar/DWP64CC20T?breadcrumb=null,0,0,Duvar tipi davlumbaz: duvara monte edilen davlumbaz mutfağınızı planlamanız için size özgürlük verir.,1.061-00 TL,-,https://www.bosch-home.com.tr/yetkili-saticilar?product=DWP64CC20T,-,Serie | 2,0,LED aydınlatma: enerji verimliliği sayesinde ocağın mükemmel bir şekilde aydınlatılmasını sağlar.,Özellikle sessiz: yüksek performansta sadece 54 dB ses basıncı.,Emiş gücü: 380 m3/h- mutfağınızda kaliteli hava olmasını garanti eder.,,
BGC1UB130,toz torbasiz elektrikli supurgeler,elektrikli supurgeler,GS-10,//media3.bosch-home.com/Product_Shots/600x600/MCSA01366358_G0373_BGC1UB130_881985_korr_def.jpg,829,https://www.bosch-home.com.tr/urun-listesi/elektrikli-supurgeler/toz-torbasiz-elektrikli-supurgeler/BGC1UB130?breadcrumb=null,0,0,Rahat kullanım ve ideal temizlik için kompakt tasarım,829-00 TL,1.039-00 TL,https://www.bosch-home.com.tr/yetkili-saticilar?product=BGC1UB130,Elektrikli Süpürge,-,1507154400,Toz torbasız- güçlü ve hızlı temizlik...,Çok hafif oluşu ve ultra kompakt tasarımı sayesinde kolay kullanım ve muhafaza imkanı (4-7 kg),Yeni geliştirilmiş HiSpin Motor'un aerodinamik tasarımı sayesinde daha düşük enerji tüketimiyle mükemmel hava akımı ve yüksek toz toplama performansı,Elektronik güç ayarı (ayarlama düğmesi) sayesinde her zemine uygun temizlik,
RDG5014TR,termosifonlar ve ani su isiticilari,klimalar ve ev konforu,LED'li Termosifon- 50 lt.,//media3.bosch-home.com/Product_Shots/600x600/MCSA00890592_F4540_RDG5014TR_525134_def.jpg,1034,https://www.bosch-home.com.tr/urun-listesi/klimalar-ve-ev-konforu/termosifonlar-ve-ani-su-isiticilari/RDG5014TR?breadcrumb=null,0,0,Duvara monte edilen elektrikli termosifon,1.034-00 TL,-,https://www.bosch-home.com.tr/yetkili-saticilar?product=RDG5014TR,-,-,1552431600,Titantum içerikli yeni özel emaye ideal koruma ve hijyen sağlar.Magnezyum anodu ile oluşan kombinasyon belirgin şekilde ürünün ömrünü uzatır,Sofistike dizayn edilmiş tek gövdePU İzolasyon “hazır sıcak su” için gerekli enerji harcamasını en uygun seviyede tutar.Enerjiden tasarruf sağlayan “eco” çalışma konumu kireçlenmeyi ve enerji harcamasını daha da azaltır,Otomatik “don koruması” -hata göstergesi- ısıtma konum göstergesi gibi ekstra özellikler ile konforlu bir kullanım sağlanır,,
MFW45020,kiyma makineleri,mutfak aletleri,ProPower Kıyma Makinesi,//media3.bosch-home.com/Product_Shots/600x600/MCSA00666855_E3887_MFW45020_318951_def.jpg,809,https://www.bosch-home.com.tr/urun-listesi/mutfak-aletleri/kiyma-makineleri/MFW45020?breadcrumb=null,0,0,-,809-00 TL,1.033-00 TL,https://www.bosch-home.com.tr/yetkili-saticilar?product=MFW45020,Beyaz,-,1542668400,1600W kilitli motor gücü ile dakikada 2.7 kg öğütme kapasitesi,Güçlü motoru sayesinde çok hızlı işlem kapasitesi,Vakumlu ayakları sayesinde kaymadan çalışma,İçli köfte ve sosis aparatları sayesinde çok becerikli,
RDW1275,su sebilleri,klimalar ve ev konforu,RDW1275 Su Sebili,//media3.bosch-home.com/Product_Shots/600x600/MCSA01671944_RDW1275_def.jpg,1029,https://www.bosch-home.com.tr/urun-listesi/klimalar-ve-ev-konforu/su-sebilleri/RDW1275?breadcrumb=null,0,0,Su sebili,1.029-00 TL,-,https://www.bosch-home.com.tr/yetkili-saticilar?product=RDW1275,-,-,1453503600,Sıcak ve soğuk su seçeneği: Bitki çayı- kahve v.b ihtiyacınız için sıcak su kullanımı- serinlemek için soğuk su kullanımı.,Modern dizayn,Çıkarılabilir su toplama haznesi,Bardak koyma aparatı,
HTB12E458T,solo turbo firinlar,pisirme grubu,Gümüş,//media3.bosch-home.com/Product_Shots/600x600/MCSA01745404_1183439_HTB12E458T_def.jpg,1029,https://www.bosch-home.com.tr/urun-listesi/pisirme-grubu/solo-firinlar/solo-turbo-firinlar/HTB12E458T?breadcrumb=null,0,0,Solo Midi Fırın: küçük alanlarda bile ızgara ve pişirme yapmanızı sağlar,1.029-00 TL,-,https://www.bosch-home.com.tr/yetkili-saticilar?product=HTB12E458T,-,Serie | 2,0,,,,,
BGL3A330C,toz torbali elektrikli supurgeler,elektrikli supurgeler,GL-30 ProEnergy,//media3.bosch-home.com/Product_Shots/600x600/MCSA01036156_F8023_BGL3A330C_656523_def.jpg,814,https://www.bosch-home.com.tr/urun-listesi/elektrikli-supurgeler/toz-torbali-elektrikli-supurgeler/BGL3A330C?breadcrumb=null,0,0,Güçlü performans ve pratik kullanımıyla hızlı ve kolay temizlik,814-00 TL,1.020-00 TL,https://www.bosch-home.com.tr/yetkili-saticilar?product=BGL3A330C,BGL3A330C Siyah,-,1451602800,QuattroPower System: Benzersiz temizleme performansını düşük enerji tüketimiyle sunan teknoloji,PowerProtect System: Toz torbası dolsa dahi- uzun süre yüksek temizleme performansı sunar.,Kolay saklama ve pratik kullanım - Hafif 4-3 kg,4 lt'lik geniş toz torbası sayesinde daha seyrek toz torbası değişimi ve daha az masraf,Yıkanabilir PureAir hijyenik filtre ile A sınıfı hava filtreleme
BSGL3A230,toz torbali elektrikli supurgeler,elektrikli supurgeler,Toz Torbalı Elektrikli Süpürge,//media3.bosch-home.com/Product_Shots/600x600/MCSA02606201_i6490_1966361_BSGL3A230_def.jpg,803,https://www.bosch-home.com.tr/urun-listesi/elektrikli-supurgeler/toz-torbali-elektrikli-supurgeler/BSGL3A230?breadcrumb=null,0,0,Güçlü performans ve pratik kullanımıyla hızlı ve kolay temizlik,803-00 TL,1.007-00 TL,https://www.bosch-home.com.tr/yetkili-saticilar?product=BSGL3A230,-,-,1533247200,Hafif ve kompakt yapısı sayesinde kolay ve hızlı temizleme,Kompakt boyutuna rağmen geniş toz alma kapasitesi,Sert zeminler üzerinde en iyi temizleme performansı,4 lt'lik geniş toz torbası sayesinde daha seyrek toz torbası değişimi ve daha az masraf,PureAir hijyenik filtre ile A sınıfı hava filtreleme
PBP0C2B80O,gazli ocaklar,pisirme grubu,Kendinden kumandalı- gazlı solo ocak,//media3.bosch-home.com/Product_Shots/600x600/MCSA00959345_DA1_PBP0C2B80L_White_def.jpg,966,https://www.bosch-home.com.tr/urun-listesi/pisirme-grubu/ocaklar/gazli-ocaklar/PBP0C2B80O?breadcrumb=null,0,0,Yandan kontrollü gazlı ocak: İstenilen ocak gözü yan tarafta bulunan düğmelerden kolaylıkla kontrol edilebilir.,966-00 TL,-,https://www.bosch-home.com.tr/yetkili-saticilar?product=PBP0C2B80O,-,Serie | 2,0,Çelik ocak ızgarası: yüksek stabilite ve sağlamlık için,Yüzey rengi: Beyaz emaye,Tezgah üstü: montaja gerek kalmadan-ocağınızı kolayca tezgaha koyunuz.,,
PBP0C2B80L,gazli ocaklar,pisirme grubu,Kendinden kumandalı- gazlı solo ocak,//media3.bosch-home.com/Product_Shots/600x600/MCSA00959345_DA1_PBP0C2B80L_White_def.jpg,966,https://www.bosch-home.com.tr/urun-listesi/pisirme-grubu/ocaklar/gazli-ocaklar/PBP0C2B80L?breadcrumb=null,0,0,Yandan kontrollü gazlı ocak: İstenilen ocak gözü yan tarafta bulunan düğmelerden kolaylıkla kontrol edilebilir.,966-00 TL,-,https://www.bosch-home.com.tr/yetkili-saticilar?product=PBP0C2B80L,-,Serie | 2,0,Çelik ocak ızgarası: yüksek stabilite ve sağlamlık için,Yüzey rengi: Beyaz emaye,Tezgah üstü: montaja gerek kalmadan-ocağınızı kolayca tezgaha koyunuz.,,
TDI953222V,buhar motorlu utuler,utuler,Buhar Motorlu Ütü,//media3.bosch-home.com/Product_Shots/600x600/MCSA02401718_i2651_1789310_TDI953222V_korr4_def.jpg,760,https://www.bosch-home.com.tr/urun-listesi/utuler/buhar-motorlu-utuler/TDI953222V?breadcrumb=null,0,0,-,760-00 TL,953-00 TL,https://www.bosch-home.com.tr/yetkili-saticilar?product=TDI953222V,-,-,1533074400,VarioComfort: Kolay kullanım ve mükemmel sonuçlar için geliştirilmiş 6 farklı ütüleme programı,Entegre buhar motoru sayesinde her seferinde kumaşa daha derinlemesine nüfuz eden yoğun buhar,i-Temp: Her türlü ütülenebilir kumaşı çabuk ve güvenli bir şekilde ütüleyebilmeniz için mükemmel ısı ve buhar kombinasyonu,230 g şok buhar çıkışıyla en inatçı kırışıklıkları bile düzleştirir,
PBY6C5B80L,gazli elektrikli ocaklar,pisirme grubu,PBY6C5B80L,//media3.bosch-home.com/Product_Shots/600x600/MCSA00959174_586635_PBY6C5B80L_def.jpg,939,https://www.bosch-home.com.tr/urun-listesi/pisirme-grubu/ocaklar/gazli-elektrikli-ocaklar/PBY6C5B80L?breadcrumb=null,0,0,Yandan kontrollü gazlı ocak: İstenilen ocak gözü yan tarafta bulunan düğmelerden kolaylıkla kontrol edilebilir.,939-00 TL,-,https://www.bosch-home.com.tr/yetkili-saticilar?product=PBY6C5B80L,-,Serie | 2,0,Çelik ocak ızgarası: yüksek stabilite ve sağlamlık için,Yüzey rengi: Paslanmaz çelik- zarif tasarım.,Kılıç Düğmeler : Ergonomik kullanım,,
HTB12E428T,solo turbo firinlar,pisirme grubu,Beyaz,//media3.bosch-home.com/Product_Shots/600x600/MCSA01745400_1183438_HTB12E428T_def.jpg,918,https://www.bosch-home.com.tr/urun-listesi/pisirme-grubu/solo-firinlar/solo-turbo-firinlar/HTB12E428T?breadcrumb=null,0,0,Solo Midi Fırın: küçük alanlarda bile ızgara ve pişirme yapmanızı sağlar,918-00 TL,-,https://www.bosch-home.com.tr/yetkili-saticilar?product=HTB12E428T,-,Serie | 2,0,,,,,
HMT72G420,solo mikrodalga firinlar,pisirme grubu,Tezgah üstü mikrodalgalar,//media3.bosch-home.com/Product_Shots/600x600/MCSA029022_HMT72G420_def.jpg,909,https://www.bosch-home.com.tr/urun-listesi/pisirme-grubu/mikrodalga-firinlar/solo-mikrodalga-firinlar/HMT72G420?breadcrumb=null,0,0,Esnek kullanım için solo mikrodalga fırın: hızlı buz çözme- ısıtma ve yiyecek hazırlama için mükemmel çözüm,909-00 TL,-,https://www.bosch-home.com.tr/yetkili-saticilar?product=HMT72G420,-,Serie | 2,0,Izgara fonksiyonu: güçlü ızgarası sayesinde hızlı ve kolay ızgara yapabilirsiniz,,,,
MCM3501M,mutfak robotlari,mutfak makineleri,Mutfak robotu,//media3.bosch-home.com/Product_Shots/600x600/MCSA01763724_G6471_MCM3501M_1198808_def.jpg,709,https://www.bosch-home.com.tr/urun-listesi/mutfak-makineleri/mutfak-robotlari/MCM3501M?breadcrumb=null,0,0,Yeni MultiTalent 3 - 50 farklı fonksiyonuyla mutfaktaki yeni asistanınız. Yemek yapmayı ve pişirmeyi hem kolaylaştırır hem de eğlenceli hale getirir.,709-00 TL,892-00 TL,https://www.bosch-home.com.tr/yetkili-saticilar?product=MCM3501M,800 watt,-,1448924400,Yeni 6'lı bıçağı sayesine sürekli mükemmel snuçlar; malzemeleriniz kusursuz doğranır- içecekleriniz mükemmel kıvamda karışır,Çok pratik: bütün aksesuarlar haznesinde saklanabildiği için her daim elinizin altındalar. Üstelik akıllı işaretler sayesinde takıp çıkartılmaları da çok kolay.,Özel öğütme aksesuarı sayesinde kahve ve baharatlarınızı kolayca öğütün,Çok fonksiyonlu aksesuarları sayesinde rendeleme- kesme- öğütme- doğrama- karıştırma ve yoğurma dahil 50'den fazla işlem tek bir cihazda,Bulaşık makinesinde yıkanabilir parçalar: aksesuarlar kolay ve hızlıca bulaşık makinesinde temizlenebilir.
PBP6C6B80O,gazli ocaklar,pisirme grubu,PBP6C6B80O,//media3.bosch-home.com/Product_Shots/600x600/MCSA00906392_541023_PBP6B6B80_def.jpg,871,https://www.bosch-home.com.tr/urun-listesi/pisirme-grubu/ocaklar/gazli-ocaklar/PBP6C6B80O?breadcrumb=null,0,0,Yandan kontrollü gazlı ocak: İstenilen ocak gözü yan tarafta bulunan düğmelerden kolaylıkla kontrol edilebilir.,871-00 TL,-,https://www.bosch-home.com.tr/yetkili-saticilar?product=PBP6C6B80O,-,Serie | 2,0,Çelik ocak ızgarası: yüksek stabilite ve sağlamlık için,Yüzey rengi: Beyaz emaye,Kılıç Düğmeler : Ergonomik kullanım,,
PBP6C6B80L,gazli ocaklar,pisirme grubu,PBP6C6B80L,//media3.bosch-home.com/Product_Shots/600x600/MCSA00906392_541023_PBP6B6B80_def.jpg,871,https://www.bosch-home.com.tr/urun-listesi/pisirme-grubu/ocaklar/gazli-ocaklar/PBP6C6B80L?breadcrumb=null,0,0,Yandan kontrollü gazlı ocak: İstenilen ocak gözü yan tarafta bulunan düğmelerden kolaylıkla kontrol edilebilir.,871-00 TL,-,https://www.bosch-home.com.tr/yetkili-saticilar?product=PBP6C6B80L,-,Serie | 2,0,Çelik ocak ızgarası: yüksek stabilite ve sağlamlık için,Yüzey rengi: Beyaz emaye,Kılıç Düğmeler : Ergonomik kullanım,,
PBP6C2B80O,gazli ocaklar,pisirme grubu,PBP6C2B80O,//media3.bosch-home.com/Product_Shots/600x600/MCSA00906361_540990_PBP6B2B80_def.jpg,871,https://www.bosch-home.com.tr/urun-listesi/pisirme-grubu/ocaklar/gazli-ocaklar/PBP6C2B80O?breadcrumb=null,0,0,Yandan kontrollü gazlı ocak: İstenilen ocak gözü yan tarafta bulunan düğmelerden kolaylıkla kontrol edilebilir.,871-00 TL,-,https://www.bosch-home.com.tr/yetkili-saticilar?product=PBP6C2B80O,-,Serie | 2,0,Çelik ocak ızgarası: yüksek stabilite ve sağlamlık için,Yüzey rengi: Beyaz emaye,Kılıç Düğmeler : Ergonomik kullanım,,
PBP6C2B80L,gazli ocaklar,pisirme grubu,PBP6C2B80L,//media3.bosch-home.com/Product_Shots/600x600/MCSA00906361_540990_PBP6B2B80_def.jpg,871,https://www.bosch-home.com.tr/urun-listesi/pisirme-grubu/ocaklar/gazli-ocaklar/PBP6C2B80L?breadcrumb=null,0,0,Yandan kontrollü gazlı ocak: İstenilen ocak gözü yan tarafta bulunan düğmelerden kolaylıkla kontrol edilebilir.,871-00 TL,-,https://www.bosch-home.com.tr/yetkili-saticilar?product=PBP6C2B80L,-,Serie | 2,0,Çelik ocak ızgarası: yüksek stabilite ve sağlamlık için,Yüzey rengi: Beyaz emaye,Kılıç Düğmeler : Ergonomik kullanım,,
BSGL3A210,toz torbali elektrikli supurgeler,elektrikli supurgeler,Toz Torbalı Elektrikli Süpürge,//media3.bosch-home.com/Product_Shots/600x600/MCSA02625406_i6907_1983405_BSGL3A210_def.jpg,668,https://www.bosch-home.com.tr/urun-listesi/elektrikli-supurgeler/toz-torbali-elektrikli-supurgeler/BSGL3A210?breadcrumb=null,0,0,-,668-00 TL,837-00 TL,https://www.bosch-home.com.tr/yetkili-saticilar?product=BSGL3A210,-,-,1533247200,Hafif ve kompakt yapısı sayesinde kolay ve hızlı temizleme,Kompakt boyutuna rağmen geniş toz alma kapasitesi,Sert zeminler üzerinde en iyi temizleme performansı,4 lt'lik geniş toz torbası sayesinde daha seyrek toz torbası değişimi ve daha az masraf,Temiz hava çıkışı sağlayan ve tekrar satınalma gerektirmeyen yıkanabilir hijyenik filtre.
TFB4431V,tost makineleri,pisirme grubu,Tost makinesi,//media3.bosch-home.com/Product_Shots/600x600/MCSA00889282_F3634_TFB4431V_523492_def.jpg,632,https://www.bosch-home.com.tr/urun-listesi/pisirme-grubu/tost-makineleri/TFB4431V?breadcrumb=null,0,0,Sağlıklı ve lezzetli yemekler. Farklı ısılara ayarlanabilen ızgara plakaları sayesinde etlerinizin kalitesinden ödün vermeyin.,632-00 TL,809-00 TL,https://www.bosch-home.com.tr/yetkili-saticilar?product=TFB4431V,Duman gümüşü / Antrasit,-,1483311600,3 farklı ızgara konumu sayesinde sınırsız olanaklar: kapalıyken tost makinesi- 180 derece açıkken barbekü ya da ızgara- fırın tepsisini kullanarak da fırınlama,Alt ve üst plakaları farklı ısılara ayarlayarak yemeklerinizi kusursuzca pişirin- tostlarınızı anında hazırlayın,Yapışmaz ve çıkarılabilir alüminyum döküm plakaları bulaşık makinesinde yıkanabilir,Aksesuarlar ile daha kullanışlı: 2 adet Damlama tepsisi ve fırın tepsisi!,Sabit ısı dağıtımı ve çabucak ısınma için ekstra güçlü:2000 Watt
MCM4000,mutfak robotlari,mutfak makineleri,Mutfak robotu,//media3.bosch-home.com/Product_Shots/600x600/MCSA042661_MCM4000_def.jpg,622,https://www.bosch-home.com.tr/urun-listesi/mutfak-makineleri/mutfak-robotlari/MCM4000?breadcrumb=null,0,0,-,622-00 TL,793-00 TL,https://www.bosch-home.com.tr/yetkili-saticilar?product=MCM4000,700 Watt,-,0,Rendeleme- doğrama- çırpma- yoğurma ve diğer işleriniz için 20'den fazla özelliği ile pratik mutfak yardımcınız,İki farklı hız ayarı ve anlık çalıştırma özelliği,Yüksek güçlü motor: 700 Watt,,
TDA5028110,buharli utuler,utuler,Buharlı ütü,//media3.bosch-home.com/Product_Shots/600x600/MCSA00603976_D8902_TDA5028110_242003_korr2_def.jpg,615,https://www.bosch-home.com.tr/urun-listesi/utuler/buharli-utuler/TDA5028110?breadcrumb=null,0,0,Otomatik kapanma özelliği ile kumaşlarınızı- 3'lü temizleme sistemi ile tabanını kireçten koruyan ütü,615-00 TL,786-00 TL,https://www.bosch-home.com.tr/yetkili-saticilar?product=TDA5028110,-,-,1462053600,Kullanılmadığında elektriği kesen güvenli otomatik kapanma sistemi,Optimum buhar dağılımı ve mükemmel kayganlık sağlayan CeraniumGlissée taban,Optimize edilmiş taban tasarımı ve geliştirilmiş buhar çıkış kanalları sayesinde mükemmel buhar dağılımı,TDZ1101 solüsyon ile kireç derdine son,180 gr şok buhar
MSM89160,mum 7 mutfak makinesi aksesuarlari,mutfak aletleri,El Blender Seti,//media3.bosch-home.com/Product_Shots/600x600/MCSA02847055_J0251_2175398_MSM89160_def.jpg,612,https://www.bosch-home.com.tr/urun-listesi/mutfak-aletleri/el-blenderlari/mum-7-mutfak-makinesi-aksesuarlari/MSM89160?breadcrumb=null,0,0,Bosch'un en güçlü el blender'ı,612-00 TL,782-00 TL,https://www.bosch-home.com.tr/yetkili-saticilar?product=MSM89160,1000 watt,-,0,1000 watt: yüksek motor gücü,SoftTouch saplı yüksek kaliteli paslanmaz çelik gövde: rahat kullanım ve güvenli kavrama için,Dayanıklı QuattroBlade Pro bıçak sistemi: her zaman mükemmel bir karışım sağlar,12 hız ayarı ve turbo özelliği,Çok fonksiyonlu aksesuarlar: XL-doğrayıcı (760 mi)- paslanmaz çelik çırpma teli ve kapaklı beher (600 ml)
DWP64CC50T,duvar tipi davlumbazlar,pisirme grubu,DWP64CC50T,//media3.bosch-home.com/Product_Shots/600x600/MCSA01775562_DWP64CC50T_ChimneyHood_Bosch_STP_def.jpg,739,https://www.bosch-home.com.tr/urun-listesi/pisirme-grubu/davlumbazlar-ve-aspiratorler/duvar-tipi-davlumbazlar/DWP64CC50T?breadcrumb=null,0,0,Duvar tipi davlumbaz: duvara monte edilen davlumbaz mutfağınızı planlamanız için size özgürlük verir.,739-00 TL,777-00 TL,https://www.bosch-home.com.tr/yetkili-saticilar?product=DWP64CC50T,-,Serie | 2,0,LED aydınlatma: enerji verimliliği sayesinde ocağın mükemmel bir şekilde aydınlatılmasını sağlar.,Özellikle sessiz: yüksek performansta sadece 54 dB ses basıncı.,Emiş gücü: 380 m3/h- mutfağınızda kaliteli hava olmasını garanti eder.,,
BHN20110,sarjli el supurgeleri,elektrikli supurgeler,Move 20.4V,//media3.bosch-home.com/Product_Shots/600x600/MCSA01698169_G6458_BHN20110_1144401_def.jpg,600,https://www.bosch-home.com.tr/urun-listesi/elektrikli-supurgeler/sarjli-el-supurgeleri/BHN20110?breadcrumb=null,0,0,Herzaman elinizin altında- kablosuz- hızlı,600-00 TL,769-00 TL,https://www.bosch-home.com.tr/yetkili-saticilar?product=BHN20110,Şarjlı el süpürgesi,-,0,12 dakikaya kadar kullanım,,,,
BSG6A110,toz torbali elektrikli supurgeler,elektrikli supurgeler,logo,//media3.bosch-home.com/Product_Shots/600x600/MCSA00776312_E8201_BSG6A110_423632_def.jpg,587,https://www.bosch-home.com.tr/urun-listesi/elektrikli-supurgeler/toz-torbali-elektrikli-supurgeler/BSG6A110?breadcrumb=null,0,0,Kullanımı oldukça kolay- rahat tutma yeri ile hızlı süpürme işlemi,587-00 TL,736-00 TL,https://www.bosch-home.com.tr/yetkili-saticilar?product=BSG6A110,Torbalı Elektrikli Süpürge,-,1501538400,Olağanüstü güç tasarrufu ile kusursuz temizlik performansı - 2200 W'lık elektrikli süpürge ile karşılaştırıldığında*,PowerProtect System: Toz torbası dolsa dahi- uzun süre yüksek temizleme performansı sunar.,Sadece 4-7 kg ağırlığı ile çok hafif. Kullanımı ve muhafazası kolay tasarım.,4 lt'lik geniş toz torbası sayesinde daha seyrek toz torbası değişimi ve daha az masraf,Hijyenik filtre ile daha temiz çıkış havası ve B sınıfı hava filtreleme.
MMB65G5M,blenderlar,mutfak aletleri,SilentMixx Blender,//media3.bosch-home.com/Product_Shots/600x600/MCSA02093576_H5431_MMB65G5M_1483900_def.jpg,569,https://www.bosch-home.com.tr/urun-listesi/mutfak-aletleri/blenderlar/MMB65G5M?breadcrumb=null,0,0,Bosch SilentMixx- güçlü ve hızlı bir şekilde karıştırır- keser ve püreler özellikle diğer stand mikserlerinden daha sessiz bir şekilde çalışır.,569-00 TL,728-00 TL,https://www.bosch-home.com.tr/yetkili-saticilar?product=MMB65G5M,-,-,1526508000,Yenilikçi Gürültü Azaltma Sistemi sayesinde SilentMixx- Bosch'un en sessiz elektrikli blenderidir,Easy KlickKnife en iyi sonuçları garanti eder ve temizlik için kolayca çıkarılabilir.,ThermoSafe cam blender - sıcak çorba ve buz gibi içeceklerin kolay ve güvenli bir şekilde karıştırılması için.,Mutfağınız için bir başyapıt: Paslanmaz çelik Premium Tasarım.,
MCM3201B,mutfak robotlari,mutfak makineleri,Mutfak robotu,//media3.bosch-home.com/Product_Shots/600x600/MCSA00853548_F6567_MCM3201B_489441_def.jpg,559,https://www.bosch-home.com.tr/urun-listesi/mutfak-makineleri/mutfak-robotlari/MCM3201B?breadcrumb=null,0,0,Yeni MultiTalent 3 - 30 farklı fonksiyonuyla mutfaktaki yeni asistanınız. Yemek yapmayı ve pişirmeyi hem kolaylaştırır hem de eğlenceli hale getirir.,559-00 TL,715-00 TL,https://www.bosch-home.com.tr/yetkili-saticilar?product=MCM3201B,800 watt,-,0,Yeni 6'lı bıçağı sayesinde lezzetli smoothieler- meyve suları ve buzlu shakeler...Hepsi de kusursuz kıvamda,Çok pratik: bütün aksesuarlar haznesinde saklanabildiği için her daim elinizin altındalar. Üstelik akıllı işaretler sayesinde takıp çıkartılmaları da çok kolay.,30'dan fazla özellik: paslanmaz çelik 6'lı bıçağı ve kullanışlı aksesuarlar sayesinde doğrama- rendeleme- karıştırma ve daha fazlası,Kompakt I şeklindeki tasarımı ile en küçük mutfaklarda bile size yer bırakır,Bulaşık makinesinde yıkanabilir parçalar: aksesuarlar kolay ve hızlıca bulaşık makinesinde temizlenebilir.
PBP6C5B80O,gazli ocaklar,pisirme grubu,PBP6C5B80O,//media3.bosch-home.com/Product_Shots/600x600/MCSA00906350_540979_PBP6C5B80O_def.jpg,673,https://www.bosch-home.com.tr/urun-listesi/pisirme-grubu/ocaklar/gazli-ocaklar/PBP6C5B80O?breadcrumb=null,0,0,Yandan kontrollü gazlı ocak: İstenilen ocak gözü yan tarafta bulunan düğmelerden kolaylıkla kontrol edilebilir.,673-00 TL,712-00 TL,https://www.bosch-home.com.tr/yetkili-saticilar?product=PBP6C5B80O,-,Serie | 2,0,Çelik ocak ızgarası: yüksek stabilite ve sağlamlık için,Kılıç Düğmeler : Ergonomik kullanım,Yüzey rengi: Paslanmaz çelik- zarif tasarım.,,
PBP6C5B80L,gazli ocaklar,pisirme grubu,PBP6C5B80L,//media3.bosch-home.com/Product_Shots/600x600/MCSA00906350_540979_PBP6C5B80O_def.jpg,673,https://www.bosch-home.com.tr/urun-listesi/pisirme-grubu/ocaklar/gazli-ocaklar/PBP6C5B80L?breadcrumb=null,0,0,Yandan kontrollü gazlı ocak: İstenilen ocak gözü yan tarafta bulunan düğmelerden kolaylıkla kontrol edilebilir.,673-00 TL,712-00 TL,https://www.bosch-home.com.tr/yetkili-saticilar?product=PBP6C5B80L,-,Serie | 2,0,Çelik ocak ızgarası: yüksek stabilite ve sağlamlık için,Yüzey rengi: Paslanmaz çelik- zarif tasarım.,Kılıç Düğmeler : Ergonomik kullanım,,
BGN2A111,toz torbali elektrikli supurgeler,elektrikli supurgeler,Toz Torbalı Elektrikli Süpürge,//media3.bosch-home.com/Product_Shots/600x600/MCSA02797608_i9860_2131173_BGN2A111_def.jpg,545,https://www.bosch-home.com.tr/urun-listesi/elektrikli-supurgeler/toz-torbali-elektrikli-supurgeler/BGN2A111?breadcrumb=null,0,0,-,545-00 TL,683-00 TL,https://www.bosch-home.com.tr/yetkili-saticilar?product=BGN2A111,-,-,1538604000,Düşük enerji tüketimiyle 24000 W'a* eş temizlik performansı,Kompakt boyutuna rağmen geniş toz alma kapasitesi,3.5 litrelik hacmi sayesinde daha az toz torbası değişimi ve daha çok tasarruf,Hafif ve kompakt dizaynı sayesinde kolay kullanım ve saklama,Yıkanabilir hijyenik filtre ile B sınıfı hava filtreleme
MSM87140,mum 7 mutfak makinesi aksesuarlari,mutfak aletleri,El Blender Seti,//media3.bosch-home.com/Product_Shots/600x600/MCSA00728597_E0351_MSM87140_228897_def.jpg,530,https://www.bosch-home.com.tr/urun-listesi/mutfak-aletleri/el-blenderlari/mum-7-mutfak-makinesi-aksesuarlari/MSM87140?breadcrumb=null,0,0,Muhteşem sonuçlar için- güçlü ve dayanıklı profesyonel mutfak yardımcınız.,530-00 TL,678-00 TL,https://www.bosch-home.com.tr/yetkili-saticilar?product=MSM87140,750 watt,-,0,Olağanüstü güç: yemekleriniz için çok hızlı ve güçlü 750 Watt motor.,12 hız ve turbo seçeneği ve özel dört bıçaklı tasarımıyla harika sonuçlar.,Yüksek kalite: Paslanmaz çelik gövde ve blender ayağı ile profesyonel sonuçlar.,Geniş butonları- ergonomik tutma yeri ve patentli sabitleme mekanizmasıyla kullanımı çok kolay.,
TKA8633,filtre kahve makineleri,kahve makineleri,Styline,//media3.bosch-home.com/Product_Shots/600x600/MCSA046337_TKA8633_def.jpg,524,https://www.bosch-home.com.tr/urun-listesi/kahve-makineleri/filtre-kahve-makineleri/TKA8633?breadcrumb=null,0,0,-,524-00 TL,670-00 TL,https://www.bosch-home.com.tr/yetkili-saticilar?product=TKA8633,Filtre kahve makinesi,-,1536703200,DualHeating Sistemi: Daha yoğun aroma için 1160W'lık çift yönlü ısıtma sistemi,Entegre kireç temizleme sistemi :Entegre kalsiyumsuzleştirme sistemi: Her zamankinden daha kolay bakım - daha uzun cihaz ömrü,Zamanlayıcı ve otomatik kapanma özelliği,Çıkartılabilen- kolay doldurulan su tankı,
TKA8631,filtre kahve makineleri,kahve makineleri,Styline,//media3.bosch-home.com/Product_Shots/600x600/MCSA046336_TKA8631_def.jpg,524,https://www.bosch-home.com.tr/urun-listesi/kahve-makineleri/filtre-kahve-makineleri/TKA8631?breadcrumb=null,0,0,-,524-00 TL,670-00 TL,https://www.bosch-home.com.tr/yetkili-saticilar?product=TKA8631,Filtre kahve makinesi,-,1536703200,DualHeating Sistemi: Daha yoğun aroma için 1160W'lık çift yönlü ısıtma sistemi,Entegre kireç temizleme sistemi :Entegre kalsiyumsuzleştirme sistemi: Her zamankinden daha kolay bakım - daha uzun cihaz ömrü,Zamanlayıcı ve otomatik kapanma özelliği,,
BHN14090,sarjli el supurgeleri,elektrikli supurgeler,Move 14.4V,//media3.bosch-home.com/Product_Shots/600x600/MCSA01698142_G6457_BHN14090_1144377_def.jpg,524,https://www.bosch-home.com.tr/urun-listesi/elektrikli-supurgeler/sarjli-el-supurgeleri/BHN14090?breadcrumb=null,0,0,Herzaman elinizin altında- kablosuz- hızlı,524-00 TL,670-00 TL,https://www.bosch-home.com.tr/yetkili-saticilar?product=BHN14090,Şarjlı el süpürgesi,-,1480546800,12 dakikaya kadar kullanım,,,,
TAT8612,ekmek kizartma makineleri,kahvalti hazirlama grubu,Styline,//media3.bosch-home.com/Product_Shots/600x600/MCSA01882390_G9464_TAT8612_1296553_korr5_def.jpg,508,https://www.bosch-home.com.tr/urun-listesi/kahvalti-hazirlama-grubu/ekmek-kizartma-makineleri/TAT8612?breadcrumb=null,0,0,-,508-00 TL,648-00 TL,https://www.bosch-home.com.tr/yetkili-saticilar?product=TAT8612,Ekmek kızartma makinesi,-,0,AutoHeat Control: Isı sensörü sayesinde ilk kızartmadan son kızartmaya kadar eşit ısı ayarı. Her seferinde mükemmel sonuçlar.,IndividualRoast: Bireysel zevk ve farklı türlerde ekmek için 9 kızartma seviyesi,Dahili ısıtma teli,"Ekmek diliminin rahatça çıkmasını sağlayan ""High-lift"" özelliği",Buz çözme ve ısıtma özelliği
TAT6A803,ekmek kizartma makineleri,kahvalti hazirlama grubu,Kompakt Ekmek Kızartma Makinesi,//media3.bosch-home.com/Product_Shots/600x600/MCSA01619342_G1883_TAT6A803_1070021_def.jpg,501,https://www.bosch-home.com.tr/urun-listesi/kahvalti-hazirlama-grubu/ekmek-kizartma-makineleri/TAT6A803?breadcrumb=null,0,0,Ne güzel bir gün! Paslanmaz çelik ekmek kızartma makinesi ile yapılmış lezzetli kızarmış tost ekmekleri- güne daha şık başlamak için daha ne olabilirdi.,501-00 TL,640-00 TL,https://www.bosch-home.com.tr/yetkili-saticilar?product=TAT6A803,Paslanmaz çelik / Siyah,-,1479942000,"Ekmeğin her tarafının eşit kızartılabilmesi için tasarlanmış ""otomatik ortalama"" özelliği",Kızarmış dilimin sıcak tutulabilmesi için entegre ısıtma teli,"Ekmek diliminin rahatça çıkmasını sağlayan ""High-lift"" özelliği",Buz çözme ve ısıtma ayarları,Ekstra uzun dilim ya da iki tost ekmeği dilimi için uzun bölmeli ekmek kızartma
TFB4402V,tost makineleri,pisirme grubu,Tost makinesi,//media3.bosch-home.com/Product_Shots/600x600/MCSA00889274_F3633_TFB4402V_523491_def.jpg,497,https://www.bosch-home.com.tr/urun-listesi/pisirme-grubu/tost-makineleri/TFB4402V?breadcrumb=null,0,0,Isı ayarlı kullanışlı tost makinesi,497-00 TL,632-00 TL,https://www.bosch-home.com.tr/yetkili-saticilar?product=TFB4402V,kırmızı / Antrasit,-,0,Üç farklı ızgara konumu: kapalı- set üstü ızgara ve fırın konumu,Yüzlerce farklı yemek için ayarlanabilir ızgara ayarı ile doğru sıcaklık kontrolünüzde,Çabuk ısınma ve sabit ızgara sıcaklığı için güçlü 1800 Watt,Sağlıklı ve düşük kalorili ızgaralarınız için özel yağ kanalları ve tepsisi,Yapışmayan yüzeyli çıkartılabilir ve makinede yıkanabilir ızgara plakaları
MFW3520W,kiyma makineleri,mutfak aletleri,CompactPower Kıyma Makinesi,//media3.bosch-home.com/Product_Shots/600x600/MCSA01674443_G3436_MFW3520W_1120043_def.jpg,483,https://www.bosch-home.com.tr/urun-listesi/mutfak-aletleri/kiyma-makineleri/MFW3520W?breadcrumb=null,0,0,Az yer kaplayan boyutuyla hep el altında,483-00 TL,618-00 TL,https://www.bosch-home.com.tr/yetkili-saticilar?product=MFW3520W,Beyaz,-,1542668400,Pratik taşıma kolu- kesme diskleri için uygun depolama ile dahiyane tasarım,İçli köfte ve sosis/sucuk doldurma ekleri ile gıda hazırlamak için geniş seçenekler,Güçlü 1500 W blok gücü sayesinde dakikada 1.8kg et işleme kapasitesi,Vakumlu ayakları sayesinde kaymadan çalışma,
MFQ4080,clevermixx el blenderlari,mutfak aletleri,El mikseri seti,//media3.bosch-home.com/Product_Shots/600x600/MCSA02127904_H6127_MFQ4080_1523777_def.jpg,470,https://www.bosch-home.com.tr/urun-listesi/mutfak-aletleri/mikserler/clevermixx-el-blenderlari/MFQ4080?breadcrumb=null,0,0,Yenilikçi çırpıcıları ve geniş aksesuar seçenekleriyle özel tasarım el mikseri,470-00 TL,605-00 TL,https://www.bosch-home.com.tr/yetkili-saticilar?product=MFQ4080,Beyaz / Gümüş,-,0,Çalışırken daha fazla konfor: çok sessiz- hafif ve çok güçlü,Hamur işlerinizi eğlenceye dönüştüren modern tasarım,Geniş aksesuar yelpazesi: paslanmaz çelik blender ayağı- doğrayıcı ve karıştırma kabı,En iyi sonuçlar için güçlü 500 Watt motor,
DUL62MA20T,ankastre davlumbazlar,pisirme grubu,Klasik aspiratör- 60 cm,//media3.bosch-home.com/Product_Shots/600x600/MCSA01903879_DUL62MA20T_Build-under-hood_Bosch_STP_def.jpg,592,https://www.bosch-home.com.tr/urun-listesi/pisirme-grubu/davlumbazlar-ve-aspiratorler/ankastre-davlumbazlar/DUL62MA20T?breadcrumb=null,0,0,Klasik aspiratör: mutfak dolabına ya da duvara monte ederek alandan tasarruf edebilirsiniz,592-00 TL,-,https://www.bosch-home.com.tr/yetkili-saticilar?product=DUL62MA20T,-,Serie | 2,1552431600,Emiş gücü: 235 m3/h- mutfağınızda kaliteli hava olmasını garanti eder.,Halojen aydınlatma: enerji verimliliği ile ocağın mükemmel bir şekilde aydınlatılmasını sağlar,Özellikle sessiz: yüksek performansta sadece 57 dB ses basıncı.,,
TTA5883,cay makineleri,kahvalti hazirlama grubu,Çay makinesi,//media3.bosch-home.com/Product_Shots/600x600/MCSA01625199_G2011_TTA5883_1074905_def.jpg,449,https://www.bosch-home.com.tr/urun-listesi/kahvalti-hazirlama-grubu/cay-makineleri/TTA5883?breadcrumb=null,0,0,Tek dokunuşla çay keyfi,449-00 TL,575-00 TL,https://www.bosch-home.com.tr/yetkili-saticilar?product=TTA5883,Paslanmaz çelik/ Siyah,-,1462053600,Rahat temizlik için geniş ağızlı,Gizlenmiş ısıtma aksamları,Kireç filtresi,,
TWK8613P,su isiticilari kettle,kahvalti hazirlama grubu,Su ısıtıcı,//media3.bosch-home.com/Product_Shots/600x600/MCSA046334_TWK8613_def.jpg,443,https://www.bosch-home.com.tr/urun-listesi/kahvalti-hazirlama-grubu/su-isiticilari-kettle/TWK8613P?breadcrumb=null,0,0,Dizayn tutkunları ve çay meraklıları için,443-00 TL,568-00 TL,https://www.bosch-home.com.tr/yetkili-saticilar?product=TWK8613P,Siyah,-,0,Sıcaklık Kontrolü: 70 ° C- 80 ° C- 90 ° C ve kaynama.,30 dk'ya kadar seçilen sıcaklıkta sıcak tutma fonksiyonu,3lü güvenlik sistemi: Otomatik kapanma- aşırı ısınma ve susuz çalışma emniyeti- kaldırıldığında otomatik kapanma,Tek elle kullanıma uygun- bir dokunuşta açılan kapak,1.5 l kapasite
TWK8612P,su isiticilari kettle,kahvalti hazirlama grubu,Su ısıtıcı,//media3.bosch-home.com/Product_Shots/600x600/MCSA01882373_G9463_TWK8612P_1296536_korr4_def.jpg,443,https://www.bosch-home.com.tr/urun-listesi/kahvalti-hazirlama-grubu/su-isiticilari-kettle/TWK8612P?breadcrumb=null,0,0,Dizayn tutkunları ve çay meraklıları için,443-00 TL,568-00 TL,https://www.bosch-home.com.tr/yetkili-saticilar?product=TWK8612P,nane yeşili,-,0,Sıcaklık Kontrolü: 70 ° C- 80 ° C- 90 ° C ve kaynama.,30 dk'ya kadar seçilen sıcaklıkta sıcak tutma fonksiyonu,3lü güvenlik sistemi: Otomatik kapanma- aşırı ısınma ve susuz çalışma emniyeti- kaldırıldığında otomatik kapanma,Tek elle kullanıma uygun- bir dokunuşta açılan kapak,1.5 l kapasite
TAT6A004,ekmek kizartma makineleri,kahvalti hazirlama grubu,Kompakt Ekmek Kızartma Makinesi,//media3.bosch-home.com/Product_Shots/600x600/MCSA01619341_G1923_TAT6A004_1070020_corr2_def.jpg,432,https://www.bosch-home.com.tr/urun-listesi/kahvalti-hazirlama-grubu/ekmek-kizartma-makineleri/TAT6A004?breadcrumb=null,0,0,Ne güzel bir gün! Lezzetli kızarmış ekmek ve şık tasarım - güne daha mükemmel bir başlangıç için daha ne olabilir?,432-00 TL,554-00 TL,https://www.bosch-home.com.tr/yetkili-saticilar?product=TAT6A004,kırmızı / Antrasit,-,1478041200,"Ekmeğin her tarafının eşit kızartılabilmesi için tasarlanmış ""otomatik ortalama"" özelliği",Kızarmış dilimin sıcak tutulabilmesi için entegre ısıtma teli,"Ekmek diliminin rahatça çıkmasını sağlayan ""High-lift"" özelliği",Buz çözme ve ısıtma ayarları,Ekstra uzun dilim ya da iki tost ekmeği dilimi için uzun bölmeli ekmek kızartma
TWK70B03,su isiticilari kettle,kahvalti hazirlama grubu,Su Isıtıcısı,//media3.bosch-home.com/Product_Shots/600x600/MCSA02665290_i7799_2017554_TWK70B03_def.jpg,420,https://www.bosch-home.com.tr/urun-listesi/kahvalti-hazirlama-grubu/su-isiticilari-kettle/TWK70B03?breadcrumb=null,0,0,-,420-00 TL,538-00 TL,https://www.bosch-home.com.tr/yetkili-saticilar?product=TWK70B03,cam,-,0,3lü güvenlik sistemi: Otomatik kapanma- aşırı ısınma ve susuz çalışma emniyeti- kaldırıldığında otomatik kapanma,Rahat temizlik için geniş ağızlı,Tek elle kullanıma uygun- bir dokunuşta açılan kapak,1.7 l kapasite,
TWK70A03,su isiticilari kettle,kahvalti hazirlama grubu,Su Isıtıcı,//media3.bosch-home.com/Product_Shots/600x600/MCSA01092336_G1725_TWK70A03_681949_korr_def.jpg,420,https://www.bosch-home.com.tr/urun-listesi/kahvalti-hazirlama-grubu/su-isiticilari-kettle/TWK70A03?breadcrumb=null,0,0,-,420-00 TL,538-00 TL,https://www.bosch-home.com.tr/yetkili-saticilar?product=TWK70A03,cam,-,1543532400,3lü güvenlik sistemi: Otomatik kapanma- aşırı ısınma ve susuz çalışma emniyeti- kaldırıldığında otomatik kapanma,Rahat temizlik için geniş ağızlı,Tek elle kullanıma uygun- bir dokunuşta açılan kapak,,
MMBM7G3M,blenderlar,mutfak aletleri,Mixx2Go Blender,//media3.bosch-home.com/Product_Shots/600x600/MCSA01600608_G4313_MMBM7G3M_1052308_korr3_def.jpg,414,https://www.bosch-home.com.tr/urun-listesi/mutfak-aletleri/blenderlar/MMBM7G3M?breadcrumb=null,0,0,Her mutfakta göz alıcı: özel tasarım ve premium malzemeler,414-00 TL,529-00 TL,https://www.bosch-home.com.tr/yetkili-saticilar?product=MMBM7G3M,-,-,1526508000,Paslanmaz çelik gövde- ThermoSafe cam sürahi ve dayanıklı Tritan aksesuarları.,2Go şişeleriyle gittiğiniz her yerde taze içeçeklerinizin keyfini çıkarın.,Sıcak çorbalardan soğuk içeceklere kadar her şey için kompakt boyutlarda- sağlam cam blender,Küçük miktarlarda fındık- peynir- soğan- bebek maması vb. işlemek için özel kıyıcı.,
MSM67190,ergomixx,mutfak aletleri,El Blender Seti,//media3.bosch-home.com/Product_Shots/600x600/MCSA00726979_E4593_MSM67190_378570_korr_def.jpg,412,https://www.bosch-home.com.tr/urun-listesi/mutfak-aletleri/el-blenderlari/ergomixx/MSM67190?breadcrumb=null,0,0,-,412-00 TL,528-00 TL,https://www.bosch-home.com.tr/yetkili-saticilar?product=MSM67190,750 watt,-,1543618800,Mükemmel sonuçlar için güçlü 750 Watt motor,Bütün işlemleriniz için 12 farklı hız seçeneği ve turbo özelliği tek dokunuşla elinizin altında,Paslanmaz çelik ayağı ve 4 kanatlı bıçağı ile püre yapmak- karıştırmak ve doğramak çok daha kolay,Blender'ınızı mutfak asistanınıza dönüştüren mutfak robotu aksesuarı,Entegre aksesuarlar: krem şanti- yumurta akı ya da hafif hamur karıştırmak için kullanışlı çırpma teli
TKA6A043,filtre kahve makineleri,kahvalti hazirlama grubu,ComfortLine,//media3.bosch-home.com/Product_Shots/600x600/MCSA01619317_G1879_TKA6A043_1069998_corr2_def.jpg,410,https://www.bosch-home.com.tr/urun-listesi/kahvalti-hazirlama-grubu/filtre-kahve-makineleri/TKA6A043?breadcrumb=null,0,0,Ne kadar güzel bir gün! Tam aromalı kahve ve şık dizayn ile her güne güzel bir ruh haliyle başlayın.,410-00 TL,526-00 TL,https://www.bosch-home.com.tr/yetkili-saticilar?product=TKA6A043,Filtre kahve makinesi,-,1483225200,Aroma+ tuşu sayesinde yoğun aromalı hazırlanmış kahvenizi beğeneceksiniz.,Çıkartılabilen- kolay doldurulan su tankı,3'li kolay kireç temizleme:Sürekli kahve keyfi için kolay kireç temizleme.,Daha güvenli ve daha rahat: Çeşitli zaman seçenekleriyle otomatik kapanma özelliği,Sürahinin geniş açılan ağzı sayesinde kolay temizleme
TAT6A913,ekmek kizartma makineleri,kahvalti hazirlama grubu,Kompakt Ekmek Kızartma Makinesi,//media3.bosch-home.com/Product_Shots/600x600/MCSA01619347_G1895_TAT6A913_1070026_def.jpg,411,https://www.bosch-home.com.tr/urun-listesi/kahvalti-hazirlama-grubu/ekmek-kizartma-makineleri/TAT6A913?breadcrumb=null,0,0,Ne güzel bir gün! Comforline ekmek kızartma makinesi ile yapılmış lezzetli kızarmış tost ekmekleri ile güne daha şık başlayın!,411-00 TL,525-00 TL,https://www.bosch-home.com.tr/yetkili-saticilar?product=TAT6A913,Paslanmaz çelik/ Siyah,-,1517439600,"Ekmeğin her tarafının eşit kızartılabilmesi için tasarlanmış ""otomatik ortalama"" özelliği",Kızarmış dilimin sıcak tutulabilmesi için entegre ısıtma teli,"Ekmek diliminin rahatça çıkmasını sağlayan ""High-lift"" özelliği",Buz çözme ve ısıtma ayarları,Kompakt 2 bölmeli ekmek kızartma
TAT6A111,ekmek kizartma makineleri,kahvalti hazirlama grubu,Kompakt Ekmek Kızartma Makinesi,//media3.bosch-home.com/Product_Shots/600x600/MCSA01619314_G1919_TAT6A111_1069995_def.jpg,411,https://www.bosch-home.com.tr/urun-listesi/kahvalti-hazirlama-grubu/ekmek-kizartma-makineleri/TAT6A111?breadcrumb=null,0,0,Ne güzel bir gün! Lezzetli kızarmış ekmek ve şık tasarım - güne daha mükemmel bir başlangıç için daha ne olabilir?,411-00 TL,525-00 TL,https://www.bosch-home.com.tr/yetkili-saticilar?product=TAT6A111,Beyaz/ koyu gri,-,0,"Ekmeğin her tarafının eşit kızartılabilmesi için tasarlanmış ""otomatik ortalama"" özelliği",Kızarmış dilimin sıcak tutulabilmesi için entegre ısıtma teli,"Ekmek diliminin rahatça çıkmasını sağlayan ""High-lift"" özelliği",Buz çözme ve ısıtma ayarları,Kompakt 2 bölmeli ekmek kızartma
TAT6A114,ekmek kizartma makineleri,kahvalti hazirlama grubu,Kompakt Ekmek Kızartma Makinesi,//media3.bosch-home.com/Product_Shots/600x600/MCSA01619315_G1920_TAT6A114_1069996_corr2_def.jpg,406,https://www.bosch-home.com.tr/urun-listesi/kahvalti-hazirlama-grubu/ekmek-kizartma-makineleri/TAT6A114?breadcrumb=null,0,0,Ne güzel bir gün! Lezzetli kızarmış ekmek ve şık tasarım - güne daha mükemmel bir başlangıç için daha ne olabilir?,406-00 TL,522-00 TL,https://www.bosch-home.com.tr/yetkili-saticilar?product=TAT6A114,kırmızı / Antrasit,-,1477954800,"Ekmeğin her tarafının eşit kızartılabilmesi için tasarlanmış ""otomatik ortalama"" özelliği",Kızarmış dilimin sıcak tutulabilmesi için entegre ısıtma teli,"Ekmek diliminin rahatça çıkmasını sağlayan ""High-lift"" özelliği",Buz çözme ve ısıtma ayarları,Kompakt 2 bölmeli ekmek kızartma
TAT6A113,ekmek kizartma makineleri,kahvalti hazirlama grubu,Kompakt Ekmek Kızartma Makinesi,//media3.bosch-home.com/Product_Shots/600x600/MCSA01619313_G1918_TAT6A113_1069994_corr2_def.jpg,406,https://www.bosch-home.com.tr/urun-listesi/kahvalti-hazirlama-grubu/ekmek-kizartma-makineleri/TAT6A113?breadcrumb=null,0,0,Ne güzel bir gün! Lezzetli kızarmış ekmek ve şık tasarım - güne daha mükemmel bir başlangıç için daha ne olabilir?,406-00 TL,522-00 TL,https://www.bosch-home.com.tr/yetkili-saticilar?product=TAT6A113,Siyah,-,0,"Ekmeğin her tarafının eşit kızartılabilmesi için tasarlanmış ""otomatik ortalama"" özelliği",Kızarmış dilimin sıcak tutulabilmesi için entegre ısıtma teli,"Ekmek diliminin rahatça çıkmasını sağlayan ""High-lift"" özelliği",Buz çözme ve ısıtma ayarları,Kompakt 2 bölmeli ekmek kızartma
TKA6A044,filtre kahve makineleri,kahvalti hazirlama grubu,ComfortLine,//media3.bosch-home.com/Product_Shots/600x600/MCSA01619318_G1921_TKA6A044_1069999_corr2_def.jpg,406,https://www.bosch-home.com.tr/urun-listesi/kahvalti-hazirlama-grubu/filtre-kahve-makineleri/TKA6A044?breadcrumb=null,0,0,Ne kadar güzel bir gün! Tam aromalı kahve ve şık dizayn ile her güne güzel bir ruh haliyle başlayın.,406-00 TL,520-00 TL,https://www.bosch-home.com.tr/yetkili-saticilar?product=TKA6A044,Filtre kahve makinesi,-,1483225200,Aroma+ tuşu sayesinde yoğun aromalı hazırlanmış kahvenizi beğeneceksiniz.,Çıkartılabilen- kolay doldurulan su tankı,3'li kolay kireç temizleme:Sürekli kahve keyfi için kolay kireç temizleme.,Daha güvenli ve daha rahat: Çeşitli zaman seçenekleriyle otomatik kapanma özelliği,Sürahinin geniş açılan ağzı sayesinde kolay temizleme
TTA5603,cay makineleri,kahvalti hazirlama grubu,Çay makinesi,//media3.bosch-home.com/Product_Shots/600x600/MCSA01625247_G2013_TTA5603_1074932_def.jpg,393,https://www.bosch-home.com.tr/urun-listesi/kahvalti-hazirlama-grubu/cay-makineleri/TTA5603?breadcrumb=null,0,0,Tek dokunuşla çay keyfi,393-00 TL,502-00 TL,https://www.bosch-home.com.tr/yetkili-saticilar?product=TTA5603,Paslanmaz çelik/ Siyah,-,1462053600,Rahat temizlik için geniş ağızlı,Gizlenmiş ısıtma aksamları,Kireç filtresi,,
TWK7804,su isiticilari kettle,kahvalti hazirlama grubu,Su ısıtıcı,//media3.bosch-home.com/Product_Shots/600x600/MCSA00726777_E5586_TWK7804_378385_def.jpg,377,https://www.bosch-home.com.tr/urun-listesi/kahvalti-hazirlama-grubu/su-isiticilari-kettle/TWK7804?breadcrumb=null,0,0,-,377-00 TL,483-00 TL,https://www.bosch-home.com.tr/yetkili-saticilar?product=TWK7804,GlamoredRed Parlak kırmızı / Siyah,-,0,Otomatik kapanma- aşırı ısınma ve susuz çalışma emniyeti,Gizlenmiş ısıtma aksamları,Kireç filtresi,Kablo sarma bölmesi,1.7 l kapasite
TDA3024010,buharli utuler,utuler,Buharlı Ütü,//media3.bosch-home.com/Product_Shots/600x600/MCSA00793415_E8343_TDA3024010_439639_korr_def.jpg,369,https://www.bosch-home.com.tr/urun-listesi/utuler/buharli-utuler/TDA3024010?breadcrumb=null,0,0,Her yöne rahat ve pürüzsüz ütüleme- hem de canlı renk seçenekleriyle.,369-00 TL,471-00 TL,https://www.bosch-home.com.tr/yetkili-saticilar?product=TDA3024010,-,-,1462053600,Her yöne pürüzsüz ütü için çok yönlü CeraniumGlissée taban,3AntiCalc: self-clean- calc'n clean ve entegre anti-calc ile 3'lü kireç temizleme sistemi,150 gr. şok buhar çıkışı,,
MSM66150,ergomixx,mutfak aletleri,El Blender Seti,//media3.bosch-home.com/Product_Shots/600x600/MCSA00464243_D3287_MSM66150RU_89280_def.jpg,359,https://www.bosch-home.com.tr/urun-listesi/mutfak-aletleri/el-blenderlari/ergomixx/MSM66150?breadcrumb=null,0,0,-,359-00 TL,463-00 TL,https://www.bosch-home.com.tr/yetkili-saticilar?product=MSM66150,600 watt,-,0,Kaymayan yumuşak malzemesi- ergonomik tasarlanmış tutma yeri ile ultra hafif ve kullanışlı,Paslanmaz çelik ayağı ve 4 kanatlı bıçağı ile püre yapmak- karıştırmak ve doğramak çok daha kolay,Aksesuarlarıyla hayatınızı kolaylaştırır: baharat- kuruyemiş ve peynir doğramak için doğrayıcısı ve yumurta ve krema çırpan çırpıcısı ile,Bütün işlemleriniz için 12 farklı hız seçeneği ve turbo özelliği tek dokunuşla elinizin altında,Kusursuz sonuçlar için güçlü 600 Watt motor
TWK7801,su isiticilari kettle,kahvalti hazirlama grubu,Su ısıtıcı,//media3.bosch-home.com/Product_Shots/600x600/MCSA00503866_D5362_TWK7801_117325_def.jpg,359,https://www.bosch-home.com.tr/urun-listesi/kahvalti-hazirlama-grubu/su-isiticilari-kettle/TWK7801?breadcrumb=null,0,0,-,359-00 TL,458-00 TL,https://www.bosch-home.com.tr/yetkili-saticilar?product=TWK7801,Paslanmaz çelik / Siyah,-,0,Otomatik kapanma- aşırı ısınma ve susuz çalışma emniyeti,Gizlenmiş ısıtma aksamları,Kireç filtresi,Kablo sarma bölmesi,1.7 l kapasite
TKA3A031,filtre kahve makineleri,kahvalti hazirlama grubu,CompactClass Extra,//media3.bosch-home.com/Product_Shots/600x600/MCSA00474788_D4352_TKA3A031_98693_def.jpg,347,https://www.bosch-home.com.tr/urun-listesi/kahvalti-hazirlama-grubu/filtre-kahve-makineleri/TKA3A031?breadcrumb=null,0,0,Her şey daha iyi bir kahve keyfi için,347-00 TL,442-00 TL,https://www.bosch-home.com.tr/yetkili-saticilar?product=TKA3A031,Filtre kahve makinesi,-,0,Mükemmel aroma için güçlü 1100 Watt'lık ısıtma,Kırılmaz tasarımlı sürahi,Rahat temizlik için kolay çıkarılabilir filtre,Demliği çıkartırken devreye giren damlama emniyeti,Sıcak tutma ve güvenlik için otomatik kapanma özelliği
TTA2201,cay makineleri,kahvalti hazirlama grubu,Çay makinesi,//media3.bosch-home.com/Product_Shots/600x600/MCSA00775795_E7243_TTA2201_423257_def.jpg,332,https://www.bosch-home.com.tr/urun-listesi/kahvalti-hazirlama-grubu/cay-makineleri/TTA2201?breadcrumb=null,0,0,Lezzetli sohbetleriniz için,332-00 TL,427-00 TL,https://www.bosch-home.com.tr/yetkili-saticilar?product=TTA2201,-,-,0,Su kapasitesi: 2 l Çay kapasitesi 0.7 l,Ekstra büyük çay süzgeçli cam demlik,Sıcak tutma fonksiyonu,,
TTA2010,cay makineleri,kahvalti hazirlama grubu,Çay makinesi,//media3.bosch-home.com/Product_Shots/600x600/MCSA036804_TTA2010_def.jpg,332,https://www.bosch-home.com.tr/urun-listesi/kahvalti-hazirlama-grubu/cay-makineleri/TTA2010?breadcrumb=null,0,0,-,332-00 TL,427-00 TL,https://www.bosch-home.com.tr/yetkili-saticilar?product=TTA2010,-,-,0,Güç: 1500-1785 watt (maksimum),çay kapasitesi: 0.7 l,su kapasitesi: 2 l,su seviye göstergeli- şeffaf su ısıtıcısı,
MMBM4G6K,blenderlar,mutfak aletleri,Mixx2Go Blender,//media3.bosch-home.com/Product_Shots/600x600/MCSA02108742_H6668_MMBM4G6K_1501590_korr_def.jpg,335,https://www.bosch-home.com.tr/urun-listesi/mutfak-aletleri/blenderlar/MMBM4G6K?breadcrumb=null,0,0,Sağlıklı karışımlarınız için mükemmel bir karıştırıcı.,335-00 TL,427-00 TL,https://www.bosch-home.com.tr/yetkili-saticilar?product=MMBM4G6K,-,-,1526508000,Hızlı ve mükemmel bir şekilde harmanlar- karıştırır ve püreler.,Sıcak çorbalardan buz gibi soğuk içeceklere kadar her şeyi güvenli bir şekilde hazırlamak için kompakt boyutlu- yüksek kaliteli ThermoSafe cam sürahi,2 hız ayarı,Temizlemesi kolay çıkarılabilir paslanmaz çelik bıçak.,
MMR15A1,dograyicilar,mutfak aletleri,Doğrayıcı,//media3.bosch-home.com/Product_Shots/600x600/MCSA00496023_D5174_MMR15A1_106841_def.jpg,336,https://www.bosch-home.com.tr/urun-listesi/mutfak-aletleri/dograyicilar/MMR15A1?breadcrumb=null,0,0,Hızlı doğrama ve karıştırma için zaman kazandıran kompakt doğrayıcı,336-00 TL,425-00 TL,https://www.bosch-home.com.tr/yetkili-saticilar?product=MMR15A1,Beyaz / Antrasit,-,0,Bütün aksesuarları bulaşık makinesinde yıkanabilir,mikrodalga kullanımına uygun- bulaşık makinesinde yıkanabilen 1500ml cam hazne,Buz kırmak için ekstra bıçak,Yumurta ve krema için çırpma diski,550 Watt'lık çok güçlü motor
TWK6A014,su isiticilari kettle,kahvalti hazirlama grubu,Su Isıtıcı,//media3.bosch-home.com/Product_Shots/600x600/MCSA01619350_G1924_TWK6A014_1070029_corr2_def.jpg,320,https://www.bosch-home.com.tr/urun-listesi/kahvalti-hazirlama-grubu/su-isiticilari-kettle/TWK6A014?breadcrumb=null,0,0,Ne güzel bir gün! Mükemmel hazırlanmış bir bardak çay-maksimum rahatlık ve kolay kullanım ile güne en iyi başlangıcı yapın.,320-00 TL,406-00 TL,https://www.bosch-home.com.tr/yetkili-saticilar?product=TWK6A014,kırmızı,-,1488322800,3lü güvenlik sistemi: Otomatik kapanma- aşırı ısınma ve susuz çalışma emniyeti- kaldırıldığında otomatik kapanma,Tek elle kullanıma uygun- bir dokunuşta açılan kapak,Pratik tek fincan özelliği size zaman kazandırır ve enerji tüketiminizi azaltır.,,
MFQ40302,clevermixx el blenderlari,mutfak aletleri,El mikseri,//media3.bosch-home.com/Product_Shots/600x600/MCSA02144254_H6585_MFQ40302GB_1542580_def.jpg,312,https://www.bosch-home.com.tr/urun-listesi/mutfak-aletleri/mikserler/clevermixx-el-blenderlari/MFQ40302?breadcrumb=null,0,0,-,312-00 TL,398-00 TL,https://www.bosch-home.com.tr/yetkili-saticilar?product=MFQ40302,Nane yeşili / Gümüş,-,1517439600,Hamur işlerinizi eğlenceye dönüştüren modern tasarım,Çalışırken daha fazla konfor: çok sessiz- hafif ve çok güçlü,En iyi sonuçlar için güçlü 500 Watt motor,Özel tasarımlı çelik karıştırma uçları sayesinde mükemmel çırpma ve karıştırma özelliği,
TWK6A013,su isiticilari kettle,kahvalti hazirlama grubu,Su Isıtıcı,//media3.bosch-home.com/Product_Shots/600x600/MCSA01619349_G1893_TWK6A013_1070028_corr2_def.jpg,309,https://www.bosch-home.com.tr/urun-listesi/kahvalti-hazirlama-grubu/su-isiticilari-kettle/TWK6A013?breadcrumb=null,0,0,Ne güzel bir gün! Mükemmel hazırlanmış bir bardak çay-maksimum rahatlık ve kolay kullanım ile güne en iyi başlangıcı yapın.,309-00 TL,395-00 TL,https://www.bosch-home.com.tr/yetkili-saticilar?product=TWK6A013,Siyah,-,1485903600,3lü güvenlik sistemi: Otomatik kapanma- aşırı ısınma ve susuz çalışma emniyeti- kaldırıldığında otomatik kapanma,Tek elle kullanıma uygun- bir dokunuşta açılan kapak,Pratik tek fincan özelliği size zaman kazandırır ve enerji tüketiminizi azaltır.,,
TWK6A011,su isiticilari kettle,kahvalti hazirlama grubu,Su Isıtıcı,//media3.bosch-home.com/Product_Shots/600x600/MCSA01619348_G1894_TWK6A011_1070027_def.jpg,306,https://www.bosch-home.com.tr/urun-listesi/kahvalti-hazirlama-grubu/su-isiticilari-kettle/TWK6A011?breadcrumb=null,0,0,Ne güzel bir gün! Mükemmel hazırlanmış bir bardak çay-maksimum rahatlık ve kolay kullanım ile güne en iyi başlangıcı yapın.,306-00 TL,392-00 TL,https://www.bosch-home.com.tr/yetkili-saticilar?product=TWK6A011,Beyaz,-,1488322800,3lü güvenlik sistemi: Otomatik kapanma- aşırı ısınma ve susuz çalışma emniyeti- kaldırıldığında otomatik kapanma,Tek elle kullanıma uygun- bir dokunuşta açılan kapak,Pratik tek fincan özelliği size zaman kazandırır ve enerji tüketiminizi azaltır.,,
MFQ4030K,clevermixx el blenderlari,mutfak aletleri,El mikseri,//media3.bosch-home.com/Product_Shots/600x600/MCSA02154160_H6669_MFQ4030K_1552928_def.jpg,310,https://www.bosch-home.com.tr/urun-listesi/mutfak-aletleri/mikserler/clevermixx-el-blenderlari/MFQ4030K?breadcrumb=null,0,0,-,310-00 TL,388-00 TL,https://www.bosch-home.com.tr/yetkili-saticilar?product=MFQ4030K,gentle pink / Gri,-,1517439600,Hamur işlerinizi eğlenceye dönüştüren modern tasarım,Çalışırken daha fazla konfor: çok sessiz- hafif ve çok güçlü,En iyi sonuçlar için güçlü 500 Watt motor,Özel tasarımlı çelik karıştırma uçları sayesinde mükemmel çırpma ve karıştırma özelliği,
MFQ40303,clevermixx el blenderlari,mutfak aletleri,El mikseri,//media3.bosch-home.com/Product_Shots/600x600/MCSA02001247_H3737_MFQ40303_1396962_def.jpg,310,https://www.bosch-home.com.tr/urun-listesi/mutfak-aletleri/mikserler/clevermixx-el-blenderlari/MFQ40303?breadcrumb=null,0,0,-,310-00 TL,388-00 TL,https://www.bosch-home.com.tr/yetkili-saticilar?product=MFQ40303,Koyu kırmızı / Gümüş,-,1517439600,Hamur işlerinizi eğlenceye dönüştüren modern tasarım,Çalışırken daha fazla konfor: çok sessiz- hafif ve çok güçlü,En iyi sonuçlar için güçlü 500 Watt motor,Özel tasarımlı çelik karıştırma uçları sayesinde mükemmel çırpma ve karıştırma özelliği,
MMR08R2,dograyicilar,mutfak aletleri,Doğrayıcı,//media3.bosch-home.com/Product_Shots/600x600/MCSA00496025_D5175_MMR08R2_106842_def.jpg,272,https://www.bosch-home.com.tr/urun-listesi/mutfak-aletleri/dograyicilar/MMR08R2?breadcrumb=null,0,0,Hızlı doğrama ve karıştırma için zaman kazandıran kompakt kırmızı doğrayıcı,272-00 TL,350-00 TL,https://www.bosch-home.com.tr/yetkili-saticilar?product=MMR08R2,Kırmızı / Gri,-,0,Bütün aksesuarları bulaşık makinesinde yıkanabilir,Kompakt tasarımı sayesinde kolayca saklanabilir,Mikrodalga kullanımına uygun- bulaşık makinesinde yıkanabilir 800ml hazne,Yumurta ve krema için çırpma diski,400 Watt'lık güçlü motor
MMR08A1,dograyicilar,mutfak aletleri,Doğrayıcı,//media3.bosch-home.com/Product_Shots/600x600/MCSA00496021_D5075_MMR08A1_106840_def.jpg,262,https://www.bosch-home.com.tr/urun-listesi/mutfak-aletleri/dograyicilar/MMR08A1?breadcrumb=null,0,0,Hızlı doğrama ve karıştırma için zaman kazandıran kompakt doğrayıcı,262-00 TL,335-00 TL,https://www.bosch-home.com.tr/yetkili-saticilar?product=MMR08A1,Beyaz / Antrasit,-,0,Bütün aksesuarları bulaşık makinesinde yıkanabilir,Kompakt tasarımı sayesinde kolayca saklanabilir,Mikrodalga kullanımına uygun- bulaşık makinesinde yıkanabilir 800ml hazne,Yumurta ve krema için çırpma diski,400 Watt'lık güçlü motor
MSM64110,ergomixx,mutfak aletleri,El Blenderı,//media3.bosch-home.com/Product_Shots/600x600/MCSA00390767_C9638_MSM64110_10713_def.jpg,257,https://www.bosch-home.com.tr/urun-listesi/mutfak-aletleri/el-blenderlari/ergomixx/MSM64110?breadcrumb=null,0,0,-,257-00 TL,327-00 TL,https://www.bosch-home.com.tr/yetkili-saticilar?product=MSM64110,450 watt,-,0,Kaymayan yumuşak malzemesi- ergonomik tasarlanmış tutma yeri ile ultra hafif ve kullanışlı,Paslanmaz çelik ayağı ve 4 kanatlı bıçağı ile püre yapmak- karıştırmak ve doğramak çok daha kolay,Pratik mekanizması sayesinde rahatça çıkartılabilen blender ayağını bulaşık makinesinde kolayca temizleme imkanı,Maksimum güç için turbo seçeneği tek dokunuşla elinizin altında,Kusursuz sonuçlar için güçlü 450 Watt motor
MFQ2420B,clevermixx2,mutfak aletleri,El mikseri,//media3.bosch-home.com/Product_Shots/600x600/MCSA02688526_i8106_2036759_MFQCM20BCN_def.jpg,256,https://www.bosch-home.com.tr/urun-listesi/mutfak-aletleri/mikserler/clevermixx2/MFQ2420B?breadcrumb=null,0,0,-,256-00 TL,325-00 TL,https://www.bosch-home.com.tr/yetkili-saticilar?product=MFQ2420B,-,-,1485903600,Zarif tasarım: paslanmaz çelik ön yüzeyi mutfağınıza ayrı şıklık katar,Yoğurma ve çırpma için yarattığımız kusursuz çözüm,Sessiz ve güçlü 400 Watt motoru sayesinde hamur ve kremalarınızı kusursuzluğa taşır,Daha rahat yemek hazırlamanız için hafif ve tutması çok kolay,Birinci sınıf Bosch kalitesi sayesinde senelerce kullanabileceksiniz!
MFQ24200,clevermixx2,mutfak aletleri,El mikseri,//media3.bosch-home.com/Product_Shots/600x600/MCSA02658687_i7459_2013048_MFQ24200GB_def.jpg,237,https://www.bosch-home.com.tr/urun-listesi/mutfak-aletleri/mikserler/clevermixx2/MFQ24200?breadcrumb=null,0,0,-,237-00 TL,303-00 TL,https://www.bosch-home.com.tr/yetkili-saticilar?product=MFQ24200,-,-,1490997600,Zarif tasarım: paslanmaz çelik ön yüzeyi mutfağınıza ayrı şıklık katar,Yoğurma ve çırpma için yarattığımız kusursuz çözüm,Sessiz ve güçlü 400 Watt motoru sayesinde hamur ve kremalarınızı kusursuzluğa taşır,Daha rahat yemek hazırlamanız için hafif ve tutması çok kolay,
MSM2410K,maxomixx el blenderlari,mutfak aletleri,El Blenderı,//media3.bosch-home.com/Product_Shots/600x600/MCSA01896899_H0448_MSM2410K_1309593_korr_def.jpg,223,https://www.bosch-home.com.tr/urun-listesi/mutfak-aletleri/el-blenderlari/maxomixx-el-blenderlari/MSM2410K?breadcrumb=null,0,0,Bosch CleverMixx El Blender'ı ile mutfakta eğlence,223-00 TL,279-00 TL,https://www.bosch-home.com.tr/yetkili-saticilar?product=MSM2410K,400 watt,-,1527544800,Ergonomig tutma yeri sayesinde- elinize mükemmel uyum sağlar. Hafif ve kullanımı kolaydır.,Yeni tasarlanan paslanmaz çelik karıştırıcı ayağı sayesinde karıştırma ve pure yapımı esnasında sıçratmaz,Karıştırma yağı bulaşık makinesinde yıkanabilir,Ölçü kabı sayesinde tarifineze göre gerekli ölçüyü ayarlayabilir- bu kap içerisinde karışımı hazırlayabilirsiniz.,400W motor sayesinde tüm içerikler mükemmel bir şekilde kısa sürede karıştırılır.
MKM6003,kahve degirmenleri,kahve makineleri,Kahve Değirmeni,//media3.bosch-home.com/Product_Shots/600x600/MCSA00762572_E6317_MKM6003_407471_def.jpg,209,https://www.bosch-home.com.tr/urun-listesi/kahve-makineleri/kahve-degirmenleri/MKM6003?breadcrumb=null,0,0,Daha çok aroma için taze öğütülmüş çekirdekler,209-00 TL,267-00 TL,https://www.bosch-home.com.tr/yetkili-saticilar?product=MKM6003,-,-,1547766000,İnce öğütme için paslanmaz çelik doğrama bıçağı,Sadece kapağı kapalıyken çalışma,75g çekirdek kapasitesi,,
MKM6000,kahve degirmenleri,kahve makineleri,Kahve Değirmeni,//media3.bosch-home.com/Product_Shots/600x600/MCSA00753666_E5619_MKM6000_399886_korr_14_01_2014_def.jpg,209,https://www.bosch-home.com.tr/urun-listesi/kahve-makineleri/kahve-degirmenleri/MKM6000?breadcrumb=null,0,0,Daha çok aroma için taze öğütülmüş çekirdekler,209-00 TL,267-00 TL,https://www.bosch-home.com.tr/yetkili-saticilar?product=MKM6000,-,-,1547766000,İnce öğütme için paslanmaz çelik doğrama bıçağı,Sadece kapağı kapalıyken çalışma,Güvenlik konumu,75g çekirdek kapasitesi,
MSM64010,ergomixx,mutfak aletleri,El Blenderı,//media3.bosch-home.com/Product_Shots/600x600/MCSA00390770_C9637_MSM64010_10715_def.jpg,201,https://www.bosch-home.com.tr/urun-listesi/mutfak-aletleri/el-blenderlari/ergomixx/MSM64010?breadcrumb=null,0,0,-,201-00 TL,256-00 TL,https://www.bosch-home.com.tr/yetkili-saticilar?product=MSM64010,450 watt,-,0,Kaymayan yumuşak malzemesi- ergonomik tasarlanmış tutma yeri ile ultra hafif ve kullanışlı,Paslanmaz çelik ayağı ve 4 kanatlı bıçağı ile püre yapmak- karıştırmak ve doğramak çok daha kolay,Pratik mekanizması sayesinde rahatça çıkartılabilen blender ayağını bulaşık makinesinde kolayca temizleme imkanı,Maksimum güç için turbo seçeneği tek dokunuşla elinizin altında,Kusursuz sonuçlar için güçlü 450 Watt motor
MCP3500N,meyve sikacaklari,mutfak aletleri,Narenciye Sıkacağı,//media3.bosch-home.com/Product_Shots/600x600/MCSA009541_MCP3500_def.jpg,196,https://www.bosch-home.com.tr/urun-listesi/mutfak-aletleri/meyve-sikacaklari/MCP3500N?breadcrumb=null,0,0,Geniş ve çıkartılabilir haznesi ve kişisel posa seçeneği ile kompakt narenciye sıkacağı,196-00 TL,251-00 TL,https://www.bosch-home.com.tr/yetkili-saticilar?product=MCP3500N,Beyaz / Yaz sarısı,-,1538949600,Maksimum sıkma performansı için çift yönlü dönebilen başlık,Meyve suyundaki posa miktarını ayarlamaya yarayan posa ayar seçeneği,Geniş 800 ml meyve suyu kapasitesi ve ölçülü hazne,Bulaşık makinesinde yıkanabilen parçalar sayesinde kolay temizlik,Kablo dolama ve tozdan koruma kapağı ile kolay muhafaza
MCP3500,meyve sikacaklari,mutfak aletleri,Narenciye Sıkacağı,//media3.bosch-home.com/Product_Shots/600x600/MCSA009541_MCP3500_def.jpg,196,https://www.bosch-home.com.tr/urun-listesi/mutfak-aletleri/meyve-sikacaklari/MCP3500?breadcrumb=null,0,0,Geniş ve çıkartılabilir haznesi ve kişisel posa seçeneği ile kompakt narenciye sıkacağı,196-00 TL,251-00 TL,https://www.bosch-home.com.tr/yetkili-saticilar?product=MCP3500,Beyaz / Yaz sarısı,-,1514847600,Maksimum sıkma performansı için çift yönlü dönebilen başlık,Meyve suyundaki posa miktarını ayarlamaya yarayan posa ayar seçeneği,Geniş 800 ml meyve suyu kapasitesi ve ölçülü hazne,Bulaşık makinesinde yıkanabilen parçalar sayesinde kolay temizlik,Kablo dolama ve tozdan koruma kapağı ile kolay muhafaza
MFQ3030,el blenderlari,mutfak aletleri,El mikseri,//media3.bosch-home.com/Product_Shots/600x600/MCSA01079418_F8177_MFQ3030GB_669224_def.jpg,177,https://www.bosch-home.com.tr/urun-listesi/mutfak-aletleri/mikserler/el-blenderlari/MFQ3030?breadcrumb=null,0,0,Kalite arayanlar için güvenilir el mikseri,177-00 TL,224-00 TL,https://www.bosch-home.com.tr/yetkili-saticilar?product=MFQ3030,Beyaz,-,0,Düşük fiyata yüksek kalite sunan hafif el mikseri,İki adet çırpma ve yoğurma ucuyla birlikte gelir,Bütün aksesuarlar bulaşık makinesinde yıkanabilir,4 farklı hız seçeneği ve turbo özelliği ile- ihtiyacınıza uygun hızı seçmek sizin elinizde,Güçlü 350 Watt motor
WVTI2840EU,arsiv,arsiv,Tam kurutmalı,//media3.bosch-home.com/Product_Shots/600x600/MCSA020577_WVTI2840EU_def.jpg,0,https://www.bosch-home.com.tr/urun-listesi/arsiv/WVTI2840EU?breadcrumb=null,0,0,-,,-,https://www.bosch-home.com.tr/yetkili-saticilar?product=WVTI2840EU,WVTI2840,-,0,Yıkama kapasitesi: 5 kg Kurutma kapasitesi: 2.5 kg,Soğuk su girişi,2-5 kg çamaşır için kesintisiz yıkama ve kurutma programları,Devir sayısı: 600 - 1400 dev/dak,
WVH28440TR,arsiv,arsiv,Tam kurutmalı,//media3.bosch-home.com/Product_Shots/600x600/MCSA00667989_WVH28440TR_def.jpg,0,https://www.bosch-home.com.tr/urun-listesi/arsiv/WVH28440TR?breadcrumb=null,0,0,Hava yoğunlaştırma teknolojili kurutmalı çamaşır makinesi ve Buhar özelliği; kurutma aşamasında da su tasarrufu yaparak çamaşırlarınızı havalandırır.,,-,https://www.bosch-home.com.tr/yetkili-saticilar?product=WVH28440TR,-,Serie | 6,0,Buhar özelliği ile kırışıksız çamaşırlar.,VarioSoft™ Drum: Damla şeklindeki tambur yapısı ile hassas veya güçlü yıkama gerçekleşir.,Otomatik kurutma: İstemiş olduğunuz kuruluk seviyesinde çamaşırlarınızı hassas bir şekilde kurutur.,,
WUQ24460TR,camasir makineleri,camasir ve kurutma makineleri,Çamaşır Makinesi,//media3.bosch-home.com/Product_Shots/600x600/MCSA01992064_WUQ24460TR_def.jpg,0,https://www.bosch-home.com.tr/urun-listesi/camasir-ve-kurutma-makineleri/camasir-makineleri/camasir-makineleri/WUQ24460TR?breadcrumb=null,0,0,-,,-,https://www.bosch-home.com.tr/yetkili-saticilar?product=WUQ24460TR,8 kg 1200 devir A+++,Serie | 6,1505426400,EcoSilence Drive™: 10 yıl garantili- uzun ömürlü motor. Sessiz çalışır ve enerji verimliliği yüksektir.,VarioDrum: Özel tambur yapısı sayesinde hassas ve efektif yıkama,VarioPerfect: %65* e varan oranda zaman; %50** ye varan oranda enerji tasarrufu. (*Pamuklular 40°C programında SpeedPerfect seçeneği ile program süresi karşılaştırması- ** Pamuklular 40°C programında EcoPerfect seçeneği ile enerji tüketimi karşılaştırması),,
WTZ1110,aksesuarlar,camasir ve kurutma makineleri,condenser arıtma teçhizatı,//media3.bosch-home.com/Product_Shots/600x600/MCSA023608_WTZ1110_def.jpg,0,https://www.bosch-home.com.tr/urun-listesi/camasir-ve-kurutma-makineleri/aksesuarlar/WTZ1110?breadcrumb=null,0,0,-,,-,https://www.bosch-home.com.tr/yetkili-saticilar?product=WTZ1110,-,-,1480546800,yoğunlaştırmalı kurutmalı makineler için,,,,
WTY88860TR,isi pompali kurutma makineleri,camasir ve kurutma makineleri,Kurutma Makinesi - Isı pompalı,//media3.bosch-home.com/Product_Shots/600x600/MCSA00797917_WTY88860TR_def.jpg,0,https://www.bosch-home.com.tr/urun-listesi/camasir-ve-kurutma-makineleri/kurutma-makineleri/isi-pompali-kurutma-makineleri/WTY88860TR?breadcrumb=null,0,0,-,,-,https://www.bosch-home.com.tr/yetkili-saticilar?product=WTY88860TR,8 kg A+++,HomeProfessional,1552431600,SelfCleaning Condenser™: Kendi kendini temizleyen kondanser ile manuel temizliğe gerek kalmaz ayrıca enerjiden tasarruf etmenizi sağlar.,A+++ -%10: En üst enerji sınıfı olan A+++' dan %10 daha verimli.,ComfortControl Plus: Kullanıcı dostu- kolay kontrol edilebilir TFT display ile kolay program ve opsiyon seçimi.,SensitiveDrying: Özel tambur yapısı ile narin kurutma.,
WTY88800TR,arsiv,arsiv,çamaşır kurutma makinesi - isi pompasi,//media3.bosch-home.com/Product_Shots/600x600/MCSA00632000_WTY88800TR_def.jpg,0,https://www.bosch-home.com.tr/urun-listesi/arsiv/WTY88800TR?breadcrumb=null,0,0,Dünyadaki en verimli kurutma makinelerinden birisi: Kullanım ömrü boyunca düşük tüketim değerleri ile hem çevreyi hem cebiniz korur.,,-,https://www.bosch-home.com.tr/yetkili-saticilar?product=WTY88800TR,-,HomeProfessional,0,A+++ enerji verimlilik sınfı,SelfCleaning Condenser™: Kendi kendini temizleyen kondanser ile manuel temizliğe gerek kalmaz ayrıca enerjiden tasarruf etmenizi sağlar.,ComfortControl Plus: Kullanıcı dostu- kolay kontrol edilebilir TFT display ile kolay program ve opsiyon seçimi.,SensitiveDrying: Özel tambur yapısı ile narin kurutma.,
WTY88740TR,arsiv,arsiv,HomeProfessional selfCleaning Condenser,//media3.bosch-home.com/Product_Shots/600x600/MCSA00412335_WTY88740TR_def.jpg,0,https://www.bosch-home.com.tr/urun-listesi/arsiv/WTY88740TR?breadcrumb=null,0,0,Buhar özelliği ile hem çamaşırlarınızdaki kırışıklıkları hemde kötü kokuları yokedebilirsiniz.,,-,https://www.bosch-home.com.tr/yetkili-saticilar?product=WTY88740TR,-,HomeProfessional,0,A++ enerji verim sınıfı ile son derece verimli kurutma.,SelfCleaning Condenser™: Kendi kendini temizleyen kondanser ile manuel temizliğe gerek kalmaz ayrıca enerjiden tasarruf etmenizi sağlar.,ComfortControl Plus: Kullanıcı dostu- kolay kontrol edilebilir TFT display ile kolay program ve opsiyon seçimi.,,
WTY86810TR,arsiv,arsiv,çamaşır kurutma makinesi - ısı pompasi,//media3.bosch-home.com/Product_Shots/600x600/MCSA00631998_WTY86810TR_def.jpg,0,https://www.bosch-home.com.tr/urun-listesi/arsiv/WTY86810TR?breadcrumb=null,0,0,-,,-,https://www.bosch-home.com.tr/yetkili-saticilar?product=WTY86810TR,-,HomeProfessional,0,SelfCleaning Condenser™: Kendi kendini temizleyen kondanser ile manuel temizliğe gerek kalmaz ayrıca enerjiden tasarruf etmenizi sağlar.,Hızlı kurutma: kg başına 35 dk. kurutma süresi ile daha hızlı kurutma.,ComfortControl Plus: Kullanıcı dostu- kolay kontrol edilebilir TFT display ile kolay program ve opsiyon seçimi.,SensitiveDrying: Özel tambur yapısı ile narin kurutma.,
WTY86800TR,arsiv,arsiv,çamaşır kurutma makinesi - ısı pompasi,//media3.bosch-home.com/Product_Shots/600x600/MCSA00631996_WTY86800TR_def.jpg,0,https://www.bosch-home.com.tr/urun-listesi/arsiv/WTY86800TR?breadcrumb=null,0,0,Kendi kendini temizleyen kondenser ile kurutuma; Kullanım ömrü boyunca A++ enerji.,,-,https://www.bosch-home.com.tr/yetkili-saticilar?product=WTY86800TR,-,HomeProfessional,0,A++ enerji verim sınıfı ile son derece verimli kurutma.,SelfCleaning Condenser™: Kendi kendini temizleyen kondanser ile manuel temizliğe gerek kalmaz ayrıca enerjiden tasarruf etmenizi sağlar.,Hızlı kurutma: kg başına 35 dk. kurutma süresi ile daha hızlı kurutma.,ComfortControl Plus: Kullanıcı dostu- kolay kontrol edilebilir TFT display ile kolay program ve opsiyon seçimi.,SensitiveDrying: Özel tambur yapısı ile narin kurutma.
WTWH8760TR,isi pompali kurutma makineleri,camasir ve kurutma makineleri,NO_VALUE,//media3.bosch-home.com/Product_Shots/600x600/MCSA02821424_WTWH8760TR_def.jpg,0,https://www.bosch-home.com.tr/urun-listesi/camasir-ve-kurutma-makineleri/kurutma-makineleri/isi-pompali-kurutma-makineleri/WTWH8760TR?breadcrumb=null,0,0,Kendi kendini temizleyen kondenser ile kurutuma; Kullanım ömrü boyunca A++ enerji.,,-,https://www.bosch-home.com.tr/yetkili-saticilar?product=WTWH8760TR,Kurutma Makinesi - Isı pompalı,Serie | 6,1556748000,Home Connect: Uzaktan bağlanılabilme özelliği ile hayatı kolaylaştıran ev aletleri,SelfCleaning Condenser™: Kendi kendini temizleyen kondanser ile manuel temizliğe gerek kalmaz ayrıca enerjiden tasarruf etmenizi sağlar.,SensitiveDrying: Özel tambur yapısı ile narin kurutma.,,
WTW87560TR,arsiv,arsiv,SelfCleaning Condenser,//media3.bosch-home.com/Product_Shots/600x600/MCSA00904663_WTW87560TR_def.jpg,0,https://www.bosch-home.com.tr/urun-listesi/arsiv/WTW87560TR?breadcrumb=null,0,0,Kendi kendini temizleyen kondenser™: Kullanım ömrü boyunca A++ enerji sınıfı.,,-,https://www.bosch-home.com.tr/yetkili-saticilar?product=WTW87560TR,çamaşır kurutma makinesi - ısı pompasi,Serie | 8,0,SelfCleaning Condenser™: Kendi kendini temizleyen kondanser ile manuel temizliğe gerek kalmaz ayrıca enerjiden tasarruf etmenizi sağlar.,SensitiveDrying: Özel tambur yapısı ile narin kurutma.,,,
WTW86260TR,arsiv,arsiv,çamaşır kurutma makinesi - isi pompasi,//media3.bosch-home.com/Product_Shots/600x600/MCSA00639362_WTW86260TR_def.jpg,0,https://www.bosch-home.com.tr/urun-listesi/arsiv/WTW86260TR?breadcrumb=null,0,0,Kendi kendini temizleyen condanser™: Kullanım ömrü boyunca A++ enerji sınıfı.,,-,https://www.bosch-home.com.tr/yetkili-saticilar?product=WTW86260TR,-,Serie | 4,0,Hızlı kurutma: kg başına 35 dk. kurutma süresi ile daha hızlı kurutma.,SelfCleaning Condenser™: Kendi kendini temizleyen kondanser ile manuel temizliğe gerek kalmaz ayrıca enerjiden tasarruf etmenizi sağlar.,SensitiveDrying: Özel tambur yapısı ile narin kurutma.,,
WTW85560TR,arsiv,arsiv,SelfCleaning Condenser,//media3.bosch-home.com/Product_Shots/600x600/MCSA00797120_WTW85560TR_def.jpg,0,https://www.bosch-home.com.tr/urun-listesi/arsiv/WTW85560TR?breadcrumb=null,0,0,Kendi kendini temizleyen kondenser™: Kullanım ömrü boyunca A++ enerji sınıfı.,,-,https://www.bosch-home.com.tr/yetkili-saticilar?product=WTW85560TR,çamaşır kurutma makinesi - ısı pompasi,Serie | 8,0,SelfCleaning Condenser™: Kendi kendini temizleyen kondanser ile manuel temizliğe gerek kalmaz ayrıca enerjiden tasarruf etmenizi sağlar.,SensitiveDrying: Özel tambur yapısı ile narin kurutma.,,,
WTW85461TR,isi pompali kurutma makineleri,camasir ve kurutma makineleri,Kurutma Makinesi - Isı pompalı,//media3.bosch-home.com/Product_Shots/600x600/MCSA02275921_WTW85461TR_def.jpg,0,https://www.bosch-home.com.tr/urun-listesi/camasir-ve-kurutma-makineleri/kurutma-makineleri/isi-pompali-kurutma-makineleri/WTW85461TR?breadcrumb=null,0,0,-,,-,https://www.bosch-home.com.tr/yetkili-saticilar?product=WTW85461TR,8 kg A++,Serie | 6,1517439600,SelfCleaning Condenser™: Kendi kendini temizleyen kondanser ile manuel temizliğe gerek kalmaz ayrıca enerjiden tasarruf etmenizi sağlar.,SensitiveDrying: Özel tambur yapısı ile narin kurutma.,,,
WTW85460TR,arsiv,arsiv,SelfCleaning Condenser,//media3.bosch-home.com/Product_Shots/600x600/MCSA00789429_WTW85460TR_def.jpg,0,https://www.bosch-home.com.tr/urun-listesi/arsiv/WTW85460TR?breadcrumb=null,0,0,Kendi kendini temizleyen kondenser™: Kullanım ömrü boyunca A++ enerji sınıfı.,,-,https://www.bosch-home.com.tr/yetkili-saticilar?product=WTW85460TR,-,Serie | 6,0,SelfCleaning Condenser™: Kendi kendini temizleyen kondanser ile manuel temizliğe gerek kalmaz ayrıca enerjiden tasarruf etmenizi sağlar.,SensitiveDrying: Özel tambur yapısı ile narin kurutma.,,,
WTS8652STR,arsiv,arsiv,Hava Yoğunlaştırmalı Kurutma Makinesi (Bacasız),//media3.bosch-home.com/Product_Shots/600x600/MCSA00639958_WTS8652STR_def.jpg,0,https://www.bosch-home.com.tr/urun-listesi/arsiv/WTS8652STR?breadcrumb=null,0,0,-,,-,https://www.bosch-home.com.tr/yetkili-saticilar?product=WTS8652STR,-,Serie | 6,0,AntiVibration™ tasarım: Özel yapısı ile son derece sessiz ve sarsıntısız.,Otomatik kurutma: İstemiş olduğunuz kuruluk seviyesinde çamaşırlarınızı hassas bir şekilde kurutur.,,,
WTE8630XTR,arsiv,arsiv,Avantixx 8,//media3.bosch-home.com/Product_Shots/600x600/MCSA049223_WTE8630XTR_def.jpg,0,https://www.bosch-home.com.tr/urun-listesi/arsiv/WTE8630XTR?breadcrumb=null,0,0,Her kumaş türü için Hassas Kurutma: Çamaşırlarınızı gereğinden fazla kurutmaz enerji tasarrufu sağlar.,,-,https://www.bosch-home.com.tr/yetkili-saticilar?product=WTE8630XTR,Hava Yoğunlaştırmalı Kurutma Makinesi (Bacasız),Serie | 4,0,AntiVibration™ tasarım: Özel yapısı ile son derece sessiz ve sarsıntısız.,Otomatik kurutma: İstemiş olduğunuz kuruluk seviyesinde çamaşırlarınızı hassas bir şekilde kurutur.,SensitiveDrying: Özel tambur yapısı ile narin kurutma.,,
WTE86301BY,arsiv,arsiv,Maxx 7 sensitive,//media3.bosch-home.com/Product_Shots/600x600/MCSA027744_WTE86301BY_def.jpg,0,https://www.bosch-home.com.tr/urun-listesi/arsiv/WTE86301BY?breadcrumb=null,0,0,-,,-,https://www.bosch-home.com.tr/yetkili-saticilar?product=WTE86301BY,Hava Yoğunlaştırmalı Kurutma Makinesi (Bacasız),-,0,Enerji Sınıfı: C,Kurutma kapasitesi: 7 kg,7 kg dolap kuruluğunda pamuklu çamaşır için: 1400 dev/dakikada 3.6 kWh - 89 dakika- 1000 dev/dakikada 4.2 kWh - 104 dakika,DUO-Tronic,
WTE86300BY,arsiv,arsiv,Maxx 6 sensitive,//media3.bosch-home.com/Product_Shots/600x600/MCSA022432_WTE86300BY_def.jpg,0,https://www.bosch-home.com.tr/urun-listesi/arsiv/WTE86300BY?breadcrumb=null,0,0,-,,-,https://www.bosch-home.com.tr/yetkili-saticilar?product=WTE86300BY,Hava Yoğunlaştırmalı Kurutma Makinesi (Bacasız),-,0,Kurutma kapasitesi: 6 kg,Sensitive (Hassas) kurutma sistemi: Çamaşırları koruyan yeni büyük paslanmaz çelik kazan- Soft tasarım Manşet yapısı,"LC-gösterge ""Kalan zamanı gösterme"" için",TouchControl tuşları (dokunmatik tuşlar): Başlat/Beklet- Hassas- Kolay ütüleme,
WTE84300TR,arsiv,arsiv,Maxx 7 sensitive,//media3.bosch-home.com/Product_Shots/600x600/MCSA028524_WTE84300TR_def.jpg,0,https://www.bosch-home.com.tr/urun-listesi/arsiv/WTE84300TR?breadcrumb=null,0,0,-,,-,https://www.bosch-home.com.tr/yetkili-saticilar?product=WTE84300TR,Hava Yoğunlaştırmalı Kurutma Makinesi (Bacasız),-,0,Kurutma kapasitesi: 7 kg,DUO-Tronic,"LC-gösterge ""Kalan zamanı gösterme"" için",Özel programlar: kısa- yünlü kurutma programları,
WTB86201TR,arsiv,arsiv,Hava Yoğunlaştırmalı Kurutma Makinesi (Bacasız),//media3.bosch-home.com/Product_Shots/600x600/MCSA00797229_WTB86201TR_def.jpg,0,https://www.bosch-home.com.tr/urun-listesi/arsiv/WTB86201TR?breadcrumb=null,0,0,8 kg'lık yüksek kapasite.,,-,https://www.bosch-home.com.tr/yetkili-saticilar?product=WTB86201TR,-,Serie | 4,0,1-8kg kapasite: 8kg'a kadar olan çamaşırlarınızı kururtur.,SensitiveDrying: Özel tambur yapısı ile narin kurutma.,Otomatik kurutma: İstemiş olduğunuz kuruluk seviyesinde çamaşırlarınızı hassas bir şekilde kurutur.,AntiVibration™ tasarım: Özel yapısı ile son derece sessiz ve sarsıntısız.,
WTB86200TR,arsiv,arsiv,Hava Yoğunlaştırmalı Kurutma Makinesi (Bacasız),//media3.bosch-home.com/Product_Shots/600x600/MCSA00640018_WTB86200TR_def.jpg,0,https://www.bosch-home.com.tr/urun-listesi/arsiv/WTB86200TR?breadcrumb=null,0,0,-,,-,https://www.bosch-home.com.tr/yetkili-saticilar?product=WTB86200TR,-,-,0,SensitiveDrying: Özel tambur yapısı ile narin kurutma.,Otomatik kurutma: İstemiş olduğunuz kuruluk seviyesinde çamaşırlarınızı hassas bir şekilde kurutur.,AntiVibration™ tasarım: Özel yapısı ile son derece sessiz ve sarsıntısız.,,
WTA4000BY,arsiv,arsiv,WTA4000,//media3.bosch-home.com/Product_Shots/600x600/MCSA002945_WTA4000BY_def.jpg,0,https://www.bosch-home.com.tr/urun-listesi/arsiv/WTA4000BY?breadcrumb=null,0,0,-,,-,https://www.bosch-home.com.tr/yetkili-saticilar?product=WTA4000BY,bacalı-kurutmalı çamaşır makinesi,-,0,Enerji Sınıfı: C,Kurutma kapasitesi: 5 kg,Tek tuşlu kontrol unitesi: zamana ayarı 20-130 dak.ve 1 zaman ayarı soğuk 10 dak için,Tasten: Start/Stop- Hassa,
WMZ2380,aksesuarlar,camasir ve kurutma makineleri,AQUA-STOP uzatması,//media3.bosch-home.com/Product_Shots/600x600/MCSA092364_670596-verlaengerung_def.jpg,0,https://www.bosch-home.com.tr/urun-listesi/camasir-ve-kurutma-makineleri/aksesuarlar/WMZ2380?breadcrumb=null,0,0,-,,-,https://www.bosch-home.com.tr/yetkili-saticilar?product=WMZ2380,-,-,1480546800,2-5 m,,,,
WMZ20600,aksesuarlar,camasir ve kurutma makineleri,Yünlüleri sepette kurutma aksesuarı,//media3.bosch-home.com/Product_Shots/600x600/MCSA00740112_WZ20600-WMZ20600_def.jpg,0,https://www.bosch-home.com.tr/urun-listesi/camasir-ve-kurutma-makineleri/aksesuarlar/WMZ20600?breadcrumb=null,0,0,-,,-,https://www.bosch-home.com.tr/yetkili-saticilar?product=WMZ20600,Yünlüler- spor ayakkabıları ve yumuşak oyuncaklar için hassas kurutma,-,1480546800,-,,,,
WLX16160BY,arsiv,arsiv,Maxx 5,//media3.bosch-home.com/Product_Shots/600x600/MCSA025111_WLX16160BY_def.jpg,0,https://www.bosch-home.com.tr/urun-listesi/arsiv/WLX16160BY?breadcrumb=null,0,0,-,,-,https://www.bosch-home.com.tr/yetkili-saticilar?product=WLX16160BY,Otomatik çamaşır makinesi,-,0,Enerji Etiketi: A / A / D,4.5 kg kapasite,Devir sayısı: 400 - 800 dev/dak,çok katlı su koruma,
WKD28540EU,arsiv,arsiv,Tam kurutmalı,//media3.bosch-home.com/Product_Shots/600x600/MCSA044679_WKD28540EU_def.jpg,0,https://www.bosch-home.com.tr/urun-listesi/arsiv/WKD28540EU?breadcrumb=null,0,0,-,,-,https://www.bosch-home.com.tr/yetkili-saticilar?product=WKD28540EU,-,Serie | 6,0,Otomatik kurutma: İstemiş olduğunuz kuruluk seviyesinde çamaşırlarınızı hassas bir şekilde kurutur.,ActiveWater™: 2 kademeli miktar otomaği sudan tasarruf edilmesini sağlar.,6/3kg yükleme kapasitesi: 6kg yıkama- 3kg kurutma.,Quik 15': 2kg kadar olan çamaşırlarınızı 15 dk. da yıkayın.,Night-Wash: Seçilen bu program ile son derece sessiz yıkama yapabilirsiniz.
WIW24560TR,camasir makineleri,camasir ve kurutma makineleri,Çamaşır Makinesi,//media3.bosch-home.com/Product_Shots/600x600/MCSA01700995_WIW24560TR_def.jpg,0,https://www.bosch-home.com.tr/urun-listesi/camasir-ve-kurutma-makineleri/camasir-makineleri/camasir-makineleri/WIW24560TR?breadcrumb=null,0,0,-,,-,https://www.bosch-home.com.tr/yetkili-saticilar?product=WIW24560TR,8 kg 1200 devir A+++,Serie | 8,1489705200,EcoSilence Drive™: 10 yıl garantili- uzun ömürlü motor. Sessiz çalışır ve enerji verimliliği yüksektir.,AntiVibration™ Design: Titreşim önleyici yan duvarlar sayesinde sarsıntısız ve sessiz çalışma.,VarioDrum: Özel tambur yapısı sayesinde hassas ve efektif yıkama,,
WFX286STR,arsiv,arsiv,Bosch Sportline WFX286S,//media3.bosch-home.com/Product_Shots/600x600/MCSA021114_WFX286STR_def.jpg,0,https://www.bosch-home.com.tr/urun-listesi/arsiv/WFX286STR?breadcrumb=null,0,0,-,,-,https://www.bosch-home.com.tr/yetkili-saticilar?product=WFX286STR,Otomatik çamaşır makinesi,-,0,Enerji Etiketi: A / A / B,6 kg kapasite,Sıkma devri: 1400 - 600 dev/dak,Soğuk su girişi,
WFW3231,arsiv,arsiv,Logixx,//media3.bosch-home.com/Product_Shots/600x600/MCSA003165_WFW3231_def.jpg,0,https://www.bosch-home.com.tr/urun-listesi/arsiv/WFW3231?breadcrumb=null,0,0,-,,-,https://www.bosch-home.com.tr/yetkili-saticilar?product=WFW3231,Çamaşır Makinesi,-,0,Enerji Etiketi: A / A / A,Kapasite 6 kg,Devir Sayısı: 1600 de/dk./400,3 D Üstten Duşlama Sistemi,
WFR141A,arsiv,arsiv,EXKLUSIV Maxx comfort WFR141A,//media3.bosch-home.com/Product_Shots/600x600/MCSA003053_WFR141A_def.jpg,0,https://www.bosch-home.com.tr/urun-listesi/arsiv/WFR141A?breadcrumb=null,0,0,-,,-,https://www.bosch-home.com.tr/yetkili-saticilar?product=WFR141A,Çamaşır Makinesi,-,0,Kapasite 6 kg,Devir Sayısı: 1400 de/dk./400,Soğuk su girişi,Tuş takımları: kolay ütüleme- Hassas durulama- yoğun yıkama- Menü- değiştir- Başlat,
WFO2470TR,arsiv,arsiv,Maxx Sensitive WFO2470,//media3.bosch-home.com/Product_Shots/600x600/MCSA024092_WFO2470TR_def.jpg,0,https://www.bosch-home.com.tr/urun-listesi/arsiv/WFO2470TR?breadcrumb=null,0,0,-,,-,https://www.bosch-home.com.tr/yetkili-saticilar?product=WFO2470TR,Otomatik çamaşır makinesi,-,0,Enerji Etiketi: A / A / B,6.5 kg yıkama kapasitesi,Devir sayısı: 600 - 1200 dev/dak,Soğuk su girişi,
WFO242GTR,arsiv,arsiv,Maxx WFO 242G,//media3.bosch-home.com/Product_Shots/600x600/MCSA023444_WFO242GTR_def.jpg,0,https://www.bosch-home.com.tr/urun-listesi/arsiv/WFO242GTR?breadcrumb=null,0,0,-,,-,https://www.bosch-home.com.tr/yetkili-saticilar?product=WFO242GTR,Otomatik çamaşır makinesi,-,0,Enerji Etiketi: A / A / B,6 kg kapasite,Sıcak-soğuk su girişi,Sıkma devri: 1200 - 600 dev/dak,
WFO226STR,arsiv,arsiv,Bosch Sportline WFO226S,//media3.bosch-home.com/Product_Shots/600x600/MCSA021112_WFO226STR_def.jpg,0,https://www.bosch-home.com.tr/urun-listesi/arsiv/WFO226STR?breadcrumb=null,0,0,-,,-,https://www.bosch-home.com.tr/yetkili-saticilar?product=WFO226STR,Otomatik çamaşır makinesi,-,0,Enerji Etiketi: A / A / C,6 kg kapasite,Sıkma devri: 1100 - 600 dev/dak,Soğuk su girişi,
WFO2070TR,arsiv,arsiv,Maxx Sensitive WFO2070,//media3.bosch-home.com/Product_Shots/600x600/MCSA024091_WFO2070TR_def.jpg,0,https://www.bosch-home.com.tr/urun-listesi/arsiv/WFO2070TR?breadcrumb=null,0,0,-,,-,https://www.bosch-home.com.tr/yetkili-saticilar?product=WFO2070TR,Otomatik çamaşır makinesi,-,0,Enerji Etiketi: A / A / C,6.5 kg yıkama kapasitesi,Devir sayısı: 600 - 1000 dev/dak,Soğuk su girişi,
WFO2062TR,arsiv,arsiv,Maxx WFO 2062,//media3.bosch-home.com/Product_Shots/600x600/MCSA017051_WFO2062TR_def.jpg,0,https://www.bosch-home.com.tr/urun-listesi/arsiv/WFO2062TR?breadcrumb=null,0,0,-,,-,https://www.bosch-home.com.tr/yetkili-saticilar?product=WFO2062TR,Otomatik çamaşır makinesi,-,0,Enerji Etiketi: A / A / C,6 kg kapasite,Sıkma devri: 1000 - 600 dev/dak,Soğuk su girişi,
WFO2022TR,arsiv,arsiv,Maxx WFO 2022,//media3.bosch-home.com/Product_Shots/600x600/MCSA015182_WFO2022TR_def.jpg,0,https://www.bosch-home.com.tr/urun-listesi/arsiv/WFO2022TR?breadcrumb=null,0,0,-,,-,https://www.bosch-home.com.tr/yetkili-saticilar?product=WFO2022TR,Otomatik çamaşır makinesi,-,0,Enerji Etiketi: A / A / C,6 kg kapasite,Sıcak-soğuk su girişi,Sıkma devri: 1000 - 600 dev/dak,
WFO1670TR,arsiv,arsiv,Maxx Sensitive WFO1670,//media3.bosch-home.com/Product_Shots/600x600/MCSA024090_WFO1670TR_def.jpg,0,https://www.bosch-home.com.tr/urun-listesi/arsiv/WFO1670TR?breadcrumb=null,0,0,-,,-,https://www.bosch-home.com.tr/yetkili-saticilar?product=WFO1670TR,Otomatik çamaşır makinesi,-,0,Enerji Etiketi: A / A / D,6.5 kg yıkama kapasitesi,Soğuk su girişi,Devir sayısı: 400 - 800 dev/dak,
WFL187KTR,arsiv,arsiv,Maxx for Kids,//media3.bosch-home.com/Product_Shots/600x600/MCSA015164_WFL187KTR_def.jpg,0,https://www.bosch-home.com.tr/urun-listesi/arsiv/WFL187KTR?breadcrumb=null,0,0,-,,-,https://www.bosch-home.com.tr/yetkili-saticilar?product=WFL187KTR,Otomatik çamaşır makinesi,-,0,Enerji Etiketi: A / A / D,6 kg kapasite,Devir sayısı: 600 - 900 dev/dak,Devir seçme ve son durulama suyunda bekletme düğmesi,
WFL1621TR,arsiv,arsiv,Maxx WFL1621,//media3.bosch-home.com/Product_Shots/600x600/MCSA003353_WFL1621TR_def.jpg,0,https://www.bosch-home.com.tr/urun-listesi/arsiv/WFL1621TR?breadcrumb=null,0,0,-,,-,https://www.bosch-home.com.tr/yetkili-saticilar?product=WFL1621TR,Otomatik çamaşır makinesi,-,0,Enerji Etiketi: A / A / D,6 kg kapasite,Devir sayısı: 600 - 800 dev/dak,Sıcak-soğuk su girişi,
WFL1611TR,arsiv,arsiv,Maxx WFL1611,//media3.bosch-home.com/Product_Shots/600x600/MCSA015163_WFL1611TR_def.jpg,0,https://www.bosch-home.com.tr/urun-listesi/arsiv/WFL1611TR?breadcrumb=null,0,0,-,,-,https://www.bosch-home.com.tr/yetkili-saticilar?product=WFL1611TR,Çamaşır Makinesi,-,0,Enerji Etiketi: A / A / D,Kapasite 6 kg,Soğuk su girişi,Sıkma Devri: 800/600 d/dak,
WFH2060TR,arsiv,arsiv,Maxx WFH 2060,//media3.bosch-home.com/Product_Shots/600x600/MCSA021909_WFH2060TR_def.jpg,0,https://www.bosch-home.com.tr/urun-listesi/arsiv/WFH2060TR?breadcrumb=null,0,0,-,,-,https://www.bosch-home.com.tr/yetkili-saticilar?product=WFH2060TR,Otomatik çamaşır makinesi,-,0,Enerji Etiketi: A / A / C,5 kg kapasite,Soğuk su girişi,Devir sayısı: 600 - 1000 dev/dak,
WFH1660TR,arsiv,arsiv,Maxx WFH 1660,//media3.bosch-home.com/Product_Shots/600x600/MCSA021897_WFH1660TR_def.jpg,0,https://www.bosch-home.com.tr/urun-listesi/arsiv/WFH1660TR?breadcrumb=null,0,0,-,,-,https://www.bosch-home.com.tr/yetkili-saticilar?product=WFH1660TR,Otomatik çamaşır makinesi,-,0,Enerji Etiketi: A / A / D,5 kg kapasite,Soğuk su girişi,Devir sayısı: 400 - 800 dev/dak,
WFH1460TR,arsiv,arsiv,Maxx WFH 1460,//media3.bosch-home.com/Product_Shots/600x600/MCSA017046_WFH1460TR_def.jpg,0,https://www.bosch-home.com.tr/urun-listesi/arsiv/WFH1460TR?breadcrumb=null,0,0,-,,-,https://www.bosch-home.com.tr/yetkili-saticilar?product=WFH1460TR,Otomatik çamaşır makinesi,-,0,Enerji Etiketi: A / A / E,Soğuk su girişi,5 kg kapasite,Devir sayısı: 500 - 700 dev/dak,
WFH1260TR,arsiv,arsiv,Otomatik çamaşır makinesi,//media3.bosch-home.com/Product_Shots/600x600/MCSA024190_WFH1260TR_def.jpg,0,https://www.bosch-home.com.tr/urun-listesi/arsiv/WFH1260TR?breadcrumb=null,0,0,-,,-,https://www.bosch-home.com.tr/yetkili-saticilar?product=WFH1260TR,-,-,0,Enerji Etiketi: A / A / E,Soğuk su girişi,5 kg kapasite,Sıkma devri: 600 devir,
WFC1667BY,arsiv,arsiv,Maxx 4 WFC 1667,//media3.bosch-home.com/Product_Shots/600x600/MCSA023368_WFC1667BY_def.jpg,0,https://www.bosch-home.com.tr/urun-listesi/arsiv/WFC1667BY?breadcrumb=null,0,0,-,,-,https://www.bosch-home.com.tr/yetkili-saticilar?product=WFC1667BY,Otomatik çamaşır makinesi,-,0,Enerji Etiketi: A / A / D,4.5 kg kapasite,Devir sayısı: 600 - 800 dev/dak,Soğuk su girişi,
WBB24750EU,arsiv,arsiv,Logixx 9 - New Dimension,//media3.bosch-home.com/Product_Shots/600x600/MCSA021911_WBB24750EU_def.jpg,0,https://www.bosch-home.com.tr/urun-listesi/arsiv/WBB24750EU?breadcrumb=null,0,0,-,,-,https://www.bosch-home.com.tr/yetkili-saticilar?product=WBB24750EU,Otomatik çamaşır makinesi,-,0,9 kg yıkama kapasitesi,Devir sayısı: 600 - 1200 dev/dak,Soğuk su girişi,Program seçme düğmesi yıkama programları için- derece ve özel programlar (Leke çıkarma- yünlü-elde yıkama- mix programlar- ipek çamaşırlar) ve Açma/kapatma tuşu,
WAY28862TR,camasir makineleri,camasir ve kurutma makineleri,Çamaşır Makinesi,//media3.bosch-home.com/Product_Shots/600x600/MCSA00840309_WAY28862TR_def.jpg,0,https://www.bosch-home.com.tr/urun-listesi/camasir-ve-kurutma-makineleri/camasir-makineleri/camasir-makineleri/WAY28862TR?breadcrumb=null,0,0,-,,-,https://www.bosch-home.com.tr/yetkili-saticilar?product=WAY28862TR,9 kg 1400 devir A+++,HomeProfessional,1552431600,i-Dos™: Minimum tüketim maksimum verim ile mükemmel yıkama sonuçları.,EcoSilence Drive™: 10 yıl garantili- uzun ömürlü motor. Sessiz çalışır ve enerji verimliliği yüksektir.,A+++ -30% Enerji sınıfı ile en üst enerji sınıfından %30 daha tasarruflu.,Leke çıkarma: 16 türde farklı lekeyi algılar ve çıkarır.,
WAY287X2TR,arsiv,arsiv,Otomatik çamaşır makinesi,//media3.bosch-home.com/Product_Shots/600x600/MCSA00777843_WAY287X2TR_def.jpg,0,https://www.bosch-home.com.tr/urun-listesi/arsiv/WAY287X2TR?breadcrumb=null,0,0,Home Professional serisi birinci sınıf yıkama sonuçlarına ulaşmayı- inanılmaz kullanıcı deneyimi ile kolaylaştırıyor.,,-,https://www.bosch-home.com.tr/yetkili-saticilar?product=WAY287X2TR,-,HomeProfessional,0,En yüksek enerji sınıfı olan A+++' dan %50 daha tasarruflu.,EcoSilence Drive™:Enerji verimli ve uzun ömürlü motor- aynı zamandan makinanın son derece sessiz çalışmasını sağlar.,EcoSilence Drive™:Enerji verimli ve 10 yıl garantili uzun ömürlü motor- aynı zamandan makinanın son derece sessiz çalışmasını sağlar.,TFT display ile kolay kullanım ve çeşitli program seçenekleri.,Leke çıkarma: 16 türde farklı lekeyi algılar ve çıkarır.
WAY28762TR,arsiv,arsiv,Otomatik çamaşır makinesi,//media3.bosch-home.com/Product_Shots/600x600/MCSA00649968_WAY28762TR_def.jpg,0,https://www.bosch-home.com.tr/urun-listesi/arsiv/WAY28762TR?breadcrumb=null,0,0,Home Professional serisi birinci sınıf yıkama sonuçlarına ulaşmayı- inanılmaz kullanıcı deneyimi ile kolaylaştırıyor.,,-,https://www.bosch-home.com.tr/yetkili-saticilar?product=WAY28762TR,-,HomeProfessional,0,A+++ -10% enerji sınıfı ile en üst enerji sınıfından %10 daha tasarruflu.,EcoSilence Drive™:Enerji verimli ve uzun ömürlü motor- aynı zamandan makinanın son derece sessiz çalışmasını sağlar.,TFT display ile kolay kullanım ve çeşitli program seçenekleri.,Leke çıkarma: 16 türde farklı lekeyi algılar ve çıkarır.,%65 e varan oranda zaman; %50 ye varan oranda enerji tasarrufu.
WAY24841TR,arsiv,arsiv,Otomatik çamaşır makinesi,//media3.bosch-home.com/Product_Shots/600x600/MCSA00664455_WAY24841TR_def.jpg,0,https://www.bosch-home.com.tr/urun-listesi/arsiv/WAY24841TR?breadcrumb=null,0,0,-,,-,https://www.bosch-home.com.tr/yetkili-saticilar?product=WAY24841TR,-,HomeProfessional,0,i-Dos™: Minimum tüketim maksimum verim ile mükemmel yıkama sonuçları.,EcoSilence Drive™:Enerji verimli ve 10 yıl garantili uzun ömürlü motor- aynı zamandan makinanın son derece sessiz çalışmasını sağlar.,EcoSilence Drive™:Enerji verimli ve uzun ömürlü motor- aynı zamandan makinanın son derece sessiz çalışmasını sağlar.,A+++ -30% Enerji sınıfı ile en üst enerji sınıfından %30 daha tasarruflu.,TFT display ile kolay kullanım ve çeşitli program seçenekleri.
WAY24761TR,arsiv,arsiv,Otomatik çamaşır makinesi,//media3.bosch-home.com/Product_Shots/600x600/MCSA00649970_WAY24761TR_def.jpg,0,https://www.bosch-home.com.tr/urun-listesi/arsiv/WAY24761TR?breadcrumb=null,0,0,Home Professional serisi birinci sınıf yıkama sonuçlarına ulaşmayı- inanılmaz kullanıcı deneyimi ile kolaylaştırıyor.,,-,https://www.bosch-home.com.tr/yetkili-saticilar?product=WAY24761TR,-,HomeProfessional,0,A+++ -10% enerji sınıfı ile en üst enerji sınıfından %10 daha tasarruflu.,EcoSilence Drive™:Enerji verimli ve 10 yıl garantili uzun ömürlü motor- aynı zamandan makinanın son derece sessiz çalışmasını sağlar.,TFT display ile kolay kullanım ve çeşitli program seçenekleri.,Leke çıkarma: 16 türde farklı lekeyi algılar ve çıkarır.,%65 e varan oranda zaman; %50 ye varan oranda enerji tasarrufu.
WAY24561TR,arsiv,arsiv,Otomatik çamaşır makinesi,//media3.bosch-home.com/Product_Shots/600x600/MCSA00632646_WAY24561TR_def.jpg,0,https://www.bosch-home.com.tr/urun-listesi/arsiv/WAY24561TR?breadcrumb=null,0,0,Home Professional serisi birinci sınıf yıkama sonuçlarına ulaşmayı- inanılmaz kullanıcı deneyimi ile kolaylaştırıyor.,,-,https://www.bosch-home.com.tr/yetkili-saticilar?product=WAY24561TR,-,HomeProfessional,0,A+++ -30% Enerji sınıfı ile en üst enerji sınıfından %30 daha tasarruflu.,EcoSilence Drive™:Enerji verimli ve 10 yıl garantili uzun ömürlü motor- aynı zamandan makinanın son derece sessiz çalışmasını sağlar.,LC Display ile kolay kullanım.,%65 e varan oranda zaman; %50 ye varan oranda enerji tasarrufu.,VarioSoft™ Drum: Damla şeklindeki tambur yapısı ile hassas veya güçlü yıkama gerçekleşir.
WAY20561TR,arsiv,arsiv,Otomatik çamaşır makinesi,//media3.bosch-home.com/Product_Shots/600x600/MCSA00648495_WAY20561TR_def.jpg,0,https://www.bosch-home.com.tr/urun-listesi/arsiv/WAY20561TR?breadcrumb=null,0,0,Home Professional serisi birinci sınıf yıkama sonuçlarına ulaşmayı- inanılmaz kullanıcı deneyimi ile kolaylaştırıyor.,,-,https://www.bosch-home.com.tr/yetkili-saticilar?product=WAY20561TR,-,HomeProfessional,0,A+++ -30% Enerji sınıfı ile en üst enerji sınıfından %30 daha tasarruflu.,EcoSilence Drive™:Enerji verimli ve 10 yıl garantili uzun ömürlü motor- aynı zamandan makinanın son derece sessiz çalışmasını sağlar.,EcoSilence Drive™:Enerji verimli ve uzun ömürlü motor- aynı zamandan makinanın son derece sessiz çalışmasını sağlar.,LC Display ile kolay kullanım.,%65 e varan oranda zaman; %50 ye varan oranda enerji tasarrufu.
WAT286HSTR,camasir makineleri,camasir ve kurutma makineleri,Çamaşır Makinesi,//media3.bosch-home.com/Product_Shots/600x600/MCSA01955168_WAT286HSTR_def.jpg,0,https://www.bosch-home.com.tr/urun-listesi/camasir-ve-kurutma-makineleri/camasir-makineleri/camasir-makineleri/WAT286HSTR?breadcrumb=null,0,0,-,,-,https://www.bosch-home.com.tr/yetkili-saticilar?product=WAT286HSTR,9 kg 1400 devir A+++,Serie | 6,1501624800,i-DOS™: Mükemmel yıkama sonuçları için tam otomatik hassasiyette likid deterjan dozaj sistemi.,Home Connect: Uzaktan bağlanılabilme özelliği ile hayatı kolaylaştıran ev aletleri,DirectSelect (Dokunmatik LED ekran) ve ışıklandırılmış on/off fonksiyonlu program düğmesi ile kolay program seçimi.,EcoSilence Drive™: 10 yıl garantili- uzun ömürlü motor. Sessiz çalışır ve enerji verimliliği yüksektir.,
WAT28681TR,arsiv,arsiv,Çamaşır Makinesi,//media3.bosch-home.com/Product_Shots/600x600/MCSA00949590_WAT28681TR_def.jpg,0,https://www.bosch-home.com.tr/urun-listesi/arsiv/WAT28681TR?breadcrumb=null,0,0,-,,-,https://www.bosch-home.com.tr/yetkili-saticilar?product=WAT28681TR,-,Serie | 6,0,EcoSilence Drive™: 10 yıl garantili- uzun ömürlü motor. Sessiz çalışır ve enerji verimliliği yüksektir.,,,,
WAT28680TR,arsiv,arsiv,Otomatik çamaşır makinesi,//media3.bosch-home.com/Product_Shots/600x600/MCSA00788399_WAT28680TR_def.jpg,0,https://www.bosch-home.com.tr/urun-listesi/arsiv/WAT28680TR?breadcrumb=null,0,0,-,,-,https://www.bosch-home.com.tr/yetkili-saticilar?product=WAT28680TR,-,Serie | 8,0,i-Dos™: Minimum tüketim maksimum verim ile mükemmel yıkama sonuçları.,A+++ -30% Enerji sınıfı ile en üst enerji sınıfından %30 daha tasarruflu.,EcoSilence Drive™:Enerji verimli ve uzun ömürlü motor- aynı zamandan makinanın son derece sessiz çalışmasını sağlar.,,
WAT28580TR,arsiv,arsiv,Çamaşır Makinesi,//media3.bosch-home.com/Product_Shots/600x600/MCSA01372290_WAT28580TR_def.jpg,0,https://www.bosch-home.com.tr/urun-listesi/arsiv/WAT28580TR?breadcrumb=null,0,0,-,,-,https://www.bosch-home.com.tr/yetkili-saticilar?product=WAT28580TR,-,Serie | 6,0,DirectSelect (Dokunmatik LED ekran) ve ışıklandırılmış on/off fonksiyonlu program düğmesi ile kolay program seçimi.,EcoSilence Drive™: 10 yıl garantili- uzun ömürlü motor. Sessiz çalışır ve enerji verimliliği yüksektir.,,,
WAT2848XTR,arsiv,arsiv,Çamaşır Makinesi,//media3.bosch-home.com/Product_Shots/600x600/MCSA01152300_WAT2848XTR_def.jpg,0,https://www.bosch-home.com.tr/urun-listesi/arsiv/WAT2848XTR?breadcrumb=null,0,0,-,,-,https://www.bosch-home.com.tr/yetkili-saticilar?product=WAT2848XTR,-,Serie | 6,0,EcoSilence Drive™: 10 yıl garantili- uzun ömürlü motor. Sessiz çalışır ve enerji verimliliği yüksektir.,Enerji tüketim göstergesi: Seçilen programa göre enerji tüketim bilgisi.,%65 e varan oranda zaman; %50 ye varan oranda enerji tasarrufu.,,
WAT28481TR,camasir makineleri,camasir ve kurutma makineleri,Çamaşır Makinesi,//media3.bosch-home.com/Product_Shots/600x600/MCSA01752899_WAT28481TR_def.jpg,0,https://www.bosch-home.com.tr/urun-listesi/camasir-ve-kurutma-makineleri/camasir-makineleri/camasir-makineleri/WAT28481TR?breadcrumb=null,0,0,-,,-,https://www.bosch-home.com.tr/yetkili-saticilar?product=WAT28481TR,9 kg 1400 devir A+++,Serie | 6,1489446000,EcoSilence Drive™: 10 yıl garantili- uzun ömürlü motor. Sessiz çalışır ve enerji verimliliği yüksektir.,Enerji tüketim göstergesi: Seçilen programa göre enerji tüketim bilgisi.,VarioPerfect: %65* e varan oranda zaman; %50** ye varan oranda enerji tasarrufu. (*Pamuklular 40°C programında SpeedPerfect seçeneği ile program süresi karşılaştırması- ** Pamuklular 40°C programında EcoPerfect seçeneği ile enerji tüketimi karşılaştırması),,
WAT28460TR,arsiv,arsiv,Çamaşır Makinesi,//media3.bosch-home.com/Product_Shots/600x600/MCSA00788389_WAT28460TR_def.jpg,0,https://www.bosch-home.com.tr/urun-listesi/arsiv/WAT28460TR?breadcrumb=null,0,0,-,,-,https://www.bosch-home.com.tr/yetkili-saticilar?product=WAT28460TR,-,Serie | 6,0,EcoSilence Drive™: 10 yıl garantili- uzun ömürlü motor. Sessiz çalışır ve enerji verimliliği yüksektir.,%65 e varan oranda zaman; %50 ye varan oranda enerji tasarrufu.,,,
WAT24780TR,camasir makineleri,camasir ve kurutma makineleri,Çamaşır Makinesi,//media3.bosch-home.com/Product_Shots/600x600/MCSA02877866_WAT24780TR_def.jpg,0,https://www.bosch-home.com.tr/urun-listesi/camasir-ve-kurutma-makineleri/camasir-makineleri/camasir-makineleri/WAT24780TR?breadcrumb=null,0,0,sensoFresh,,-,https://www.bosch-home.com.tr/yetkili-saticilar?product=WAT24780TR,9 kg 1200 devir A+++,Serie | 6,0,DirectSelect (Dokunmatik LED ekran) ve ışıklandırılmış on/off fonksiyonlu program düğmesi ile kolay program seçimi.,VarioDrum: Özel tambur yapısı sayesinde hassas ve efektif yıkama,EcoSilence Drive™: 10 yıl garantili- uzun ömürlü motor. Sessiz çalışır ve enerji verimliliği yüksektir.,,
WAT24662TR,camasir makineleri,camasir ve kurutma makineleri,Çamaşır Makinesi,//media3.bosch-home.com/Product_Shots/600x600/MCSA01752897_WAT24662TR_def.jpg,0,https://www.bosch-home.com.tr/urun-listesi/camasir-ve-kurutma-makineleri/camasir-makineleri/camasir-makineleri/WAT24662TR?breadcrumb=null,0,0,-,,-,https://www.bosch-home.com.tr/yetkili-saticilar?product=WAT24662TR,8 kg 1200 devir A+++,Serie | 6,1518390000,VarioDrum: Özel tambur yapısı sayesinde hassas ve efektif yıkama,DirectSelect (Dokunmatik LED ekran) ve ışıklandırılmış on/off fonksiyonlu program düğmesi ile kolay program seçimi.,EcoSilence Drive™: 10 yıl garantili- uzun ömürlü motor. Sessiz çalışır ve enerji verimliliği yüksektir.,,
WAT24661TR,arsiv,arsiv,Çamaşır Makinesi,//media3.bosch-home.com/Product_Shots/600x600/MCSA00949580_WAT24661TR_def.jpg,0,https://www.bosch-home.com.tr/urun-listesi/arsiv/WAT24661TR?breadcrumb=null,0,0,Mükemmel yıkama sonuçları için akıllı dozaj sistemi,,-,https://www.bosch-home.com.tr/yetkili-saticilar?product=WAT24661TR,-,Serie | 6,0,i-DOS™: Mükemmel yıkama sonuçları için tam otomatik hassasiyette likid deterjan dozaj sistemi.,DirectSelect (Dokunmatik LED ekran) ve ışıklandırılmış on/off fonksiyonlu program düğmesi ile kolay program seçimi.,EcoSilence Drive™: 10 yıl garantili- uzun ömürlü motor. Sessiz çalışır ve enerji verimliliği yüksektir.,,
WAT24660TR,arsiv,arsiv,Otomatik çamaşır makinesi,//media3.bosch-home.com/Product_Shots/600x600/MCSA00788380_WAT24660TR_def.jpg,0,https://www.bosch-home.com.tr/urun-listesi/arsiv/WAT24660TR?breadcrumb=null,0,0,-,,-,https://www.bosch-home.com.tr/yetkili-saticilar?product=WAT24660TR,-,Serie | 8,0,i-Dos™: Minimum tüketim maksimum verim ile mükemmel yıkama sonuçları.,A+++ -30% Enerji sınıfı ile en üst enerji sınıfından %30 daha tasarruflu.,EcoSilence Drive™:Enerji verimli ve uzun ömürlü motor- aynı zamandan makinanın son derece sessiz çalışmasını sağlar.,,
WAT24460TR,arsiv,arsiv,Çamaşır Makinesi,//media3.bosch-home.com/Product_Shots/600x600/MCSA00788376_WAT24460TR_def.jpg,0,https://www.bosch-home.com.tr/urun-listesi/arsiv/WAT24460TR?breadcrumb=null,0,0,-,,-,https://www.bosch-home.com.tr/yetkili-saticilar?product=WAT24460TR,8 kg 1200 devir A+++,Serie | 6,1515106800,EcoSilence Drive™: 10 yıl garantili- uzun ömürlü motor. Sessiz çalışır ve enerji verimliliği yüksektir.,Enerji tüketim göstergesi: Seçilen programa göre enerji tüketim bilgisi.,VarioPerfect: %65* e varan oranda zaman; %50** ye varan oranda enerji tasarrufu. (*Pamuklular 40°C programında SpeedPerfect seçeneği ile program süresi karşılaştırması- ** Pamuklular 40°C programında EcoPerfect seçeneği ile enerji tüketimi karşılaştırması),,
WAS28840TR,arsiv,arsiv,Otomatik çamaşır makinesi,//media3.bosch-home.com/Product_Shots/600x600/MCSA049417_WAS28840TR_def.jpg,0,https://www.bosch-home.com.tr/urun-listesi/arsiv/WAS28840TR?breadcrumb=null,0,0,Logixx iDos serisi; akıllı dozajlama sistemi ile en verimli su ve deterjan tüketimini sağlar.,,-,https://www.bosch-home.com.tr/yetkili-saticilar?product=WAS28840TR,-,Serie | 8,0,i-Dos™: Minimum tüketim maksimum verim ile mükemmel yıkama sonuçları.,EcoSilence Drive™:Enerji verimli ve 10 yıl garantili uzun ömürlü motor- aynı zamandan makinanın son derece sessiz çalışmasını sağlar.,A+++ enerji verimlilik seviyesi.,%65 e varan oranda zaman; %50 ye varan oranda enerji tasarrufu.,VarioSoft™ Drum: Damla şeklindeki tambur yapısı ile hassas veya güçlü yıkama gerçekleşir.
WAS28740OE,arsiv,arsiv,Bosch Logixx 8 Sensitive,//media3.bosch-home.com/Product_Shots/600x600/MCSA027123_WAS28740OE_def.jpg,0,https://www.bosch-home.com.tr/urun-listesi/arsiv/WAS28740OE?breadcrumb=null,0,0,-,,-,https://www.bosch-home.com.tr/yetkili-saticilar?product=WAS28740OE,Otomatik çamaşır makinesi,-,0,Enerji Etiketi: A / A / B,8 kg kapasite,Devir sayısı: 400 - 1400 dev/dak,Aqua Stop,
WAS247B3TR,arsiv,arsiv,Otomatik çamaşır makinesi,//media3.bosch-home.com/Product_Shots/600x600/MCSA00419072_WAS247B3TR_def.jpg,0,https://www.bosch-home.com.tr/urun-listesi/arsiv/WAS247B3TR?breadcrumb=null,0,0,Logixx serisi benzersiz VarioSoft™ drum yapısı ile 9kg ye kadar olan çamaşırlarınızı son derece hassas yıkar.,,-,https://www.bosch-home.com.tr/yetkili-saticilar?product=WAS247B3TR,-,Serie | 8,0,VarioSoft™ Drum: Damla şeklindeki tambur yapısı ile hassas veya güçlü yıkama gerçekleşir.,EcoSilence Drive™:Enerji verimli ve 10 yıl garantili uzun ömürlü motor- aynı zamandan makinanın son derece sessiz çalışmasını sağlar.,A+++ enerji verimlilik seviyesi.,%65 e varan oranda zaman; %50 ye varan oranda enerji tasarrufu.,ActiveWater™ Plus: Hassas sensör sistemi ile çamaşır miktarına göre en verimli su tüketimini sağlar.
WAS24765TR,arsiv,arsiv,Otomatik çamaşır makinesi,//media3.bosch-home.com/Product_Shots/600x600/MCSA00419074_WAS24765TR_def.jpg,0,https://www.bosch-home.com.tr/urun-listesi/arsiv/WAS24765TR?breadcrumb=null,0,0,Logixx serisi benzersiz VarioSoft™ drum yapısı ile 9kg ye kadar olan çamaşırlarınızı son derece hassas yıkar.,,-,https://www.bosch-home.com.tr/yetkili-saticilar?product=WAS24765TR,-,Serie | 8,0,VarioSoft™ Drum: Damla şeklindeki tambur yapısı ile hassas veya güçlü yıkama gerçekleşir.,EcoSilence Drive™:Enerji verimli ve 10 yıl garantili uzun ömürlü motor- aynı zamandan makinanın son derece sessiz çalışmasını sağlar.,A+++ enerji verimlilik seviyesi.,%65 e varan oranda zaman; %50 ye varan oranda enerji tasarrufu.,ActiveWater™ Plus: Hassas sensör sistemi ile çamaşır miktarına göre en verimli su tüketimini sağlar.
WAS24322TR,arsiv,arsiv,Otomatik çamaşır makinesi,//media3.bosch-home.com/Product_Shots/600x600/MCSA00464744_WAS24322TR_def.jpg,0,https://www.bosch-home.com.tr/urun-listesi/arsiv/WAS24322TR?breadcrumb=null,0,0,Logixx EcoSilence Drive™ motor ile sessiz ve uzun ömürlü performans.,,-,https://www.bosch-home.com.tr/yetkili-saticilar?product=WAS24322TR,-,Serie | 8,0,EcoSilence Drive™:Enerji verimli ve uzun ömürlü motor- aynı zamandan makinanın son derece sessiz çalışmasını sağlar.,A+++ -10% enerji sınıfı ile en üst enerji sınıfından %10 daha tasarruflu.,VarioSoft™ Drum: Damla şeklindeki tambur yapısı ile hassas veya güçlü yıkama gerçekleşir.,ActiveWater™ Plus: Hassas sensör sistemi ile çamaşır miktarına göre en verimli su tüketimini sağlar.,
WAQ2448STR,arsiv,arsiv,Avantixx 8 VarioPerfect,//media3.bosch-home.com/Product_Shots/600x600/MCSA00702167_WAQ2448STR_def.jpg,0,https://www.bosch-home.com.tr/urun-listesi/arsiv/WAQ2448STR?breadcrumb=null,0,0,Avantixx serisi ActiveWater™PLUS ile çamaşır miktarına göre su tüketimini sağlar; ne bir damla fazla ne bir damla az.,,-,https://www.bosch-home.com.tr/yetkili-saticilar?product=WAQ2448STR,Otomatik çamaşır makinesi,Serie | 6,0,ActiveWater™ Plus: Hassas sensör sistemi ile çamaşır miktarına göre en verimli su tüketimini sağlar.,A+++ -10% enerji sınıfı ile en üst enerji sınıfından %10 daha tasarruflu.,"Alerjen bünyeler ve çocuklar için geliştirilmiş ECARF sertifikalı ""AllergyPlus&Baby"" programı",WaveDrum™: Dalga yapılı tambur ile güçlü veya narin yıkama.,%65 e varan oranda zaman; %50 ye varan oranda enerji tasarrufu.
WAQ24481TR,arsiv,arsiv,Avantixx 8 VarioPerfect,//media3.bosch-home.com/Product_Shots/600x600/MCSA00635631_WAQ24481TR_def.jpg,0,https://www.bosch-home.com.tr/urun-listesi/arsiv/WAQ24481TR?breadcrumb=null,0,0,Avantixx serisi ActiveWater™PLUS ile çamaşır miktarına göre su tüketimini sağlar; ne bir damla fazla ne bir damla az.,,-,https://www.bosch-home.com.tr/yetkili-saticilar?product=WAQ24481TR,Otomatik çamaşır makinesi,Serie | 6,0,ActiveWater™ Plus: Hassas sensör sistemi ile çamaşır miktarına göre en verimli su tüketimini sağlar.,A+++ -10% enerji sınıfı ile en üst enerji sınıfından %10 daha tasarruflu.,"Alerjen bünyeler ve çocuklar için geliştirilmiş ECARF sertifikalı ""AllergyPlus&Baby"" programı",WaveDrum™: Dalga yapılı tambur ile güçlü veya narin yıkama.,%65 e varan oranda zaman; %50 ye varan oranda enerji tasarrufu.
WAQ24461TR,arsiv,arsiv,Avantixx7 VarioPerfect,//media3.bosch-home.com/Product_Shots/600x600/MCSA00635481_WAQ24461TR_def.jpg,0,https://www.bosch-home.com.tr/urun-listesi/arsiv/WAQ24461TR?breadcrumb=null,0,0,Avantixx serisi ActiveWater™PLUS ile çamaşır miktarına göre su tüketimini sağlar; ne bir damla fazla ne bir damla az.,,-,https://www.bosch-home.com.tr/yetkili-saticilar?product=WAQ24461TR,Otomatik çamaşır makinesi,Serie | 6,0,ActiveWater™ Plus: Hassas sensör sistemi ile çamaşır miktarına göre en verimli su tüketimini sağlar.,A+++ -10% enerji sınıfı ile en üst enerji sınıfından %10 daha tasarruflu.,"Alerjen bünyeler ve çocuklar için geliştirilmiş ECARF sertifikalı ""AllergyPlus&Baby"" programı",WaveDrum™: Dalga yapılı tambur ile güçlü veya narin yıkama.,VarioPerfect™ ile %65 e varan oranda zaman; %50 ye varan oranda enerji tasarrufu.
WAQ2049XTR,arsiv,arsiv,Otomatik çamaşır makinesi,//media3.bosch-home.com/Product_Shots/600x600/MCSA00826795_WAQ2049XTR_def.jpg,0,https://www.bosch-home.com.tr/urun-listesi/arsiv/WAQ2049XTR?breadcrumb=null,0,0,10 yıl garantili SilencePlus™ motoru ile sessiz ve uzun ömürlü performas sağlar.,,-,https://www.bosch-home.com.tr/yetkili-saticilar?product=WAQ2049XTR,-,Serie | 6,0,10 yıl garantili EcoSilence Drive™:Enerji verimli ve uzun ömürlü motor- aynı zamandan makinanın son derece sessiz çalışmasını sağlar.,A+++ -30% Enerji sınıfı ile en üst enerji sınıfından %30 daha tasarruflu.,VarioPerfect™: %65 daha az zaman yada %50 az enerji – terciğe göre program seçenekleri.,,
WAQ2048XTR,arsiv,arsiv,Avantixx 8 VarioPerfect,//media3.bosch-home.com/Product_Shots/600x600/MCSA00632708_WAQ2048XTR_def.jpg,0,https://www.bosch-home.com.tr/urun-listesi/arsiv/WAQ2048XTR?breadcrumb=null,0,0,Avantixx serisi ActiveWater™PLUS ile çamaşır miktarına göre su tüketimini sağlar; ne bir damla fazla ne bir damla az.,,-,https://www.bosch-home.com.tr/yetkili-saticilar?product=WAQ2048XTR,Otomatik çamaşır makinesi,Serie | 6,0,ActiveWater™ Plus: Hassas sensör sistemi ile çamaşır miktarına göre en verimli su tüketimini sağlar.,A+++ enerji verimlilik seviyesi.,"Alerjen bünyeler ve çocuklar için geliştirilmiş ECARF sertifikalı ""AllergyPlus&Baby"" programı",WaveDrum™: Dalga yapılı tambur ile güçlü veya narin yıkama.,VarioPerfect™ ile %65 e varan oranda zaman; %50 ye varan oranda enerji tasarrufu.
WAQ20480TR,arsiv,arsiv,Avantixx 8 VarioPerfect,//media3.bosch-home.com/Product_Shots/600x600/MCSA00652525_WAQ20480TR_def.jpg,0,https://www.bosch-home.com.tr/urun-listesi/arsiv/WAQ20480TR?breadcrumb=null,0,0,Avantixx serisi ActiveWater™PLUS ile çamaşır miktarına göre su tüketimini sağlar; ne bir damla fazla ne bir damla az.,,-,https://www.bosch-home.com.tr/yetkili-saticilar?product=WAQ20480TR,Otomatik çamaşır makinesi,Serie | 6,0,ActiveWater™ Plus: Hassas sensör sistemi ile çamaşır miktarına göre en verimli su tüketimini sağlar.,A+++ -10% enerji sınıfı ile en üst enerji sınıfından %10 daha tasarruflu.,"Alerjen bünyeler ve çocuklar için geliştirilmiş ECARF sertifikalı ""AllergyPlus&Baby"" programı",WaveDrum™: Dalga yapılı tambur ile güçlü veya narin yıkama.,VarioPerfect™ ile %65 e varan oranda zaman; %50 ye varan oranda enerji tasarrufu.
WAQ20461TR,arsiv,arsiv,Avantixx 7 VarioPerfect,//media3.bosch-home.com/Product_Shots/600x600/MCSA00635422_WAQ20461TR_def.jpg,0,https://www.bosch-home.com.tr/urun-listesi/arsiv/WAQ20461TR?breadcrumb=null,0,0,Avantixx serisi ActiveWater™PLUS ile çamaşır miktarına göre su tüketimini sağlar; ne bir damla fazla ne bir damla az.,,-,https://www.bosch-home.com.tr/yetkili-saticilar?product=WAQ20461TR,Otomatik çamaşır makinesi,Serie | 6,0,ActiveWater™ Plus: Hassas sensör sistemi ile çamaşır miktarına göre en verimli su tüketimini sağlar.,A+++ -10% enerji sınıfı ile en üst enerji sınıfından %10 daha tasarruflu.,"Alerjen bünyeler ve çocuklar için geliştirilmiş ECARF sertifikalı ""AllergyPlus&Baby"" programı",WaveDrum™: Dalga yapılı tambur ile güçlü veya narin yıkama.,VarioPerfect™ ile %65 e varan oranda zaman; %50 ye varan oranda enerji tasarrufu.
WAQ2042STR,arsiv,arsiv,Avantixx 7 VarioPerfect,//media3.bosch-home.com/Product_Shots/600x600/MCSA00702789_WAQ2042STR_def.jpg,0,https://www.bosch-home.com.tr/urun-listesi/arsiv/WAQ2042STR?breadcrumb=null,0,0,Avantixx serisi ActiveWater™PLUS ile çamaşır miktarına göre su tüketimini sağlar; ne bir damla fazla ne bir damla az.,,-,https://www.bosch-home.com.tr/yetkili-saticilar?product=WAQ2042STR,Otomatik çamaşır makinesi,Serie | 6,0,ActiveWater™ Plus: Hassas sensör sistemi ile çamaşır miktarına göre en verimli su tüketimini sağlar.,A+++ -10% enerji sınıfı ile en üst enerji sınıfından %10 daha tasarruflu.,"Alerjen bünyeler ve çocuklar için geliştirilmiş ECARF sertifikalı ""AllergyPlus&Baby"" programı",WaveDrum™: Dalga yapılı tambur ile güçlü veya narin yıkama.,%65 e varan oranda zaman; %50 ye varan oranda enerji tasarrufu.
WAQ16461TR,arsiv,arsiv,Avantixx 7 VarioPerfect,//media3.bosch-home.com/Product_Shots/600x600/MCSA00702788_WAQ16461_def.jpg,0,https://www.bosch-home.com.tr/urun-listesi/arsiv/WAQ16461TR?breadcrumb=null,0,0,Avantixx serisi ActiveWater™PLUS ile çamaşır miktarına göre su tüketimini sağlar; ne bir damla fazla ne bir damla az.,,-,https://www.bosch-home.com.tr/yetkili-saticilar?product=WAQ16461TR,Otomatik çamaşır makinesi,Serie | 6,0,ActiveWater™ Plus: Hassas sensör sistemi ile çamaşır miktarına göre en verimli su tüketimini sağlar.,A+++ -10% enerji sınıfı ile en üst enerji sınıfından %10 daha tasarruflu.,"Alerjen bünyeler ve çocuklar için geliştirilmiş ECARF sertifikalı ""AllergyPlus&Baby"" programı",WaveDrum™: Dalga yapılı tambur ile güçlü veya narin yıkama.,VarioPerfect™ ile %65 e varan oranda zaman; %50 ye varan oranda enerji tasarrufu.
WAK24210TR,arsiv,arsiv,Otomatik çamaşır makinesi,//media3.bosch-home.com/Product_Shots/600x600/MCSA00723531_WAK24210TR_def.jpg,0,https://www.bosch-home.com.tr/urun-listesi/arsiv/WAK24210TR?breadcrumb=null,0,0,Maxx serisi VarioPerfect™ ile hızlı yada verimli çamaşır yıkama imkanı sunuyor.,,-,https://www.bosch-home.com.tr/yetkili-saticilar?product=WAK24210TR,-,Serie | 4,0,VarioPerfect™ ile %65 e varan oranda zaman; %50 ye varan oranda enerji tasarrufu.,A+++ enerji verimlilik seviyesi.,WaveDrum™: Dalga yapılı tambur ile güçlü veya narin yıkama.,ActiveWater™: 2 kademeli miktar otomaği sudan tasarruf edilmesini sağlar.,
WAK2021STR,arsiv,arsiv,Otomatik çamaşır makinesi,//media3.bosch-home.com/Product_Shots/600x600/MCSA00615597_WAK2021STR_def.jpg,0,https://www.bosch-home.com.tr/urun-listesi/arsiv/WAK2021STR?breadcrumb=null,0,0,Maxx serisi VarioPerfect™ ile hızlı yada verimli çamaşır yıkama imkanı sunuyor.,,-,https://www.bosch-home.com.tr/yetkili-saticilar?product=WAK2021STR,-,Serie | 4,0,%65 e varan oranda zaman; %50 ye varan oranda enerji tasarrufu.,A+++ enerji verimlilik seviyesi.,WaveDrum™: Dalga yapılı tambur ile güçlü veya narin yıkama.,Aktif Su™: 2 kademeli miktar otomaği sudan tasarruf edilmesini sağlar.,
WAK20210TR,arsiv,arsiv,Otomatik çamaşır makinesi,//media3.bosch-home.com/Product_Shots/600x600/MCSA00615595_WAK20210TR_def.jpg,0,https://www.bosch-home.com.tr/urun-listesi/arsiv/WAK20210TR?breadcrumb=null,0,0,Maxx serisi VarioPerfect™ ile hızlı yada verimli çamaşır yıkama imkanı sunuyor.,,-,https://www.bosch-home.com.tr/yetkili-saticilar?product=WAK20210TR,-,Serie | 4,0,VarioPerfect™ ile %65 e varan oranda zaman; %50 ye varan oranda enerji tasarrufu.,A+++ enerji verimlilik seviyesi.,WaveDrum™: Dalga yapılı tambur ile güçlü veya narin yıkama.,ActiveWater™: 2 kademeli miktar otomaği sudan tasarruf edilmesini sağlar.,
WAK2020STR,arsiv,arsiv,Otomatik çamaşır makinesi,//media3.bosch-home.com/Product_Shots/600x600/MCSA00615593_WAK2020STR_def.jpg,0,https://www.bosch-home.com.tr/urun-listesi/arsiv/WAK2020STR?breadcrumb=null,0,0,Maxx serisi VarioPerfect™ ile hızlı yada verimli çamaşır yıkama imkanı sunuyor.,,-,https://www.bosch-home.com.tr/yetkili-saticilar?product=WAK2020STR,-,Serie | 4,0,VarioPerfect™ ile %65 e varan oranda zaman; %50 ye varan oranda enerji tasarrufu.,A+++ enerji verimlilik seviyesi.,WaveDrum™: Dalga yapılı tambur ile güçlü veya narin yıkama.,ActiveWater™: 2 kademeli miktar otomaği sudan tasarruf edilmesini sağlar.,
WAK20201TR,arsiv,arsiv,Otomatik çamaşır makinesi,//media3.bosch-home.com/Product_Shots/600x600/MCSA00615591_WAK20201TR_def.jpg,0,https://www.bosch-home.com.tr/urun-listesi/arsiv/WAK20201TR?breadcrumb=null,0,0,Maxx serisi VarioPerfect™ ile hızlı yada verimli çamaşır yıkama imkanı sunuyor.,,-,https://www.bosch-home.com.tr/yetkili-saticilar?product=WAK20201TR,-,Serie | 4,0,%65 e varan oranda zaman; %50 ye varan oranda enerji tasarrufu.,A+++ enerji verimlilik seviyesi.,WaveDrum™: Dalga yapılı tambur ile güçlü veya narin yıkama.,Aktif Su™: 2 kademeli miktar otomaği sudan tasarruf edilmesini sağlar.,
WAK20200TR,arsiv,arsiv,Otomatik çamaşır makinesi,//media3.bosch-home.com/Product_Shots/600x600/MCSA00615589_WAK20200TR_def.jpg,0,https://www.bosch-home.com.tr/urun-listesi/arsiv/WAK20200TR?breadcrumb=null,0,0,Maxx serisi VarioPerfect™ ile hızlı yada verimli çamaşır yıkama imkanı sunuyor.,,-,https://www.bosch-home.com.tr/yetkili-saticilar?product=WAK20200TR,-,Serie | 4,0,VarioPerfect™ ile %65 e varan oranda zaman; %50 ye varan oranda enerji tasarrufu.,A+++ enerji verimlilik seviyesi.,WaveDrum™: Dalga yapılı tambur ile güçlü veya narin yıkama.,ActiveWater™: 2 kademeli miktar otomaği sudan tasarruf edilmesini sağlar.,
WAK16200TR,arsiv,arsiv,Otomatik çamaşır makinesi,//media3.bosch-home.com/Product_Shots/600x600/MCSA00615583_WAK16200TR_def.jpg,0,https://www.bosch-home.com.tr/urun-listesi/arsiv/WAK16200TR?breadcrumb=null,0,0,Maxx serisi VarioPerfect™ ile hızlı yada verimli çamaşır yıkama imkanı sunuyor.,,-,https://www.bosch-home.com.tr/yetkili-saticilar?product=WAK16200TR,-,Serie | 4,0,VarioPerfect™ ile %65 e varan oranda zaman; %50 ye varan oranda enerji tasarrufu.,A+++ enerji verimlilik seviyesi.,WaveDrum™: Dalga yapılı tambur ile güçlü veya narin yıkama.,ActiveWater™: 2 kademeli miktar otomaği sudan tasarruf edilmesini sağlar.,
WAE24460TR,arsiv,arsiv,Maxx 7,//media3.bosch-home.com/Product_Shots/600x600/MCSA027329_WAE24460TR_def.jpg,0,https://www.bosch-home.com.tr/urun-listesi/arsiv/WAE24460TR?breadcrumb=null,0,0,-,,-,https://www.bosch-home.com.tr/yetkili-saticilar?product=WAE24460TR,Otomatik çamaşır makinesi,-,0,Enerji Etiketi: A / A / B,7 kg kapasite,Devir sayısı: 400 - 1200 dev/dak,Soğuk su girişi,
WAE24460BC,arsiv,arsiv,Maxx 7,//media3.bosch-home.com/Product_Shots/600x600/MCSA028353_WAE24460BC_def.jpg,0,https://www.bosch-home.com.tr/urun-listesi/arsiv/WAE24460BC?breadcrumb=null,0,0,-,,-,https://www.bosch-home.com.tr/yetkili-saticilar?product=WAE24460BC,Otomatik çamaşır makinesi,-,0,Enerji Etiketi: A / A / B,7 kg kapasite,Devir sayısı: 400 - 1200 dev/dak,Soğuk su girişi,
WAE2441GTR,arsiv,arsiv,Maxx 7,//media3.bosch-home.com/Product_Shots/600x600/MCSA025934_WAE2441GTR_def.jpg,0,https://www.bosch-home.com.tr/urun-listesi/arsiv/WAE2441GTR?breadcrumb=null,0,0,-,,-,https://www.bosch-home.com.tr/yetkili-saticilar?product=WAE2441GTR,Otomatik çamaşır makinesi,-,0,Enerji Etiketi: A / A / B,7 kg kapasite,7 kg yıkama kapasitesi,Devir sayısı: 400 - 1200 dev/dak,
WAE20460TR,arsiv,arsiv,Maxx 7,//media3.bosch-home.com/Product_Shots/600x600/MCSA025572_WAE20460TR_def.jpg,0,https://www.bosch-home.com.tr/urun-listesi/arsiv/WAE20460TR?breadcrumb=null,0,0,-,,-,https://www.bosch-home.com.tr/yetkili-saticilar?product=WAE20460TR,Otomatik çamaşır makinesi,-,0,Enerji Etiketi: A / A / C,7 kg kapasite,Devir sayısı: 400 - 1000 dev/dak,Soğuk su girişi,
WAE20460BC,arsiv,arsiv,Maxx 6,//media3.bosch-home.com/Product_Shots/600x600/MCSA028374_WAE20460BC_def.jpg,0,https://www.bosch-home.com.tr/urun-listesi/arsiv/WAE20460BC?breadcrumb=null,0,0,-,,-,https://www.bosch-home.com.tr/yetkili-saticilar?product=WAE20460BC,Otomatik çamaşır makinesi,-,0,Enerji Etiketi: A / A / C,6 kg kapasite,6 kg yıkama kapasitesi,Devir sayısı: 400 - 1000 dev/dak,
WAE20410TR,arsiv,arsiv,Maxx 7,//media3.bosch-home.com/Product_Shots/600x600/MCSA027373_WAE20410TR_def.jpg,0,https://www.bosch-home.com.tr/urun-listesi/arsiv/WAE20410TR?breadcrumb=null,0,0,-,,-,https://www.bosch-home.com.tr/yetkili-saticilar?product=WAE20410TR,Otomatik çamaşır makinesi,-,0,Enerji Etiketi: A / A / C,7 kg kapasite,Sıcak-soğuk su girişi,Devir sayısı: 400 - 1000 dev/dak,
WAE20410BC,arsiv,arsiv,Maxx 7,//media3.bosch-home.com/Product_Shots/600x600/MCSA028346_WAE20410BC_def.jpg,0,https://www.bosch-home.com.tr/urun-listesi/arsiv/WAE20410BC?breadcrumb=null,0,0,-,,-,https://www.bosch-home.com.tr/yetkili-saticilar?product=WAE20410BC,Otomatik çamaşır makinesi,-,0,Enerji Etiketi: A / A / C,7 kg kapasite,7 kg yıkama kapasitesi,Devir sayısı: 400 - 1000 dev/dak,
WAE20261TR,arsiv,arsiv,Maxx 6,//media3.bosch-home.com/Product_Shots/600x600/MCSA041528_WAE20261TR_def.jpg,0,https://www.bosch-home.com.tr/urun-listesi/arsiv/WAE20261TR?breadcrumb=null,0,0,-,,-,https://www.bosch-home.com.tr/yetkili-saticilar?product=WAE20261TR,Otomatik çamaşır makinesi,-,0,Enerji Etiketi: A / A / C,"Enerji tüketimi: ""A-%10"" (A enerji sınıfından %10 daha tasarrufludur)",6 kg kapasite,Devir sayısı: 400 - 1000 dev/dak,
WAE1816KBC,arsiv,arsiv,Maxx 6 Maxx for Kids,//media3.bosch-home.com/Product_Shots/600x600/MCSA028344_WAE1816KBC_def.jpg,0,https://www.bosch-home.com.tr/urun-listesi/arsiv/WAE1816KBC?breadcrumb=null,0,0,-,,-,https://www.bosch-home.com.tr/yetkili-saticilar?product=WAE1816KBC,Otomatik çamaşır makinesi,-,0,Enerji Etiketi: A / A / D,6 kg kapasite,Devir sayısı: 600 - 900 dev/dak,çok katlı su koruma,
WAE16460TR,arsiv,arsiv,Maxx 7,//media3.bosch-home.com/Product_Shots/600x600/MCSA027325_WAE16460TR_def.jpg,0,https://www.bosch-home.com.tr/urun-listesi/arsiv/WAE16460TR?breadcrumb=null,0,0,-,,-,https://www.bosch-home.com.tr/yetkili-saticilar?product=WAE16460TR,Otomatik çamaşır makinesi,-,0,Enerji Etiketi: A / A / D,7 kg kapasite,Devir sayısı: 400 - 800 dev/dak,Soğuk su girişi,
WAE16160BC,arsiv,arsiv,Maxx 6,//media3.bosch-home.com/Product_Shots/600x600/MCSA028349_WAE16160BC_def.jpg,0,https://www.bosch-home.com.tr/urun-listesi/arsiv/WAE16160BC?breadcrumb=null,0,0,-,,-,https://www.bosch-home.com.tr/yetkili-saticilar?product=WAE16160BC,Otomatik çamaşır makinesi,-,0,Enerji Etiketi: A / A / D,6 kg kapasite,Devir sayısı: 400 - 800 dev/dak,çok katlı su koruma,
WAB202S2TR,arsiv,arsiv,Otomatik çamaşır makinesi,//media3.bosch-home.com/Product_Shots/600x600/MCSA00675177_WAB202S2TR_def.jpg,0,https://www.bosch-home.com.tr/urun-listesi/arsiv/WAB202S2TR?breadcrumb=null,0,0,Maxx serisi VarioPerfect™ ile hızlı yada enerji tasarrufu sağlayan çamaşır yıkama imkanı sunuyor.,,-,https://www.bosch-home.com.tr/yetkili-saticilar?product=WAB202S2TR,-,Serie | 2,0,Aktif Su™: 2 kademeli miktar otomaği sudan tasarruf edilmesini sağlar.,VarioPerfect™ ile %65 e varan oranda zaman; %50 ye varan oranda enerji tasarrufu.,A+++ enerji verimlilik seviyesi.,,
WAB20262TR,arsiv,arsiv,Otomatik çamaşır makinesi,//media3.bosch-home.com/Product_Shots/600x600/MCSA00645824_WAB20262TR_def.jpg,0,https://www.bosch-home.com.tr/urun-listesi/arsiv/WAB20262TR?breadcrumb=null,0,0,Maxx serisi VarioPerfect™ ile hızlı yada enerji tasarrufu sağlayan çamaşır yıkama imkanı sunuyor.,,-,https://www.bosch-home.com.tr/yetkili-saticilar?product=WAB20262TR,-,Serie | 2,0,ActiveWater™: 2 kademeli miktar otomaği sudan tasarruf edilmesini sağlar.,VarioPerfect™ ile %65 e varan oranda zaman; %50 ye varan oranda enerji tasarrufu.,A+++ enerji verimlilik seviyesi.,,
WAB16262TR,arsiv,arsiv,Otomatik çamaşır makinesi,//media3.bosch-home.com/Product_Shots/600x600/MCSA00645822_WAB16262TR_def.jpg,0,https://www.bosch-home.com.tr/urun-listesi/arsiv/WAB16262TR?breadcrumb=null,0,0,-,,-,https://www.bosch-home.com.tr/yetkili-saticilar?product=WAB16262TR,-,Serie | 2,0,ActiveWater™: 2 kademeli miktar otomaği sudan tasarruf edilmesini sağlar.,VarioPerfect™ ile %65 e varan oranda zaman; %50 ye varan oranda enerji tasarrufu.,A+++ enerji verimlilik seviyesi.,,
WAB16212TR,arsiv,arsiv,Otomatik çamaşır makinesi,//media3.bosch-home.com/Product_Shots/600x600/MCSA00645819_WAB16212TR_def.jpg,0,https://www.bosch-home.com.tr/urun-listesi/arsiv/WAB16212TR?breadcrumb=null,0,0,-,,-,https://www.bosch-home.com.tr/yetkili-saticilar?product=WAB16212TR,-,Serie | 2,0,"Alerjen bünyeler ve çocuklar için geliştirilmiş ECARF sertifikalı ""AllergyPlus&Baby"" programı",Aktif Su™: 2 kademeli miktar otomaği sudan tasarruf edilmesini sağlar.,VarioPerfect™ ile %65 e varan oranda zaman; %50 ye varan oranda enerji tasarrufu.,A+++ enerji verimlilik seviyesi.,
WAB16060TR,arsiv,arsiv,Otomatik çamaşır makinesi,//media3.bosch-home.com/Product_Shots/600x600/MCSA00407402_WAB16060TR_def.jpg,0,https://www.bosch-home.com.tr/urun-listesi/arsiv/WAB16060TR?breadcrumb=null,0,0,Aktif Su: Tamburun tam yada yarım dolu olduğunu algılayarak su tüketimini ayarlar- doğanın korunmasını sağlar.,,-,https://www.bosch-home.com.tr/yetkili-saticilar?product=WAB16060TR,-,Serie | 2,0,ActiveWater™: 2 kademeli miktar otomaği sudan tasarruf edilmesini sağlar.,A+ Enerji sınıfı,,,
WAB12060TR,arsiv,arsiv,Otomatik çamaşır makinesi,//media3.bosch-home.com/Product_Shots/600x600/MCSA00407404_WAB12060TR_def.jpg,0,https://www.bosch-home.com.tr/urun-listesi/arsiv/WAB12060TR?breadcrumb=null,0,0,-,,-,https://www.bosch-home.com.tr/yetkili-saticilar?product=WAB12060TR,-,Serie | 2,0,ActiveWater™: 2 kademeli miktar otomaği sudan tasarruf edilmesini sağlar.,A+ Enerji sınıfı,,,
WAA20160TR,arsiv,arsiv,Classixx 5 1000,//media3.bosch-home.com/Product_Shots/600x600/MCSA024877_WAA20160TR_def.jpg,0,https://www.bosch-home.com.tr/urun-listesi/arsiv/WAA20160TR?breadcrumb=null,0,0,-,,-,https://www.bosch-home.com.tr/yetkili-saticilar?product=WAA20160TR,Otomatik çamaşır makinesi,-,0,Enerji Etiketi: A / A / C,5 kg kapasite,Sıkma devri: 1000/600 devir,Soğuk su girişi,
WAA2011GTR,arsiv,arsiv,Classixx 5 1000,//media3.bosch-home.com/Product_Shots/600x600/MCSA028802_WAA2011GTR_def.jpg,0,https://www.bosch-home.com.tr/urun-listesi/arsiv/WAA2011GTR?breadcrumb=null,0,0,-,,-,https://www.bosch-home.com.tr/yetkili-saticilar?product=WAA2011GTR,Otomatik çamaşır makinesi,-,0,Enerji Etiketi: A / A / C,5 kg kapasite,Sıcak-soğuk su girişi,Devir sayısı: 600 - 1000 dev/dak,
WAA16161BC,arsiv,arsiv,Classixx 5,//media3.bosch-home.com/Product_Shots/600x600/MCSA035124_WAA16161BC_def.jpg,0,https://www.bosch-home.com.tr/urun-listesi/arsiv/WAA16161BC?breadcrumb=null,0,0,-,,-,https://www.bosch-home.com.tr/yetkili-saticilar?product=WAA16161BC,Otomatik çamaşır makinesi,-,0,Enerji Etiketi: A / A / D,5 kg kapasite,Devir sayısı: 800 devir,Çok katlı su koruması,
WAA16160TR,arsiv,arsiv,Classixx 5 800,//media3.bosch-home.com/Product_Shots/600x600/MCSA025172_WAA16160TR_def.jpg,0,https://www.bosch-home.com.tr/urun-listesi/arsiv/WAA16160TR?breadcrumb=null,0,0,-,,-,https://www.bosch-home.com.tr/yetkili-saticilar?product=WAA16160TR,otomatik çamaşır makinesi,-,0,Enerji Etiketi: A / A / D,5 kg yıkama kapasitesi,Sıkma devri: 800 devir,Soğuk su girişi,
WAA16110TR,arsiv,arsiv,Classixx 5 800,//media3.bosch-home.com/Product_Shots/600x600/MCSA025171_WAA16110TR_def.jpg,0,https://www.bosch-home.com.tr/urun-listesi/arsiv/WAA16110TR?breadcrumb=null,0,0,-,,-,https://www.bosch-home.com.tr/yetkili-saticilar?product=WAA16110TR,otomatik çamaşır makinesi,-,0,Enerji Etiketi: A / A / D,5 kg yıkama kapasitesi,Sıkma devri: 800 devir,Sıcak-soğuk su girişi,
WAA12160TR,arsiv,arsiv,Classixx 5 600,//media3.bosch-home.com/Product_Shots/600x600/MCSA025170_WAA12160TR_def.jpg,0,https://www.bosch-home.com.tr/urun-listesi/arsiv/WAA12160TR?breadcrumb=null,0,0,-,,-,https://www.bosch-home.com.tr/yetkili-saticilar?product=WAA12160TR,otomatik çamaşır makinesi,-,0,Enerji Etiketi: A / A / E,5 kg yıkama kapasitesi,Sıkma devri: 600 devir,Soğuk su girişi,
TWK8613,arsiv,arsiv,su ısıtıcı - Siyah,//media3.bosch-home.com/Product_Shots/600x600/MCSA046334_TWK8613_def.jpg,0,https://www.bosch-home.com.tr/urun-listesi/arsiv/TWK8613?breadcrumb=null,0,0,-,,-,https://www.bosch-home.com.tr/yetkili-saticilar?product=TWK8613,Styline,-,0,Kapasite: 1.5 l su,Güç: 2000-2400 watt (maksimum),Isı kontrolu: Isıtlan suyu 70°C- 80°C- 90°C- 100°C ye kadar ayarlama imkanı,Sıcak tutma fonksiyonu,
TWK7901,arsiv,arsiv,Kablosuz paslanmaz çelik kettle,//media3.bosch-home.com/Product_Shots/600x600/MCSA00673792_E2716_TWK7901_327416_korr_def.jpg,0,https://www.bosch-home.com.tr/urun-listesi/arsiv/TWK7901?breadcrumb=null,0,0,Su ısıtmanın zarif ve kolay hali,,-,https://www.bosch-home.com.tr/yetkili-saticilar?product=TWK7901,Ana renk: Paslanmaz çelik- İkincil renk: Açık gri,-,0,Otomatik kapanma- aşırı ısınma ve susuz çalışma emniyeti,Gizlenmiş ısıtma aksamları,Kireç filtresi,Kablo sarma bölmesi,1-7lt kapasite
TWK7808,arsiv,arsiv,Kablosuz paslanmaz çelik kettle,//media3.bosch-home.com/Product_Shots/600x600/MCSA00726773_E5584_TWK7808_378383_def.jpg,0,https://www.bosch-home.com.tr/urun-listesi/arsiv/TWK7808?breadcrumb=null,0,0,Su ısıtmanın zarif ve kolay hali,,-,https://www.bosch-home.com.tr/yetkili-saticilar?product=TWK7808,Ana renk: Altın- İkincil renk: Siyah,-,0,Otomatik kapanma- aşırı ısınma ve susuz çalışma emniyeti,Gizlenmiş ısıtma aksamları,Kireç filtresi,Kablo sarma bölmesi,1-7lt kapasite
TWK7805,su isiticilari kettle,kahvalti hazirlama grubu,Su ısıtıcı,//media3.bosch-home.com/Product_Shots/600x600/MCSA00974417_F6090_TWK7805_595389_def.jpg,0,https://www.bosch-home.com.tr/urun-listesi/kahvalti-hazirlama-grubu/su-isiticilari-kettle/TWK7805?breadcrumb=null,0,0,-,,-,https://www.bosch-home.com.tr/yetkili-saticilar?product=TWK7805,Antrasit / Siyah,-,1470002400,Otomatik kapanma- aşırı ısınma ve susuz çalışma emniyeti,Gizlenmiş ısıtma aksamları,Kireç filtresi,Kablo sarma bölmesi,
TWK7101,su isiticilari kettle,kahvalti hazirlama grubu,Su ısıtıcı,//media3.bosch-home.com/Product_Shots/600x600/MCSA00728153_E5617_TWK7101_379153_def.jpg,449,https://www.bosch-home.com.tr/urun-listesi/kahvalti-hazirlama-grubu/su-isiticilari-kettle/TWK7101?breadcrumb=null,0,0,-,449-00 TL,657-00 TL,https://www.bosch-home.com.tr/yetkili-saticilar?product=TWK7101,Paslanmaz çelik / Siyah,-,1527544800,Gizlenmiş ısıtma aksamları,Kireç filtresi,Kablo sarma bölmesi,1.7 l kapasite,3lü güvenlik sistemi: Otomatik kapanma- aşırı ısınma ve susuz çalışma emniyeti- kaldırıldığında otomatik kapanma
TWK7004,arsiv,arsiv,su ısıtıcı - irlanda yeşili,//media3.bosch-home.com/Product_Shots/600x600/MCSA005517_TWK7004_def.jpg,0,https://www.bosch-home.com.tr/urun-listesi/arsiv/TWK7004?breadcrumb=null,0,0,-,,-,https://www.bosch-home.com.tr/yetkili-saticilar?product=TWK7004,-,-,0,Güç: 2000-2400 watt (maksimum),gizli rezistanslı paslanmaz çelik zemin,çift taraflı su seviye göstergesi,çıkartılabilen kireç filtresi,
TWK6801,arsiv,arsiv,private collection,//media3.bosch-home.com/Product_Shots/600x600/MCSA024479_TWK6801_def.jpg,0,https://www.bosch-home.com.tr/urun-listesi/arsiv/TWK6801?breadcrumb=null,0,0,Çay keyfiniz- çaya ve size değer veren tasarımıyla,,-,https://www.bosch-home.com.tr/yetkili-saticilar?product=TWK6801,su ısıtıcı - çelik,-,0,Otomatik kapanma- aşırı ısınma ve susuz çalışma emniyeti,Tek elle bir dokunuşta kapağı açma imkanı,Kireç filtresi,Kablo sarma bölmesi,1-7lt kapasite
TWK6303,arsiv,arsiv,Kablosuz paslanmaz çelik kettle,//media3.bosch-home.com/Product_Shots/600x600/MCSA00472620_D4078_TWK6303_97143_def.jpg,0,https://www.bosch-home.com.tr/urun-listesi/arsiv/TWK6303?breadcrumb=null,0,0,-,,-,https://www.bosch-home.com.tr/yetkili-saticilar?product=TWK6303,private collection,-,0,Otomatik kapanma- aşırı ısınma ve susuz çalışma emniyeti,Tek elle bir dokunuşta kapağı açma imkanı,Kireç filtresi,Kablo sarma bölmesi,1-7lt kapasite
TWK6008,arsiv,arsiv,Su ısıtıcı - plastik,//media3.bosch-home.com/Product_Shots/600x600/MCSA043463_TWK6008_def.jpg,0,https://www.bosch-home.com.tr/urun-listesi/arsiv/TWK6008?breadcrumb=null,0,0,Her gün artan çay keyfiniz için,,-,https://www.bosch-home.com.tr/yetkili-saticilar?product=TWK6008,Özel koleksiyon,-,0,Otomatik kapanma- aşırı ısınma ve susuz çalışma emniyeti,Tek elle bir dokunuşta kapağı açma imkanı,Kireç filtresi,Kablo sarma bölmesi,1-7lt kapasite
TWK6004N,arsiv,arsiv,Su ısıtıcı - plastik,//media3.bosch-home.com/Product_Shots/600x600/MCSA024494_TWK6004_def.jpg,0,https://www.bosch-home.com.tr/urun-listesi/arsiv/TWK6004N?breadcrumb=null,0,0,Her gün artan çay keyfiniz için,,-,https://www.bosch-home.com.tr/yetkili-saticilar?product=TWK6004N,private collection,-,0,Otomatik kapanma- aşırı ısınma ve susuz çalışma emniyeti,Tek elle bir dokunuşta kapağı açma imkanı,Kireç filtresi,Kablo sarma bölmesi,1-7lt kapasite
TWK6001,arsiv,arsiv,private collection,//media3.bosch-home.com/Product_Shots/600x600/MCSA00449688_MCSA024482_TWK6001_def.jpg,0,https://www.bosch-home.com.tr/urun-listesi/arsiv/TWK6001?breadcrumb=null,0,0,Her gün artan çay keyfiniz için,,-,https://www.bosch-home.com.tr/yetkili-saticilar?product=TWK6001,su ısıtıcı - beyaz,-,0,Otomatik kapanma- aşırı ısınma ve susuz çalışma emniyeti,Tek elle bir dokunuşta kapağı açma imkanı,Kireç filtresi,Kablo sarma bölmesi,1-7lt kapasite
TWK5508,arsiv,arsiv,kablosuz plastik su kaynatici,//media3.bosch-home.com/Product_Shots/600x600/no-picture-available.jpg,0,https://www.bosch-home.com.tr/urun-listesi/arsiv/TWK5508?breadcrumb=null,0,0,-,,-,https://www.bosch-home.com.tr/yetkili-saticilar?product=TWK5508,-,-,0,1.5 l kapasite,2000 W,Çelik zemin altında gizli rezistans,Cihazın dışında her iki yanda su seviye göstergeleri,
TWK3A011,su isiticilari kettle,kahvalti hazirlama grubu,Su ısıtıcı,//media3.bosch-home.com/Product_Shots/600x600/MCSA00474827_D4142_TWK3A011_98713_def.jpg,159,https://www.bosch-home.com.tr/urun-listesi/kahvalti-hazirlama-grubu/su-isiticilari-kettle/TWK3A011?breadcrumb=null,0,0,-,159-00 TL,321-00 TL,https://www.bosch-home.com.tr/yetkili-saticilar?product=TWK3A011,Beyaz,-,1527544800,Güvenlik için kapak kilidi,Geniş ağzı ve çıkartılabilir kapağı sayesinde koloayca temizlenir,1.7 l kapasite,,
TWK1201N,su isiticilari kettle,kahvalti hazirlama grubu,Su ısıtıcı,//media3.bosch-home.com/Product_Shots/600x600/MCSA00762512_E6316_TWK1201N_407402_def.jpg,279,https://www.bosch-home.com.tr/urun-listesi/kahvalti-hazirlama-grubu/su-isiticilari-kettle/TWK1201N?breadcrumb=null,0,0,Bosch- gelenek yaratır,279-00 TL,410-00 TL,https://www.bosch-home.com.tr/yetkili-saticilar?product=TWK1201N,Beyaz,-,1527544800,Gizlenmiş ısıtma aksamları,Kablo sarma bölmesi,1.7 l kapasite,,
TTA3000,arsiv,arsiv,Çay makinesi,//media3.bosch-home.com/Product_Shots/600x600/MCSA045377_TTA3000_def.jpg,0,https://www.bosch-home.com.tr/urun-listesi/arsiv/TTA3000?breadcrumb=null,0,0,Tek dokunuşla çay keyfi,,-,https://www.bosch-home.com.tr/yetkili-saticilar?product=TTA3000,Ana renk: Pastel yeşil- İkincil renk: Açık gri,-,0,Su kapasitesi: 1.75 l Çay kapasitesi 1.2 l,Ekstra büyük çay süzgeçli cam demlik,Sıcak tutma fonksiyonu,2 saat sonra otomatik kapanma,
TTA2009,arsiv,arsiv,Çay makinesi,//media3.bosch-home.com/Product_Shots/600x600/MCSA021945_TTA2009_def.jpg,0,https://www.bosch-home.com.tr/urun-listesi/arsiv/TTA2009?breadcrumb=null,0,0,-,,-,https://www.bosch-home.com.tr/yetkili-saticilar?product=TTA2009,-,-,0,güç: 1500-1785 watt (maksimum),çay kapasitesi: 0.7 l,su kapasitesi: 2 l,su seviye göstergeli- şeffaf su ısıtıcısı,
TKM6003,filtre kahve makineleri,kahve makineleri,Coffeexx Plus Türk Kahvesi Makinesi,//media3.bosch-home.com/Product_Shots/600x600/MCSA02990580_J2029_2305260_TKM6003_def.jpg,0,https://www.bosch-home.com.tr/urun-listesi/kahve-makineleri/filtre-kahve-makineleri/TKM6003?breadcrumb=null,0,0,Tek seferde 6 fincana kadar Türk Kahvesi yapma imkanı!,,-,https://www.bosch-home.com.tr/yetkili-saticilar?product=TKM6003,-,-,1553468400,Kolayca ön panelden seçilebilen 3 çeşit bardak boyutu seçeneği,25 finaca kadar tekrar doldurmaya gerek kalmadan 1.4lt çıkarılabilir su haznesi,,,
TKA8013,arsiv,arsiv,kahve makinası - 10 fincan,//media3.bosch-home.com/Product_Shots/600x600/MCSA046335_TKA8013_def.jpg,0,https://www.bosch-home.com.tr/urun-listesi/arsiv/TKA8013?breadcrumb=null,0,0,-,,-,https://www.bosch-home.com.tr/yetkili-saticilar?product=TKA8013,Styline,-,0,Güç: 1160 watt (maksimum),10/15 fincan kapasiteli- 1.25 l,Otomatik Aroma Kontrol sistemi ile mükemmel kahve yoğunluğu- küçük fincan seçimlerinde bile,Dual Heating System fonksiyonu ile kahve damıtma ve sıcak tutma seçeneklerinde otomatik derece ayarı,
TKA6643,arsiv,arsiv,Filtre Kahve makinesi,//media3.bosch-home.com/Product_Shots/600x600/MCSA00776210_E7168_TKA6643_423550_def.jpg,0,https://www.bosch-home.com.tr/urun-listesi/arsiv/TKA6643?breadcrumb=null,0,0,Gözünüze ve damak zevkinize hitap eder,,-,https://www.bosch-home.com.tr/yetkili-saticilar?product=TKA6643,-,-,0,Nefis kahve aroması için özel demleme ve aroma tekniği,Rahat temizlik için kolay çıkarılabilir filtre,Kolayca doldurmak için tasarlanan çıkartılabilir su haznesi,Demliği çıkartırken devreye giren damlama emniyeti,Sıcak tutma ve güvenlik için otomatik kapanma özelliği
TKA6634,arsiv,arsiv,private collection,//media3.bosch-home.com/Product_Shots/600x600/MCSA025687_TKA6634_def.jpg,0,https://www.bosch-home.com.tr/urun-listesi/arsiv/TKA6634?breadcrumb=null,0,0,-,,-,https://www.bosch-home.com.tr/yetkili-saticilar?product=TKA6634,-,-,0,güç: 1100 watt (maksimum),15 fincan kapasiteli,"kireç çözme"" uyarısı",2 saat onunda otomatik kapanma,
TKA6631V,arsiv,arsiv,Filtre kahve makinesi,//media3.bosch-home.com/Product_Shots/600x600/MCSA025686_TKA6631_def.jpg,0,https://www.bosch-home.com.tr/urun-listesi/arsiv/TKA6631V?breadcrumb=null,0,0,Gözünüze ve damak zevkinize hitap eder,,-,https://www.bosch-home.com.tr/yetkili-saticilar?product=TKA6631V,Paslanmaz çelik ön panel,-,0,Nefis kahve aroması için özel demleme ve aroma tekniği,Rahat temizlik için kolay çıkarılabilir filtre,Kolayca doldurmak için tasarlanan çıkartılabilir su haznesi,Demliği çıkartırken devreye giren damlama emniyeti,Sıcak tutma ve güvenlik için otomatik kapanma özelliği
TKA6323,arsiv,arsiv,kahve makinası - 10 fincan,//media3.bosch-home.com/Product_Shots/600x600/MCSA00471702_D4057_TKA6323_96688_def.jpg,0,https://www.bosch-home.com.tr/urun-listesi/arsiv/TKA6323?breadcrumb=null,0,0,Lezzet bağımlılığı ve aynı zamanda mutfağınızın yıldızı,,-,https://www.bosch-home.com.tr/yetkili-saticilar?product=TKA6323,private collection,-,0,Nefis kahve aroması için özel demleme ve aroma tekniği,Rahat temizlik için kolay çıkarılabilir filtre,Kolayca doldurmak için tasarlanan çıkartılabilir su haznesi,Demliği çıkartırken devreye giren damlama emniyeti,4 fincana kadar ideal kahve lezzeti için iki kademeli ayar
TKA6034,arsiv,arsiv,Filtre Kahve makinesi,//media3.bosch-home.com/Product_Shots/600x600/MCSA00776205_E7166_TKA6034_423548_def.jpg,0,https://www.bosch-home.com.tr/urun-listesi/arsiv/TKA6034?breadcrumb=null,0,0,En iyi kahve için kalite ve konfor,,-,https://www.bosch-home.com.tr/yetkili-saticilar?product=TKA6034,-,-,0,Nefis kahve aroması için özel demleme ve aroma tekniği,Rahat temizlik için kolay çıkarılabilir filtre,Kolayca doldurmak için tasarlanan çıkartılabilir su haznesi,Demliği çıkartırken devreye giren damlama emniyeti,Sıcak tutma ve güvenlik için otomatik kapanma özelliği
TKA6024V,arsiv,arsiv,Filtre kahve makinesi,//media3.bosch-home.com/Product_Shots/600x600/MCSA025683_TKA6024_def.jpg,0,https://www.bosch-home.com.tr/urun-listesi/arsiv/TKA6024V?breadcrumb=null,0,0,En iyi kahve için kalite ve konfor,,-,https://www.bosch-home.com.tr/yetkili-saticilar?product=TKA6024V,Ana renk: kırmızı- İkincil renk: Açık gri,-,0,Nefis kahve aroması için özel demleme ve aroma tekniği,Rahat temizlik için kolay çıkarılabilir filtre,Kolayca doldurmak için tasarlanan çıkartılabilir su haznesi,Demliği çıkartırken devreye giren damlama emniyeti,4 fincana kadar ideal kahve lezzeti için iki kademeli ayar
TKA3A011,arsiv,arsiv,Filtre Kahve makinesi,//media3.bosch-home.com/Product_Shots/600x600/MCSA00474781_D4349_TKA3A011_98689_def.jpg,0,https://www.bosch-home.com.tr/urun-listesi/arsiv/TKA3A011?breadcrumb=null,0,0,İyi bir kahve için ihtiyacınız olan her şey,,-,https://www.bosch-home.com.tr/yetkili-saticilar?product=TKA3A011,-,-,0,Mükemmel aroma için güçlü 1100 Watt'lık ısıtma,Sürahinin kırılmaması için özel tasarım,Rahat temizlik için kolay çıkarılabilir filtre,Demliği çıkartırken devreye giren damlama emniyeti,Kablo muhafaza yeri
TKA3020,arsiv,arsiv,TKA3020,//media3.bosch-home.com/Product_Shots/600x600/MCSA004937_TKA3020_def.jpg,0,https://www.bosch-home.com.tr/urun-listesi/arsiv/TKA3020?breadcrumb=null,0,0,-,,-,https://www.bosch-home.com.tr/yetkili-saticilar?product=TKA3020,-,-,0,çelik devamlı filtre,2 kademeli aroma seçimi,kireçlenmeye karşı daha dayanıklı paslanmaz çelik rezistans,damlama emniyeti,
TKA2801,arsiv,arsiv,Kahve Makinası,//media3.bosch-home.com/Product_Shots/600x600/MCSA004410_TKA2801_def.jpg,0,https://www.bosch-home.com.tr/urun-listesi/arsiv/TKA2801?breadcrumb=null,0,0,-,,-,https://www.bosch-home.com.tr/yetkili-saticilar?product=TKA2801,-,-,0,Önden kullanımlı kompakt dizayn,1x4- damlama emniyetli- çıkarılabilen filtre,çift taraflı su seviye göstergesi,ışıklandırılmış açma/kapama şalteri,
TKA1401,arsiv,arsiv,Kahve Makinası,//media3.bosch-home.com/Product_Shots/600x600/MCSA003102_TKA1401_def.jpg,0,https://www.bosch-home.com.tr/urun-listesi/arsiv/TKA1401?breadcrumb=null,0,0,-,,-,https://www.bosch-home.com.tr/yetkili-saticilar?product=TKA1401,-,-,0,damlama emniyeti,ışıklandırılmış açma/kapama şalteri,kapaklı cam sürahi,8 fincan kapasiteli- 1 l,
TFB4650,arsiv,arsiv,masa ve teras ızgarası,//media3.bosch-home.com/Product_Shots/600x600/MCSA005606_TFB4650_def.jpg,0,https://www.bosch-home.com.tr/urun-listesi/arsiv/TFB4650?breadcrumb=null,0,0,-,,-,https://www.bosch-home.com.tr/yetkili-saticilar?product=TFB4650,-,-,0,2100 W,İçerde ve dışarda kullanılabilir,Kademesiz ısı ayarı,Açma/kapama ısı ayarlayıcısına entegre edilmiş,
TFB3401,arsiv,arsiv,tost makinesi,//media3.bosch-home.com/Product_Shots/600x600/MCSA004628_TFB3401_def.jpg,0,https://www.bosch-home.com.tr/urun-listesi/arsiv/TFB3401?breadcrumb=null,0,0,-,,-,https://www.bosch-home.com.tr/yetkili-saticilar?product=TFB3401,-,-,0,Güç: 700 W watt,2 sandviç kapasitesi,cool-touch dış gövde,yapışmaz yüzeyli tost plakaları,
TFB3201,arsiv,arsiv,Fritöz,//media3.bosch-home.com/Product_Shots/600x600/MCSA005522_TFB3201_def.jpg,0,https://www.bosch-home.com.tr/urun-listesi/arsiv/TFB3201?breadcrumb=null,0,0,-,,-,https://www.bosch-home.com.tr/yetkili-saticilar?product=TFB3201,-,-,0,1-75- 2-2 litre yağ kapasitesi,Cool-Touch-gövde sadece ılık hissedilir,dışarı çıkarılabilen rezistans,Çelikten rezistanslar,
TFB3000,arsiv,arsiv,Fritöz,//media3.bosch-home.com/Product_Shots/600x600/MCSA020826_TFB3000_def.jpg,0,https://www.bosch-home.com.tr/urun-listesi/arsiv/TFB3000?breadcrumb=null,0,0,-,,-,https://www.bosch-home.com.tr/yetkili-saticilar?product=TFB3000,-,-,0,Dolum kapasitesi maksimum 2.5 l,Gövde sadece ılık hissedilir,dışarı çıkarılabilen rezistans,Çıkarılabilir Miç hazne,
TES60321RW,tam otomatik kahve makineleri,kahve makineleri,VeroAroma 300,//media3.bosch-home.com/Product_Shots/600x600/MCSA00728067_E4911_TES60351DE_379134_korr6_def.jpg,0,https://www.bosch-home.com.tr/urun-listesi/kahve-makineleri/tam-otomatik-kahve-makineleri/TES60321RW?breadcrumb=null,0,0,Her çeşit kahve- üstelik tek dokunuşla hem kolay hem hızlı,,-,https://www.bosch-home.com.tr/yetkili-saticilar?product=TES60321RW,Tam otomatik kahve makinesi,-,1452121200,Akıllı ısıtıcı sayesinde kusursuz kahve sıcaklığı ve aroması,Tek dokunuşla her türlü kahveniz hızlıca hazır: Espresso- Sade Kahve- Cappuccino- Caffe Latte ve Latte Macchiato.,MilkClean sayesinde bütün süt sistemi bir dokunuşta temizlenir. Hızlı- kolay ve çok hijyenik,Özel seramik öğütücüsü sayesinde kaliteli öğütme- yüksek performans,SinglePortion Cleaning: Her kahveden sonra otomatik temizleme
TES50321RW,arsiv,arsiv,VeroCafe Latte,//media3.bosch-home.com/Product_Shots/600x600/MCSA049034_TES50351DE_def.jpg,0,https://www.bosch-home.com.tr/urun-listesi/arsiv/TES50321RW?breadcrumb=null,0,0,Özel süt çekme fonksiyonu sayesinde süt köpürtmek inanılmaz kolay,,-,https://www.bosch-home.com.tr/yetkili-saticilar?product=TES50321RW,Tam otomatik espresso ve kahve makinesi,-,0,Akıllı ısıtıcı sayesinde kusursuz kahve sıcaklığı ve aroması,Süt sisteminin rahatça temizlenmesi için CreamCleaner fonksiyonu,Özel seramik öğütücüsü sayesinde kaliteli öğütme- yüksek performans,Rahat ve kolay kullanım için LCD ekran,
TDZ1510,arsiv,arsiv,TDA83- TDA56- TDA76 serisi için tekstil koruma,//media3.bosch-home.com/Product_Shots/600x600/MCSA033165_TDZ1510_def.jpg,0,https://www.bosch-home.com.tr/urun-listesi/arsiv/TDZ1510?breadcrumb=null,0,0,-,,-,https://www.bosch-home.com.tr/yetkili-saticilar?product=TDZ1510,-,-,0,Ek kumaş koruyucu taban ile narin veya siyah kumaşlar parlamaz- ve baskılı kumaşlar zarar görmez. Bütün ipek- naylon ve yün kumaşlara uygundur.,,,,
TDS4550,arsiv,arsiv,Buhar istasyonu,//media3.bosch-home.com/Product_Shots/600x600/MCSA052398_TDS4550_def.jpg,0,https://www.bosch-home.com.tr/urun-listesi/arsiv/TDS4550?breadcrumb=null,0,0,-,,-,https://www.bosch-home.com.tr/yetkili-saticilar?product=TDS4550,-,-,0,-,,,,
TDS38311TR,arsiv,arsiv,TDS38311TR,//media3.bosch-home.com/Product_Shots/600x600/MCSA00792182_E8812_TDS38311TR_438841_korr_def.jpg,1199,https://www.bosch-home.com.tr/urun-listesi/arsiv/TDS38311TR?breadcrumb=null,0,0,Her kırışığın üstesinden kolayca gelen benzersiz 9 programlı buhar istasyonu,1.199-00 TL,1.653-00 TL,https://www.bosch-home.com.tr/yetkili-saticilar?product=TDS38311TR,-,-,1462053600,VarioComfort9: Benzersiz ütüleme sonuçları için kullanımı kolay programlar,i-Temp: Her türlü ütülenebilir kumaşı çabuk ve güvenli bir şekilde ütüleyebilmeniz için mükemmel ısı ve buhar kombinasyonu,Calc'nClean Perfect: Buhar istasyonlarında bir ilk. Hem ütüyü hem de kazanını kireçten arındıran kireç temizleme sistemi,Güvenlik sistemli 6-5 bar yüksek buhar basıncı,3 yoğun buhar atışıyla 400 gramlık benzersiz şok buhar
TDS383112H,arsiv,arsiv,Buhar Motorlu Ütü,//media3.bosch-home.com/Product_Shots/600x600/MCSA01015868_F7172_TDS383112H_639214_korr_def.jpg,0,https://www.bosch-home.com.tr/urun-listesi/arsiv/TDS383112H?breadcrumb=null,0,0,Vario Edition ProHygienic özel hijyen programına sahip ilk buhar istasyonlu ütü,,-,https://www.bosch-home.com.tr/yetkili-saticilar?product=TDS383112H,-,-,1462053600,Özel Hijyen Programı: yenilikçi Hygienic Buhar teknolojisi,VarioComfort: 9 farklı program ile mükemmel sonuçlara kolayca ulaşın,Calc'nClean Perfect: Buhar istasyonlarında bir ilk. Hem ütüyü hem de kazanını kireçten arındıran kireç temizleme sistemi,i-Temp: Her türlü ütülenebilir kumaşı çabuk ve güvenli bir şekilde ütüleyebilmeniz için mükemmel ısı ve buhar kombinasyonu,Güvenlik sistemli 6-5 bar yüksek buhar basıncı
TDS2250,arsiv,arsiv,Buhar istasyonu,//media3.bosch-home.com/Product_Shots/600x600/MCSA00689488_E3536_TDS2250_345574_korr_def.jpg,0,https://www.bosch-home.com.tr/urun-listesi/arsiv/TDS2250?breadcrumb=null,0,0,Sadece tek bir ısı ayarıyla tüm çamaşırlarınızın üstesinden gelebilen buhar istasyonu,,-,https://www.bosch-home.com.tr/yetkili-saticilar?product=TDS2250,-,-,0,Entegre güvenlik sistemli 5-5 bar gücünde buhar basıncı,Ultimate250 PulseSteam: Tekstilin tam anlamıyla derinine işleyen- güçlü ve 250 gram buhar çıkışıyla benzersiz 3 yoğun buhar atışı,Her türlü ütülenebilir kumaşı çabuk ve güvenli bir şekilde ütüleyebilmeniz için mükemmel ısı ve buhar kombinasyonu: i-Temp Advanced,Calc'n Clean Advanced: Temizliği son derece kolay özel kireç toplayıcısı sayesinde profesyonel kireç temizliği,Güvenli Kilit Sistemi: Taşıma ve saklama esnasında ekstra güvenlik sağlayan özel kilit sistemi
TDS1624000,arsiv,arsiv,TDS1624000,//media3.bosch-home.com/Product_Shots/600x600/MCSA00592243_D8463_TDS1624000_229611_korr_def.jpg,0,https://www.bosch-home.com.tr/urun-listesi/arsiv/TDS1624000?breadcrumb=null,0,0,İlk kez buhar istasyonu kullanacaklar için ideal,,-,https://www.bosch-home.com.tr/yetkili-saticilar?product=TDS1624000,-,-,0,Entegre güvenlik sistemli 4-5 bar gücünde buhar basıncı,Optimize edilmiş taban tasarımı ve geliştirilmiş buhar çıkış kanalları sayesinde mükemmel buhar dağılımı,,,
TDA8336,arsiv,arsiv,"Buharlı ütü ""sensixx comfort""",//media3.bosch-home.com/Product_Shots/600x600/MCSA014345_TDA8336_def.jpg,0,https://www.bosch-home.com.tr/urun-listesi/arsiv/TDA8336?breadcrumb=null,0,0,-,,-,https://www.bosch-home.com.tr/yetkili-saticilar?product=TDA8336,-,-,0,Güç: 2400 W watt (maksimum),Şok buhar çıkışı: 85 g/dakika,air system: ideal ısı dağılımı ve tekstil koruması sağlamak için tasarlanmış özel hava sistemi,2Anti-Calc kireç arıtma sistemi: kendi kendini temizleme ve entegre kirec arıtma sistemi birarada,
TDA8320,arsiv,arsiv,"Buharlı ütü ""sensixx comfort""",//media3.bosch-home.com/Product_Shots/600x600/MCSA005498_TDA8320_def.jpg,0,https://www.bosch-home.com.tr/urun-listesi/arsiv/TDA8320?breadcrumb=null,0,0,-,,-,https://www.bosch-home.com.tr/yetkili-saticilar?product=TDA8320,-,-,0,Güç: 2200 W watt (maksimum),Şok buhar çıkışı: 85 g/dakika,Sabit buhar çıkışı: 25 g/dk.,3 kademeli buhar ayarı,
TDA8316,arsiv,arsiv,"Buharlı ütü ""sensixx comfort""",//media3.bosch-home.com/Product_Shots/600x600/MCSA005210_TDA8316_def.jpg,0,https://www.bosch-home.com.tr/urun-listesi/arsiv/TDA8316?breadcrumb=null,0,0,-,,-,https://www.bosch-home.com.tr/yetkili-saticilar?product=TDA8316,-,-,0,Güç: 2400 W watt (maksimum),Sabit buhar çıkışı: 30 g/dk.,Şok buhar çıkışı: 85 g/dakika,3 kademeli buhar ayarı,
TDA8306,arsiv,arsiv,"Buharlı ütü ""sensixx comfort""",//media3.bosch-home.com/Product_Shots/600x600/MCSA005206_TDA8306_def.jpg,0,https://www.bosch-home.com.tr/urun-listesi/arsiv/TDA8306?breadcrumb=null,0,0,-,,-,https://www.bosch-home.com.tr/yetkili-saticilar?product=TDA8306,-,-,0,Güç: 2400 W watt (maksimum),air system: ideal ısı dağılımı ve tekstil koruması sağlamak için tasarlanmış özel hava sistemi,inox-glissée taban sayesinde rahat bir şekilde kuru ve buharlı ütüleme imkanı,Sabit buhar çıkışı: 30 g/dk.,
TDA7640,arsiv,arsiv,"Buharlı ütü ""sensixx B7 power""",//media3.bosch-home.com/Product_Shots/600x600/MCSA044234_TDA7640_def.jpg,0,https://www.bosch-home.com.tr/urun-listesi/arsiv/TDA7640?breadcrumb=null,0,0,-,,-,https://www.bosch-home.com.tr/yetkili-saticilar?product=TDA7640,-,-,0,Güç: 2750 W maks.,Palladium-Glissée taban: 3 aşamalı buhar düzeni ve özel buhar kanalları ile ideal buhar dağılımı ve mükemmel kayganlık sağlar,Sabit buhar çıkışı: 40 g/dk.,Şok buhar çıkışı: NO_FEATURE g/dakika,
TDA5640,arsiv,arsiv,Buharlı ütü,//media3.bosch-home.com/Product_Shots/600x600/MCSA042935_TDA5640_def.jpg,0,https://www.bosch-home.com.tr/urun-listesi/arsiv/TDA5640?breadcrumb=null,0,0,Mükemmel buhar dağılımı ve kayganlık - yığınla çamaşırı çok daha kısa sürede ütüleyebilmeniz için...,,-,https://www.bosch-home.com.tr/yetkili-saticilar?product=TDA5640,-,-,0,PalladiumGlissée taban buhar kanalları ve 3 aşamalı tasarımı sayesinde mükemmel kayganlık ve buhar dağılımı sağlar,120 gr şok buhar,Optimize edilmiş taban tasarımı ve geliştirilmiş buhar çıkış kanalları sayesinde mükemmel buhar dağılımı,,
TDA3028210,arsiv,arsiv,Buhar Motorlu Ütü,//media3.bosch-home.com/Product_Shots/600x600/MCSA00830779_F0066_TDA3028210_466977_korr_def.jpg,0,https://www.bosch-home.com.tr/urun-listesi/arsiv/TDA3028210?breadcrumb=null,0,0,-,,-,https://www.bosch-home.com.tr/yetkili-saticilar?product=TDA3028210,-,-,1462053600,SensorSecure: Ütü elden bırakıldığında elektriğini kapatır- ele alındığında tekrar çalışmaya başlar,Her yöne pürüzsüz ütü için çok yönlü CeraniumGlissée taban,3AntiCalc: self-clean- calc'n clean ve entegre anti-calc ile 3'lü kireç temizleme sistemi,,
TDA3024110,arsiv,arsiv,TDA3024110,//media3.bosch-home.com/Product_Shots/600x600/MCSA00793388_E8342_TDA3024110_439632_korr_def.jpg,0,https://www.bosch-home.com.tr/urun-listesi/arsiv/TDA3024110?breadcrumb=null,0,0,Siz ütüleme yönünü ve rengini seçin- biz rahatlığı ve güvenliği ekleriz.,,-,https://www.bosch-home.com.tr/yetkili-saticilar?product=TDA3024110,-,-,0,Her yöne pürüzsüz ütü için çok yönlü CeraniumGlissée taban,Kullanılmadığında elektriği kesen güvenli otomatik kapanma sistemi,150 gr. şok buhar çıkışı,3AntiCalc: self-clean- calc'n clean ve entegre anti-calc ile 3'lü kireç temizleme sistemi,
TDA2645,arsiv,arsiv,Buharlı ütü,//media3.bosch-home.com/Product_Shots/600x600/MCSA00412902_D1448_TDA2645_37213_def.jpg,0,https://www.bosch-home.com.tr/urun-listesi/arsiv/TDA2645?breadcrumb=null,0,0,Otomatik kapanma ve kolay su doldurma özelliği ile pratik ütüleme,,-,https://www.bosch-home.com.tr/yetkili-saticilar?product=TDA2645,-,-,0,Daha güvenli ütüleme için kullanılmadığında elektriği keser,PalladiumGlissée taban buhar kanalları ve 3 aşamalı tasarımı sayesinde mükemmel kayganlık ve buhar dağılımı sağlar,100 gr şok buhar,Hızlı ve rahat su doldurma için daha geniş su doldurma yeri,
TDA2610,arsiv,arsiv,Buharlı ütü,//media3.bosch-home.com/Product_Shots/600x600/MCSA034534_TDA2610_def.jpg,0,https://www.bosch-home.com.tr/urun-listesi/arsiv/TDA2610?breadcrumb=null,0,0,-,,-,https://www.bosch-home.com.tr/yetkili-saticilar?product=TDA2610,-,-,0,SeraniumGliss taban: 3 aşamalı buhar düzeni ve özel buhar kanalları ile ideal buhar dağılımı ve mükemmel kayganlık sağlar,İnce ütü ucu sayesinde düğmeler veya cepler gibi zor ulaşılan bölgelerde rahat kullanım,Sabit buhar çıkışı: 30 g/dk,Şok buhar çıkışı: 90 g/dk,
TDA2329,arsiv,arsiv,"Buharlı ütü ""NO_VALUE""",//media3.bosch-home.com/Product_Shots/600x600/MCSA031566_TDA2329_def.jpg,0,https://www.bosch-home.com.tr/urun-listesi/arsiv/TDA2329?breadcrumb=null,0,0,-,,-,https://www.bosch-home.com.tr/yetkili-saticilar?product=TDA2329,-,-,0,Güç: 2200 W maks.,Palladium-glissée taban: Özel seramik kaplamalı- kayganlığı ve 3 kademesi ile ütüleme işlemini kolaylaştırır ve çizilmelere karşı yüksek performans gösterir,Sabit buhar çıkışı: 22 g/dk.,Şok buhar çıkışı: 70 g/dakika,
TDA102411C,arsiv,arsiv,TDA102411C,//media3.bosch-home.com/Product_Shots/600x600/MCSA00689381_E3357_TDA102411C_345479_12_08_def.jpg,0,https://www.bosch-home.com.tr/urun-listesi/arsiv/TDA102411C?breadcrumb=null,0,0,Ekstra pratik buharlı ütü - 3 metrelik uzun kablosuyla erişemeyeceği yer yok,,-,https://www.bosch-home.com.tr/yetkili-saticilar?product=TDA102411C,-,-,1462053600,Rahatça muhafaza edebilmek için kabloyu sarıp sabitleyeceğiniz kablo klipsi,Kullanılmadığında elektriği kesen güvenli otomatik kapanma sistemi,PalladiumGlissée taban buhar kanalları ve 3 aşamalı tasarımı sayesinde mükemmel kayganlık ve buhar dağılımı sağlar,140 gr şok buhar,3AntiCalc: self-clean- calc'n clean ve entegre anti-calc ile 3'lü kireç temizleme sistemi
TCZ8009N,aksesuarlar,kahve makineleri,Özel yalıtımlı süt haznesi,//media3.bosch-home.com/Product_Shots/600x600/MCSA00644074_E0257_TCZ8009_293879_def.jpg,0,https://www.bosch-home.com.tr/urun-listesi/kahve-makineleri/aksesuarlar/TCZ8009N?breadcrumb=null,0,0,Daha fazla tazelik için Kilit kapaklı süt haznesi,,-,https://www.bosch-home.com.tr/yetkili-saticilar?product=TCZ8009N,-,-,1482274800,Yüksek kalite paslanmaz çelik dış yüzey,Sütün tadını bozmadan saatlerce soğuk tutar,Kilit kapaklı süt haznesi sayesinde buzdolabında oluşabilecek istenmeyen kokulardan içeceğinizi korur,,
TCA6701,arsiv,arsiv,TCA6701 benvenuto B60,//media3.bosch-home.com/Product_Shots/600x600/MCSA003565_TCA6701_def.jpg,0,https://www.bosch-home.com.tr/urun-listesi/arsiv/TCA6701?breadcrumb=null,0,0,-,,-,https://www.bosch-home.com.tr/yetkili-saticilar?product=TCA6701,Antrazit (metal siyahi) / Koyu gri,-,0,aroma-whirl kahve demleme tekniği,"Off konuma getirildiğinde devreye giren ""otomatik durulama fonksiyonu",Kahve ve espressoyu tek bir tuşa basarak- tam otomatik olarak- hazırlama imkanı,Thermoblock pompalı basınç sistemi (15 bar),
TCA6001,arsiv,arsiv,TCA6001 benvenuto 20,//media3.bosch-home.com/Product_Shots/600x600/MCSA004905_TCA6001_def.jpg,0,https://www.bosch-home.com.tr/urun-listesi/arsiv/TCA6001?breadcrumb=null,0,0,-,,-,https://www.bosch-home.com.tr/yetkili-saticilar?product=TCA6001,alüminyum/antrasit,-,0,aroma-whirl kahve demleme tekniği,"Off konuma getirildiğinde devreye giren ""otomatik durulama fonksiyonu",Kahve ve espressoyu tek bir tuşa basarak- tam otomatik olarak- hazırlama imkanı,Thermoblock pompalı basınç sistemi (15 bar),
TCA5401,arsiv,arsiv,Tam otomatik espresso ve kahve makinesi,//media3.bosch-home.com/Product_Shots/600x600/MCSA029757_TCA5401_def.jpg,0,https://www.bosch-home.com.tr/urun-listesi/arsiv/TCA5401?breadcrumb=null,0,0,-,,-,https://www.bosch-home.com.tr/yetkili-saticilar?product=TCA5401,-,-,0,güç: 1400 watt (maksimum),Thermoblock pompalı basınç sistemi (15 bar),Kahve ve espressoyu tek bir tuşa basarak- tam otomatik olarak- hazırlama imkanı,aroma whirl plus demleme teknolojisi,
TCA5309,arsiv,arsiv,Tam otomatik espresso ve kahve makinesi,//media3.bosch-home.com/Product_Shots/600x600/MCSA00439657_D1832_TCA5309_65281_def.jpg,0,https://www.bosch-home.com.tr/urun-listesi/arsiv/TCA5309?breadcrumb=null,0,0,Kahve keyfini kolaylaştıran makine,,-,https://www.bosch-home.com.tr/yetkili-saticilar?product=TCA5309,-,-,0,Özel geliştirilmiş kahve pişirme teknolojisi sayesinde kahvenin bütün aromasını çıkartır,Paslanmaz çelikten yapılmış- yüksek kalite öğütücü,Her türlü kahveniz için kolayca süt ve süt köpüğü elde etmeye yarayan süt köpürtme başlığı,Sadece dört düğme ile çok kolay kullanım,SinglePortion Cleaning: Her kahveden sonra otomatik temizleme
TAT8SL1,arsiv,arsiv,ekmek kızartma makinesi - çelik,//media3.bosch-home.com/Product_Shots/600x600/MCSA005573_TAT8SL1_def.jpg,0,https://www.bosch-home.com.tr/urun-listesi/arsiv/TAT8SL1?breadcrumb=null,0,0,-,,-,https://www.bosch-home.com.tr/yetkili-saticilar?product=TAT8SL1,Solitaire,-,0,Fırçalanmış çelik dış yüzey,2 dilim tost ekmeği kapasiteli,Güç: 860 W watt,coolTouch el yakmayan dış yüzey,
TAT8613,arsiv,arsiv,Paslanmaz çelik/plastik gövdeli- elektronik,//media3.bosch-home.com/Product_Shots/600x600/MCSA00691134_TAT8613_def.jpg,0,https://www.bosch-home.com.tr/urun-listesi/arsiv/TAT8613?breadcrumb=null,0,0,-,,-,https://www.bosch-home.com.tr/yetkili-saticilar?product=TAT8613,Styline,-,0,Güç: 860 W watt,Mirror Heating nar gibi kızarmış ekmekler için özel ısıtma fonksiyonu,Auto Heat Kontrolü: Uzun süreli ekmek kızartma işleminde elektronik sensörlü kızartma fonksiyonu,2 dilim tost ekmeği kapasiteli,
TAT6801,arsiv,arsiv,TAT6801,//media3.bosch-home.com/Product_Shots/600x600/MCSA024487_TAT6801_def.jpg,0,https://www.bosch-home.com.tr/urun-listesi/arsiv/TAT6801?breadcrumb=null,0,0,Tost bağımlılığı yaratan tasarım,,-,https://www.bosch-home.com.tr/yetkili-saticilar?product=TAT6801,Ana renk: Paslanmaz çelik- İkincil renk: Siyah,-,0,Ekmek ortalama özelliği sayesinde her tarafı eşit kızartma,Paslanmaz çelik ısıtma teli,"Ekmek diliminin rahatça çıkmasını sağlayan ""High-lift"" özelliği",Buz çözme ve ısıtma özelliği,Büyük ekmek dilimleri için geniş hazneli kızartma makinesi
TAT6313,arsiv,arsiv,TAT6313,//media3.bosch-home.com/Product_Shots/600x600/MCSA00472614_D4075_TAT6313_97140_def.jpg,0,https://www.bosch-home.com.tr/urun-listesi/arsiv/TAT6313?breadcrumb=null,0,0,Günden güne tost bağımlılığı-ve mutfağınızın yıldızı,,-,https://www.bosch-home.com.tr/yetkili-saticilar?product=TAT6313,Ana renk: Siyah- İkincil renk: Krom,-,0,Ekmek ortalama özelliği sayesinde her tarafı eşit kızartma,Paslanmaz çelik ısıtma teli,"Ekmek diliminin rahatça çıkmasını sağlayan ""High-lift"" özelliği",Buz çözme ve ısıtma özelliği,Kompakt ekmek kızartma makinesi
TAT6104,arsiv,arsiv,TAT6104,//media3.bosch-home.com/Product_Shots/600x600/MCSA025988_TAT6104_def.jpg,0,https://www.bosch-home.com.tr/urun-listesi/arsiv/TAT6104?breadcrumb=null,0,0,-,,-,https://www.bosch-home.com.tr/yetkili-saticilar?product=TAT6104,Ana renk: kırmızı- İkincil renk: Açık gri,-,0,Ekmek ortalama özelliği sayesinde her tarafı eşit kızartma,Paslanmaz çelik ısıtma teli,"Ekmek diliminin rahatça çıkmasını sağlayan ""High-lift"" özelliği",Buz çözme ve ısıtma özelliği,Kompakt ekmek kızartma makinesi
TAT6004,arsiv,arsiv,TAT6004,//media3.bosch-home.com/Product_Shots/600x600/MCSA025989_TAT6004_def.jpg,0,https://www.bosch-home.com.tr/urun-listesi/arsiv/TAT6004?breadcrumb=null,0,0,-,,-,https://www.bosch-home.com.tr/yetkili-saticilar?product=TAT6004,Ana renk: kırmızı- İkincil renk: Açık gri,-,0,Ekmek ortalama özelliği sayesinde her tarafı eşit kızartma,Paslanmaz çelik ısıtma teli,"Ekmek diliminin rahatça çıkmasını sağlayan ""High-lift"" özelliği",Buz çözme ve ısıtma özelliği,Büyük ekmek dilimleri için geniş hazneli kızartma makinesi
TAT5201,arsiv,arsiv,yekpare tost cihazi 2/4 elektronik,//media3.bosch-home.com/Product_Shots/600x600/MCSA002879_TAT5201_def.jpg,0,https://www.bosch-home.com.tr/urun-listesi/arsiv/TAT5201?breadcrumb=null,0,0,-,,-,https://www.bosch-home.com.tr/yetkili-saticilar?product=TAT5201,-,-,0,1285 W,2 uzun ekmek- veya 4 Tost ekmeği dilimi kapasiteli,Isı korunmalı plastik gövde,yüzey isitma elemani,
TAT4301,arsiv,arsiv,yekpare tost cihazi 2/2 elektronik,//media3.bosch-home.com/Product_Shots/600x600/MCSA002909_TAT4301_def.jpg,0,https://www.bosch-home.com.tr/urun-listesi/arsiv/TAT4301?breadcrumb=null,0,0,-,,-,https://www.bosch-home.com.tr/yetkili-saticilar?product=TAT4301,-,-,0,825 W,2 tost dilimi için,Isı korunmalı plastik gövde,yüzey isitma elemani,
TAT3A001,arsiv,arsiv,TAT3A001,//media3.bosch-home.com/Product_Shots/600x600/MCSA00474807_D4136_TAT3A001_98702_def.jpg,0,https://www.bosch-home.com.tr/urun-listesi/arsiv/TAT3A001?breadcrumb=null,0,0,-,,-,https://www.bosch-home.com.tr/yetkili-saticilar?product=TAT3A001,Ana renk: Beyaz- İkincil renk: Açık gri,-,0,Ekmek ortalama özelliği sayesinde her tarafı eşit kızartma,Dahili ısıtma teli,"Ekmek diliminin rahatça çıkmasını sağlayan ""High-lift"" özelliği",,
TAT1208,arsiv,arsiv,uzun delikli tost cihazi 1/2 elektronik,//media3.bosch-home.com/Product_Shots/600x600/MCSA005446_TAT1208_def.jpg,0,https://www.bosch-home.com.tr/urun-listesi/arsiv/TAT1208?breadcrumb=null,0,0,-,,-,https://www.bosch-home.com.tr/yetkili-saticilar?product=TAT1208,-,-,0,900 W,1 uzun ekmek- veya 2 Tost ekmeği dilimi kapasiteli,Isı korunmalı plastik gövde,yüzey isitma elemani,
TAT1207,arsiv,arsiv,uzun delikli tost cihazi 1/2 elektronik,//media3.bosch-home.com/Product_Shots/600x600/MCSA005564_TAT1207_def.jpg,0,https://www.bosch-home.com.tr/urun-listesi/arsiv/TAT1207?breadcrumb=null,0,0,-,,-,https://www.bosch-home.com.tr/yetkili-saticilar?product=TAT1207,-,-,0,900 W,1 uzun ekmek- veya 2 Tost ekmeği dilimi kapasiteli,Isı korunmalı plastik gövde,yüzey isitma elemani,
TAT1205,arsiv,arsiv,uzun delikli tost cihazi 1/2 elektronik,//media3.bosch-home.com/Product_Shots/600x600/MCSA005410_TAT1205_def.jpg,0,https://www.bosch-home.com.tr/urun-listesi/arsiv/TAT1205?breadcrumb=null,0,0,-,,-,https://www.bosch-home.com.tr/yetkili-saticilar?product=TAT1205,-,-,0,900 W,1 uzun ekmek- veya 2 Tost ekmeği dilimi kapasiteli,Isı korunmalı plastik gövde,yüzey isitma elemani,
TAT1204,arsiv,arsiv,uzun delikli tost cihazi 1/2 elektronik,//media3.bosch-home.com/Product_Shots/600x600/MCSA005464_TAT1204_def.jpg,0,https://www.bosch-home.com.tr/urun-listesi/arsiv/TAT1204?breadcrumb=null,0,0,-,,-,https://www.bosch-home.com.tr/yetkili-saticilar?product=TAT1204,-,-,0,900 W,1 uzun ekmek- veya 2 Tost ekmeği dilimi kapasiteli,Isı korunmalı plastik gövde,yüzey isitma elemani,
TAT1201,arsiv,arsiv,uzun delikli tost cihazi 1/2 elektronik,//media3.bosch-home.com/Product_Shots/600x600/MCSA002885_TAT1201_def.jpg,0,https://www.bosch-home.com.tr/urun-listesi/arsiv/TAT1201?breadcrumb=null,0,0,-,,-,https://www.bosch-home.com.tr/yetkili-saticilar?product=TAT1201,-,-,0,900 W,1 uzun ekmek- veya 2 Tost ekmeği dilimi kapasiteli,Isı korunmalı plastik gövde,yüzey isitma elemani,
SRS40A02EU,arsiv,arsiv,Bulaşık Makinesi- 45 cm,//media3.bosch-home.com/Product_Shots/600x600/MCSA016054_SRS40A02EU_def.jpg,0,https://www.bosch-home.com.tr/urun-listesi/arsiv/SRS40A02EU?breadcrumb=null,0,0,-,,-,https://www.bosch-home.com.tr/yetkili-saticilar?product=SRS40A02EU,Softline-Design - Beyaz,-,0,Enerji Etiketi: C - B - C,4 Programlı: Güçlü 65- Normal 65- Eko 65- Ön yikama,Tüketim- program Eko 65: 16 l su / 1.1 kWh elektrik,1 yıkama derecesi,
SRS3012,arsiv,arsiv,Bulaşık makinesi- 45 cm,//media3.bosch-home.com/Product_Shots/600x600/MCSA007417_SRS3012_def.jpg,0,https://www.bosch-home.com.tr/urun-listesi/arsiv/SRS3012?breadcrumb=null,0,0,-,,-,https://www.bosch-home.com.tr/yetkili-saticilar?product=SRS3012,Softline-Dizayn - Beyaz,-,0,Enerji verimlilik sınıfı: C,3 Programlı: Güçlü 65- Eko 65- Ön yikama 0,Tüketim- program Eko 65: 16 l su / 1.1 kWh elektrik,1 yıkama derecesi,
SPS50E38EU,arsiv,arsiv,ActiveWater Bulaşık makinesi- 45 cm,//media3.bosch-home.com/Product_Shots/600x600/MCSA051793_SPS50E38EU_def.jpg,0,https://www.bosch-home.com.tr/urun-listesi/arsiv/SPS50E38EU?breadcrumb=null,0,0,-,,-,https://www.bosch-home.com.tr/yetkili-saticilar?product=SPS50E38EU,Solo - paslanmaz çelik,Serie | 4,0,-,,,,
SPS50E36EU,arsiv,arsiv,ActiveWater Bulaşık makinesi- 45 cm,//media3.bosch-home.com/Product_Shots/600x600/MCSA051790_SPS50E36EU_def.jpg,0,https://www.bosch-home.com.tr/urun-listesi/arsiv/SPS50E36EU?breadcrumb=null,0,0,-,,-,https://www.bosch-home.com.tr/yetkili-saticilar?product=SPS50E36EU,Solo - piano black,Serie | 4,0,-,,,,
SPS50E32EU,arsiv,arsiv,ActiveWater Bulaşık makinesi- 45 cm,//media3.bosch-home.com/Product_Shots/600x600/MCSA051789_SPS50E32EU_def.jpg,0,https://www.bosch-home.com.tr/urun-listesi/arsiv/SPS50E32EU?breadcrumb=null,0,0,-,,-,https://www.bosch-home.com.tr/yetkili-saticilar?product=SPS50E32EU,Solo - beyaz,Serie | 4,0,-,,,,
SMZ5300,aksesuarlar,bulasik makineleri,Bulaşık makinası aksesuarı,//media3.bosch-home.com/Product_Shots/600x600/MCSA00697008_SMZ5300_def.jpg,0,https://www.bosch-home.com.tr/urun-listesi/bulasik-makineleri/aksesuarlar/SMZ5300?breadcrumb=null,0,0,-,,-,https://www.bosch-home.com.tr/yetkili-saticilar?product=SMZ5300,Kadeh Tutucu,-,0,Ürün ölçüleri (YxGxD): 26.37 x 22.3 x 22.3 cm,,,,
SMZ5100,aksesuarlar,bulasik makineleri,Bulaşık makinası aksesuarı,//media3.bosch-home.com/Product_Shots/600x600/MCSA00581575_D7974_SMZ5100_219433_def.jpg,0,https://www.bosch-home.com.tr/urun-listesi/bulasik-makineleri/aksesuarlar/SMZ5100?breadcrumb=null,0,0,-,,-,https://www.bosch-home.com.tr/yetkili-saticilar?product=SMZ5100,Vario - çatal bıçak sepeti,-,0,-,,,,
SMV69N20EU,arsiv,arsiv,ActiveWater Bulaşık makinesi- 60 cm,//media3.bosch-home.com/Product_Shots/600x600/MCSA00471089_D3854_SMV69N20EU_96019_def.jpg,0,https://www.bosch-home.com.tr/urun-listesi/arsiv/SMV69N20EU?breadcrumb=null,0,0,ActiveWater- 6 Litre Su Tüketimi ve A++: En düşük enerji tüketimi sayesinde çevreye ve bütçenize elverişli.,,-,https://www.bosch-home.com.tr/yetkili-saticilar?product=SMV69N20EU,Tam entegre,Serie | 6,0,6 Litre Su Tüketimi: Minimum su tüketimiyle %100 performans.,Enerji Verimliliği Sınıfı: A++,Çok sessiz- sadece 44 dB.,EkstraHijyen Opsiyonu: Yıkama süresince bulaşıklar daha uzun süre yüksek sıcaklığa tabi tutularak üst düzey temizlik sağlanır.,VarieFlex ve VarioDrawer Plus: Maksimum yerleştirme esnekliği ve geniş kullanım alanı.
SMU63L05TR,arsiv,arsiv,ActiveWater Bulaşık Makinesi,//media3.bosch-home.com/Product_Shots/600x600/MCSA00680139_E3242_SMU63L05TR_332944_def.jpg,0,https://www.bosch-home.com.tr/urun-listesi/arsiv/SMU63L05TR?breadcrumb=null,0,0,Active Water ve A++: Yüksek enerji verimliliğiyle doğal çevre ve bütçeniz için elverişlidir.,,-,https://www.bosch-home.com.tr/yetkili-saticilar?product=SMU63L05TR,Tezgah Altı - Inox,Serie | 6,0,Enerji Verimliliği Sınıfı: A++,Ekstra Hijyen Opsiyonu: Yıkama süresince bulaşıklar daha uzun süre yüksek sıcaklığa tabi tutularak üst düzey temizlik sağlanır.,VarioFlex sepet sistemi ile üst ve alt sepette daha fazla esneklik ve kapasite.,VarioSpeed ile yarı yarıya kısalan program süresinde mükemmel yıkama ve kurutma performansı.,AquaStop: Su arızalarından kaynaklanan hasarlara karşı %100 koruma.
SMU58M75EU,arsiv,arsiv,ActiveWater Bulaşık makinesi- 60 cm,//media3.bosch-home.com/Product_Shots/600x600/MCSA045536_SMU58M65EU_def.jpg,0,https://www.bosch-home.com.tr/urun-listesi/arsiv/SMU58M75EU?breadcrumb=null,0,0,-,,-,https://www.bosch-home.com.tr/yetkili-saticilar?product=SMU58M75EU,tezgah altı ankastre - paslanmaz çelik,Serie | 6,0,Enerji Verimliliği Sınıfı: A++,Çok sessiz- sadece 44 dB.,VarioDrawer ve VarioFlex sepet sistemi ile maksimum yükleme kapasitesi ve daha fazla kullanım alanı.,VarioSpeed ile yarı yarı yarıya kısalan program süresinde mükemmel yıkama ve kurutma performansı.,AquaStop: Su arızalarından kaynaklanan hasarlara karşı %100 koruma.
SMS88TI06T,60cm genisliginde bulasik makineleri,bulasik makineleri,Bulaşık Makinesi 8 Program Home Connect Inox,//media3.bosch-home.com/Product_Shots/600x600/MCSA01775784_G6906_SMS88TI06T_1208393_CMYK_def.jpg,0,https://www.bosch-home.com.tr/urun-listesi/bulasik-makineleri/solo-bulasik-makineleri/60cm-genisliginde-bulasik-makineleri/SMS88TI06T?breadcrumb=null,0,0,Home Connect özelliği ve Zeolith® Kurutma Teknolojili Bulaşık Makinesi: Zor kuruyan plastik kaplarda bile hızlı ve mükemmel kurutma sağlar.,,-,https://www.bosch-home.com.tr/yetkili-saticilar?product=SMS88TI06T,-,Serie | 8,1488236400,Enerji Verimliliği Sınıfı A+++ : En düşük enerji sınıfı- en yüksek tasarruf.,Home Connect uygulamasıyla bulaşık makinenizi uzaktan kontrol edebilir- EasyStart ile bulaşıklarınız için en doğru program önerisine göre yıkamayı başlatabilirsiniz.,TFT ön ekran- programları- kalan süreyi- tüketimi ve dolum seviyelerini tek bir ekranda detaylı olarak görme ve kolayca kontrol etme imkanı verir.,VarioFlex Pro sepetler ve VarioDrawer Pro: her seviyede maksimum esneklik ve geniş yükleme alanı sayesinde daha fazla kullanım alanı sağlar.,9-5 Litre Su Tüketimi: Sadece 9-5 lite suyla en iyi sonuçlar.
SMS88TI03T,arsiv,arsiv,Bulaşık Makinesi,//media3.bosch-home.com/Product_Shots/600x600/MCSA00818931_E9638_SMS88TI03T_456787_def.jpg,0,https://www.bosch-home.com.tr/urun-listesi/arsiv/SMS88TI03T?breadcrumb=null,0,0,-,,-,https://www.bosch-home.com.tr/yetkili-saticilar?product=SMS88TI03T,Solo - Inox,Serie | 8,0,Enerji Verimliliği Sınıfı A+++ : En düşük enerji sınıfı- en yüksek tasarruf.,7 Litre Su Tüketimi: Sadece 7 litre suyla en iyi sonuçlar.,Çok sessiz- sadece 44 dB.,Ekstra Hijyen Opsiyonu: Yıkama süresince bulaşıklar daha uzun süre yüksek sıcaklığa tabi tutularak üst düzey temizlik sağlanır.,
SMS88TI01T,arsiv,arsiv,Bulaşık Makinesi- 60 cm,//media3.bosch-home.com/Product_Shots/600x600/MCSA00844455_F2220_SMS88TI01T_478606_def.jpg,0,https://www.bosch-home.com.tr/urun-listesi/arsiv/SMS88TI01T?breadcrumb=null,0,0,-,,-,https://www.bosch-home.com.tr/yetkili-saticilar?product=SMS88TI01T,Solo - paslanmaz çelik,Serie | 8,0,,Enerji Verimliliği Sınıfı: A++,SuperSilence Plus: Sadece 40 dB'de en sessiz yıkama işlemi.,EkstraHijyen Opsiyonu: Yıkama süresince bulaşıklar daha uzun süre yüksek sıcaklığa tabi tutularak üst düzey temizlik sağlanır.,
SMS78M18TR,arsiv,arsiv,ActiveWater Bulaşık Makinesi- 60 cm,//media3.bosch-home.com/Product_Shots/600x600/MCSA01047502_F7882_SMS78M18TR_657687_def.jpg,0,https://www.bosch-home.com.tr/urun-listesi/arsiv/SMS78M18TR?breadcrumb=null,0,0,Active Water ve A++: Yüksek enerji verimliliğiyle doğal çevre ve bütçeniz için elverişlidir.,,-,https://www.bosch-home.com.tr/yetkili-saticilar?product=SMS78M18TR,Solo - paslanmaz çelik,Serie | 6,0,Enerji Verimliliği Sınıfı: A++,VarioFlex sepet sistemi ile üst ve alt sepette daha fazla esneklik ve kapasite.,Su taşmalarına karşı optimum güvenlik için çoklu su koruma sistemi.,Bardak koruma sistemi ile cam eşyalarınız için en üst düzeyde koruma.,
SMS78M12TR,arsiv,arsiv,ActiveWater Bulaşık Makinesi- 60 cm,//media3.bosch-home.com/Product_Shots/600x600/MCSA01047499_F7883_SMS78M12TR_657686_def.jpg,0,https://www.bosch-home.com.tr/urun-listesi/arsiv/SMS78M12TR?breadcrumb=null,0,0,Active Water ve A++: Yüksek enerji verimliliğiyle doğal çevre ve bütçeniz için elverişlidir.,,-,https://www.bosch-home.com.tr/yetkili-saticilar?product=SMS78M12TR,Solo - beyaz,Serie | 6,0,Enerji Verimliliği Sınıfı: A++,VarioFlex sepet sistemi ile üst ve alt sepette daha fazla esneklik ve kapasite.,Su taşmalarına karşı optimum güvenlik için çoklu su koruma sistemi.,Bardak koruma sistemi ile cam eşyalarınız için en üst düzeyde koruma.,
SMS78M08TR,arsiv,arsiv,solo bulaşık yıkama makinesi,//media3.bosch-home.com/Product_Shots/600x600/MCSA00686581_E3335_SMS78M08TR_341128_def.jpg,0,https://www.bosch-home.com.tr/urun-listesi/arsiv/SMS78M08TR?breadcrumb=null,0,0,ActiveWater- 6 Litre Su Tüketimi ve A++: En düşük enerji tüketimi sayesinde çevreye ve bütçenize elverişli.,,-,https://www.bosch-home.com.tr/yetkili-saticilar?product=SMS78M08TR,-,Serie | 6,0,6 Litre Su Tüketimi: Minimum su tüketimiyle %100 performans.,Enerji Verimliliği Sınıfı: A++,Çok sessiz- sadece 44 dB.,EkstraHijyen Opsiyonu: Yıkama süresince bulaşıklar daha uzun süre yüksek sıcaklığa tabi tutularak üst düzey temizlik sağlanır.,
SMS78M02TR,arsiv,arsiv,ActiveWater Bulaşık makinesi- 60 cm,//media3.bosch-home.com/Product_Shots/600x600/MCSA00686512_E3333_SMS78M02TR_341026_def.jpg,0,https://www.bosch-home.com.tr/urun-listesi/arsiv/SMS78M02TR?breadcrumb=null,0,0,ActiveWater- 6 Litre Su Tüketimi ve A++: En düşük enerji tüketimi sayesinde çevreye ve bütçenize elverişli.,,-,https://www.bosch-home.com.tr/yetkili-saticilar?product=SMS78M02TR,Solo - beyaz,Serie | 6,0,6 Litre Su Tüketimi: Minimum su tüketimiyle %100 performans.,Enerji Verimliliği Sınıfı: A++,Çok sessiz- sadece 44 dB.,EkstraHijyen Opsiyonu: Yıkama süresince bulaşıklar daha uzun süre yüksek sıcaklığa tabi tutularak üst düzey temizlik sağlanır.,
SMS69U78TR,arsiv,arsiv,ActiveWater Bulaşık Makinesi,//media3.bosch-home.com/Product_Shots/600x600/MCSA00666107_E2420_SMS69U78TR_318404_def.jpg,0,https://www.bosch-home.com.tr/urun-listesi/arsiv/SMS69U78TR?breadcrumb=null,0,0,A+++ Enerji Verimlilik Sınıfı- sadece 7 litre su tüketimi ve TFT Ekran,,-,https://www.bosch-home.com.tr/yetkili-saticilar?product=SMS69U78TR,Solo - Inox,Serie | 8,0,Enerji Verimliliği Sınıfı A+++ : En düşük enerji sınıfı- en yüksek tasarruf.,7 Litre Su Tüketimi: Sadece 7 litre suyla en iyi sonuçlar.,Çok sessiz- sadece 44 dB.,Ekstra Hijyen Opsiyonu: Yıkama süresince bulaşıklar daha uzun süre yüksek sıcaklığa tabi tutularak üst düzey temizlik sağlanır.,VarioFlexPlus sepet sistemi- büyük üçüncü çekmecesi ve özel kadeh tutucu ile daha fazla esneklik ve kapasite.
SMS69T58TR,arsiv,arsiv,ActiveWater Bulaşık makinesi- 60 cm,//media3.bosch-home.com/Product_Shots/600x600/MCSA00678181_E2885_SMS69T58TR_331367_def.jpg,0,https://www.bosch-home.com.tr/urun-listesi/arsiv/SMS69T58TR?breadcrumb=null,0,0,-,,-,https://www.bosch-home.com.tr/yetkili-saticilar?product=SMS69T58TR,Solo - paslanmaz çelik,Serie | 8,0,SuperSilence Plus: Sadece 38 dB'de en sessiz yıkama işlemi.,EkstraHijyen Opsiyonu: Yıkama süresince bulaşıklar daha uzun süre yüksek sıcaklığa tabi tutularak üst düzey temizlik sağlanır.,VarioFlexPlus sepet sistemi- büyük üçüncü çekmecesi ve özel kadeh tutucu ile daha fazla esneklik ve kapasite.,VarioSpeedPlus: 3 kat daha hızlı yıkama opsiyonu ve yüksek yıkama performansı.,AquaStop: Su arızalarından kaynaklanan hasarlara karşı %100 koruma.
SMS69N28EU,arsiv,arsiv,ActiveWater Bulaşık makinesi- 60 cm,//media3.bosch-home.com/Product_Shots/600x600/MCSA00454958_D2756_SMS69N28EU_80021_def.jpg,0,https://www.bosch-home.com.tr/urun-listesi/arsiv/SMS69N28EU?breadcrumb=null,0,0,ActiveWater- 6 Litre Su Tüketimi ve A++: En düşük enerji tüketimi sayesinde çevreye ve bütçenize elverişli.,,-,https://www.bosch-home.com.tr/yetkili-saticilar?product=SMS69N28EU,Solo - paslanmaz çelik,Serie | 6,0,6 Litre Su Tüketimi: Minimum su tüketimiyle %100 performans.,Enerji Verimliliği Sınıfı: A++,Çok sessiz- sadece 44 dB.,EkstraHijyen Opsiyonu: Yıkama süresince bulaşıklar daha uzun süre yüksek sıcaklığa tabi tutularak üst düzey temizlik sağlanır.,VarieFlex ve VarioDrawer Plus: Maksimum yerleştirme esnekliği ve geniş kullanım alanı.
SMS69M68TR,arsiv,arsiv,ActiveWater Bulaşık makinesi- 60 cm,//media3.bosch-home.com/Product_Shots/600x600/MCSA00878763_F3312_SMS69M68TR_511166_def.jpg,0,https://www.bosch-home.com.tr/urun-listesi/arsiv/SMS69M68TR?breadcrumb=null,0,0,ActiveWater Sessiz: Bulaşıklarınızı sadece 38 dB'de- ultra sessizlikte yıkar.,,-,https://www.bosch-home.com.tr/yetkili-saticilar?product=SMS69M68TR,Solo - paslanmaz çelik,Serie | 6,0,SuperSilence Plus: Sadece 38 dB'de en sessiz yıkama işlemi.,EkstraHijyen Opsiyonu: Yıkama süresince bulaşıklar daha uzun süre yüksek sıcaklığa tabi tutularak üst düzey temizlik sağlanır.,VarieFlex ve VarioDrawer Plus: Maksimum yerleştirme esnekliği ve geniş kullanım alanı.,VarioSpeedPlus: 3 kat daha hızlı yıkama opsiyonu ve yüksek yıkama performansı.,AquaStop: Su arızalarından kaynaklanan hasarlara karşı %100 koruma.
SMS68N02TR,arsiv,arsiv,ActiveWater Bulaşık Makinesi,//media3.bosch-home.com/Product_Shots/600x600/MCSA00678175_E2888_SMS68N02TR_331364_def.jpg,0,https://www.bosch-home.com.tr/urun-listesi/arsiv/SMS68N02TR?breadcrumb=null,0,0,Active Water ve A++: Yüksek enerji verimliliğiyle doğal çevre ve bütçeniz için elverişlidir.,,-,https://www.bosch-home.com.tr/yetkili-saticilar?product=SMS68N02TR,Solo - Beyaz,Serie | 6,0,Enerji Verimliliği Sınıfı: A++,Çok sessiz- sadece 44 dB.,Ekstra Hijyen Opsiyonu: Yıkama süresince bulaşıklar daha uzun süre yüksek sıcaklığa tabi tutularak üst düzey temizlik sağlanır.,VarioDrawer çatal-kaşıklar için ekstra 3. çekmece ve VarioFlex sepet sistemi ile maksimum yükleme kapasitesi ve daha fazla kullanım alanı.,varioSpeed Plus: 3 kat daha hızlı yıkama opsiyonu ve yüksek yıkama performansı.
SMS68L18TR,arsiv,arsiv,ActiveWater Bulaşık makinesi- 60 cm,//media3.bosch-home.com/Product_Shots/600x600/MCSA00773829_E6979_SMS68L18TR_421334_def.jpg,0,https://www.bosch-home.com.tr/urun-listesi/arsiv/SMS68L18TR?breadcrumb=null,0,0,Active Water ve A++: Yüksek enerji verimliliğiyle doğal çevre ve bütçeniz için elverişlidir.,,-,https://www.bosch-home.com.tr/yetkili-saticilar?product=SMS68L18TR,Solo - paslanmaz çelik,Serie | 6,0,Enerji Verimliliği Sınıfı: A++,Çok sessiz- sadece 44 dB.,EkstraHijyen Opsiyonu: Yıkama süresince bulaşıklar daha uzun süre yüksek sıcaklığa tabi tutularak üst düzey temizlik sağlanır.,VarioDrawer 3. çekmece ve VarioFlex sepet sistemi ile maksimum yükleme kapasitesi ve daha fazla kullanım alanı.,VarioSpeedPlus: 3 kat daha hızlı yıkama opsiyonu ve yüksek yıkama performansı.
SMS68L12TR,arsiv,arsiv,ActiveWater Bulaşık makinesi- 60 cm,//media3.bosch-home.com/Product_Shots/600x600/MCSA00763450_E6391_SMS68L12TR_408111_def.jpg,0,https://www.bosch-home.com.tr/urun-listesi/arsiv/SMS68L12TR?breadcrumb=null,0,0,Active Water ve A++: Yüksek enerji verimliliğiyle doğal çevre ve bütçeniz için elverişlidir.,,-,https://www.bosch-home.com.tr/yetkili-saticilar?product=SMS68L12TR,Solo - beyaz,Serie | 6,0,Enerji Verimliliği Sınıfı: A++,Çok sessiz- sadece 44 dB.,EkstraHijyen Opsiyonu: Yıkama süresince bulaşıklar daha uzun süre yüksek sıcaklığa tabi tutularak üst düzey temizlik sağlanır.,VarioDrawer 3. çekmece ve VarioFlex sepet sistemi ile maksimum yükleme kapasitesi ve daha fazla kullanım alanı.,VarioSpeedPlus: 3 kat daha hızlı yıkama opsiyonu ve yüksek yıkama performansı.
SMS68L08TR,arsiv,arsiv,ActiveWater Bulaşık Makinesi,//media3.bosch-home.com/Product_Shots/600x600/MCSA00501103_D5240_SMS68L08TR_114693_korr_def.jpg,0,https://www.bosch-home.com.tr/urun-listesi/arsiv/SMS68L08TR?breadcrumb=null,0,0,Active Water ve A++: Yüksek enerji verimliliğiyle doğal çevre ve bütçeniz için elverişlidir.,,-,https://www.bosch-home.com.tr/yetkili-saticilar?product=SMS68L08TR,Solo - Inox,Serie | 6,0,Enerji Verimliliği Sınıfı: A++,VarioDrawer çatal-kaşıklar için ekstra 3. çekmece ve VarioFlex sepet sistemi ile maksimum yükleme kapasitesi ve daha fazla kullanım alanı.,VarioSpeed ile yarı yarıya kısalan program süresinde mükemmel yıkama ve kurutma performansı.,Su taşmalarına karşı optimum güvenlik için çoklu su koruma sistemi.,Ekstra Hijyen Opsiyonu: Yıkama süresince bulaşıklar daha uzun süre yüksek sıcaklığa tabi tutularak üst düzey temizlik sağlanır.
SMS68L02TR,arsiv,arsiv,Solo bulaşık makinesi,//media3.bosch-home.com/Product_Shots/600x600/MCSA00501101_D5239_SMS68L02TR_114692_def.jpg,0,https://www.bosch-home.com.tr/urun-listesi/arsiv/SMS68L02TR?breadcrumb=null,0,0,Active Water ve A++: Yüksek enerji verimliliğiyle doğal çevre ve bütçeniz için elverişlidir.,,-,https://www.bosch-home.com.tr/yetkili-saticilar?product=SMS68L02TR,-,Serie | 6,0,Enerji Verimliliği Sınıfı: A++,VarioDrawer 3. çekmece ve VarioFlex sepet sistemi ile maksimum yükleme kapasitesi ve daha fazla kullanım alanı.,VarioSpeed ile yarı yarıya kısalan program süresinde mükemmel yıkama ve kurutma performansı.,Su taşmalarına karşı optimum güvenlik için çoklu su koruma sistemi.,Ekstra Hijyen Opsiyonu: Yıkama süresince bulaşıklar daha uzun süre yüksek sıcaklığa tabi tutularak üst düzey temizlik sağlanır.
SMS63M38TR,arsiv,arsiv,ActiveWater Bulaşık makinesi- 60 cm,//media3.bosch-home.com/Product_Shots/600x600/MCSA00796024_E8592_SMS63M38TR_442496_def.jpg,0,https://www.bosch-home.com.tr/urun-listesi/arsiv/SMS63M38TR?breadcrumb=null,0,0,Active Water ve A++: Yüksek enerji verimliliğiyle doğal çevre ve bütçeniz için elverişlidir.,,-,https://www.bosch-home.com.tr/yetkili-saticilar?product=SMS63M38TR,Solo - paslanmaz çelik,Serie | 6,0,Enerji Verimliliği Sınıfı: A++,VarioFlex sepet sistemi ile üst ve alt sepette daha fazla esneklik ve kapasite.,VarioSpeedPlus: 3 kat daha hızlı yıkama opsiyonu ve yüksek yıkama performansı.,Su taşmalarına karşı optimum güvenlik için çoklu su koruma sistemi.,Bardak koruma sistemi ile cam eşyalarınız için en üst düzeyde koruma.
SMS63M32TR,arsiv,arsiv,ActiveWater Bulaşık makinesi- 60 cm,//media3.bosch-home.com/Product_Shots/600x600/MCSA00796022_E8591_SMS63M32TR_442495_def.jpg,0,https://www.bosch-home.com.tr/urun-listesi/arsiv/SMS63M32TR?breadcrumb=null,0,0,Active Water ve A++: Yüksek enerji verimliliğiyle doğal çevre ve bütçeniz için elverişlidir.,,-,https://www.bosch-home.com.tr/yetkili-saticilar?product=SMS63M32TR,Solo - beyaz,Serie | 6,0,Enerji Verimliliği Sınıfı: A++,VarioFlex sepet sistemi ile üst ve alt sepette daha fazla esneklik ve kapasite.,VarioSpeedPlus: 3 kat daha hızlı yıkama opsiyonu ve yüksek yıkama performansı.,Su taşmalarına karşı optimum güvenlik için çoklu su koruma sistemi.,Bardak koruma sistemi ile cam eşyalarınız için en üst düzeyde koruma.
SMS58N46TR,arsiv,arsiv,ActiveWater Bulaşık Makinesi,//media3.bosch-home.com/Product_Shots/600x600/MCSA00678190_E2881_SMS58N46TR_331372_def.jpg,0,https://www.bosch-home.com.tr/urun-listesi/arsiv/SMS58N46TR?breadcrumb=null,0,0,Active Water ve A++: Yüksek enerji verimliliğiyle doğal çevre ve bütçeniz için elverişlidir.,,-,https://www.bosch-home.com.tr/yetkili-saticilar?product=SMS58N46TR,Solo - Siyah,Serie | 6,0,Enerji Verimliliği Sınıfı: A++,Ekstra Hijyen Opsiyonu: Yıkama süresince bulaşıklar daha uzun süre yüksek sıcaklığa tabi tutularak üst düzey temizlik sağlanır.,VarioDrawer çatal-kaşıklar için ekstra 3. çekmece ve VarioFlex sepet sistemi ile maksimum yükleme kapasitesi ve daha fazla kullanım alanı.,varioSpeed Plus: 3 kat daha hızlı yıkama opsiyonu ve yüksek yıkama performansı.,AquaStop: Su arızalarından kaynaklanan hasarlara karşı %100 koruma.
SMS53L18TR,60cm genisliginde bulasik makineleri,bulasik makineleri,ActiveWater Bulaşık Makinesi,//media3.bosch-home.com/Product_Shots/600x600/MCSA00812983_E9335_SMS53L18TR_453159_def.jpg,1999,https://www.bosch-home.com.tr/urun-listesi/bulasik-makineleri/solo-bulasik-makineleri/60cm-genisliginde-bulasik-makineleri/SMS53L18TR?breadcrumb=null,0,0,Ekstra Hijyen opsiyonu ile daha yüksek ısılarda yıkama ve kurutma sayesinde hijyenik sonuçlar.,1.999-00 TL,2.776-00 TL,https://www.bosch-home.com.tr/yetkili-saticilar?product=SMS53L18TR,Bulaşık Makinesi 5 Program Inox,Serie | 6,1554242400,Ekstra Hijyen Opsiyonu: Yıkama süresince bulaşıklar daha uzun süre yüksek sıcaklığa tabi tutularak üst düzey temizlik sağlanır.,VarioFlex sepet sistemi ile üst ve alt sepette daha fazla esneklik ve kapasite.,Su taşmalarına karşı optimum güvenlik için çoklu su koruma sistemi.,Bardak koruma sistemi ile cam eşyalarınız için en üst düzeyde koruma.,EcoSilence Motor: Güçlü- dayanıklı - sessiz ve etkili.
SMS53L12TR,60cm genisliginde bulasik makineleri,bulasik makineleri,ActiveWater Bulaşık Makinesi,//media3.bosch-home.com/Product_Shots/600x600/MCSA00994374_F6468_SMS53L12TR_617616_def.jpg,1899,https://www.bosch-home.com.tr/urun-listesi/bulasik-makineleri/solo-bulasik-makineleri/60cm-genisliginde-bulasik-makineleri/SMS53L12TR?breadcrumb=null,0,0,Ekstra Hijyen opsiyonu ile daha yüksek ısılarda yıkama ve kurutma sayesinde hijyenik sonuçlar.,1.899-00 TL,2.642-00 TL,https://www.bosch-home.com.tr/yetkili-saticilar?product=SMS53L12TR,Bulaşık Makinesi 5 Program Beyaz,Serie | 6,1554242400,Ekstra Hijyen Opsiyonu: Yıkama süresince bulaşıklar daha uzun süre yüksek sıcaklığa tabi tutularak üst düzey temizlik sağlanır.,VarioFlex sepet sistemi ile üst ve alt sepette daha fazla esneklik ve kapasite.,Su taşmalarına karşı optimum güvenlik için çoklu su koruma sistemi.,Bardak koruma sistemi ile cam eşyalarınız için en üst düzeyde koruma.,EcoSilence Motor: Güçlü- dayanıklı - sessiz ve etkili.
SMS53L08TR,arsiv,arsiv,ActiveWater Bulaşık Makinesi,//media3.bosch-home.com/Product_Shots/600x600/MCSA00501097_D5237_SMS53L08TR_114690_korr_def.jpg,0,https://www.bosch-home.com.tr/urun-listesi/arsiv/SMS53L08TR?breadcrumb=null,0,0,Ekstra Hijyen opsiyonu ile daha yüksek ısılarda yıkama ve kurutma sayesinde hijyenik sonuçlar.,,-,https://www.bosch-home.com.tr/yetkili-saticilar?product=SMS53L08TR,Solo - Inox,Serie | 6,0,VarioFlex sepet sistemi ile üst ve alt sepette daha fazla esneklik ve kapasite.,VarioSpeed ile yarı yarıya kısalan program süresinde mükemmel yıkama ve kurutma performansı.,AquaStop: Su arızalarından kaynaklanan hasarlara karşı %100 koruma.,Bardak koruma sistemi ile cam eşyalarınız için en üst düzeyde koruma.,Ekstra Hijyen Opsiyonu: Yıkama süresince bulaşıklar daha uzun süre yüksek sıcaklığa tabi tutularak üst düzey temizlik sağlanır.
SMS53E02TR,arsiv,arsiv,ActiveWater Bulaşık makinesi- 60 cm,//media3.bosch-home.com/Product_Shots/600x600/MCSA049606_SMS53E02TR_def.jpg,0,https://www.bosch-home.com.tr/urun-listesi/arsiv/SMS53E02TR?breadcrumb=null,0,0,ActiveWater ve VarioFlex: Alt ve üst raflarda daha esnek kullanım olanağı sağlar.,,-,https://www.bosch-home.com.tr/yetkili-saticilar?product=SMS53E02TR,Solo - beyaz,Serie | 4,0,VarioFlex sepet sistemi ile üst ve alt sepette daha fazla esneklik ve kapasite.,VarioSpeed ile yarı yarı yarıya kısalan program süresinde mükemmel yıkama ve kurutma performansı.,Su taşmalarına karşı optimum güvenlik için çoklu su koruma sistemi.,Bardak koruma sistemi ile cam eşyalarınız için en üst düzeyde koruma.,EcoSilence Motor: Güçlü- dayanıklı - sessiz ve etkili.
SMS43D08TR,60cm genisliginde bulasik makineleri,bulasik makineleri,Bulaşık Makinesi 4 Program Inox,//media3.bosch-home.com/Product_Shots/600x600/MCSA00477554_D4326_SMS43D08TR_101156_def.jpg,0,https://www.bosch-home.com.tr/urun-listesi/bulasik-makineleri/solo-bulasik-makineleri/60cm-genisliginde-bulasik-makineleri/SMS43D08TR?breadcrumb=null,0,0,VarioFlex sepet sistemi ile daha yüksek kapasitede- Ekstra Hijyen opsiyonuyla yüksek sıcaklıkta hijyen sağlar.,,-,https://www.bosch-home.com.tr/yetkili-saticilar?product=SMS43D08TR,-,Serie | 4,1554242400,Ekstra Hijyen Opsiyonu: Yıkama süresince bulaşıklar daha uzun süre yüksek sıcaklığa tabi tutularak üst düzey temizlik sağlanır.,VarioFlex sepet sistemi ile üst ve alt sepette daha fazla esneklik ve kapasite.,Power'55 programı sayesinde bulaşıklarınız 55 dakikada tertemiz olur.,Yarım Yük opsiyonu sayesinde makinenizi çalıştırmak için bulaşık biriktirmenize gerek yok.Enerji ve su tüketiminde %30'a yakın tasarruf sağlar.,Dosage Assist: Bulaşık makinenizin en iyi sonucu alması için tablet deterjan kontrollü ve hızlı bir şekilde çözülür.
SMS30E02TR,60cm genisliginde bulasik makineleri,bulasik makineleri,Bulaşık Makinesi 3 Program Beyaz,//media3.bosch-home.com/Product_Shots/600x600/MCSA049601_SMS30E02TR_def.jpg,1599,https://www.bosch-home.com.tr/urun-listesi/bulasik-makineleri/solo-bulasik-makineleri/60cm-genisliginde-bulasik-makineleri/SMS30E02TR?breadcrumb=null,0,0,ActiveWater modellerde yüksekliği ayarlanabilir üst sepet sayesinde büyük bulaşıklar için daha fazla alan.,1.599-00 TL,2.085-00 TL,https://www.bosch-home.com.tr/yetkili-saticilar?product=SMS30E02TR,-,Serie | 2,1554242400,Yüksekliği ayarlanabilir üst sepet sayesinde farklı büyüklükteki bulaşıklar için çözümler.,Power'55 programı sayesinde bulaşıklarınız 55 dakikada tertemiz olur.,Yarım Yük opsiyonu sayesinde makinenizi çalıştırmak için bulaşık biriktirmenize gerek yok.Enerji ve su tüketiminde %30'a yakın tasarruf sağlar.,Dosage Assist: Bulaşık makinenizin en iyi sonucu alması için tablet deterjan kontrollü ve hızlı bir şekilde çözülür.,10 yıl iç hazne paslanmazlık garantisi.
SMS23BA00T,60cm genisliginde bulasik makineleri,bulasik makineleri,Bulaşık Makinesi 3 Program Gümüş,//media3.bosch-home.com/Product_Shots/600x600/MCSA02352813_i1135_1753231_SMS23BA00T_CMYK_def.jpg,0,https://www.bosch-home.com.tr/urun-listesi/bulasik-makineleri/solo-bulasik-makineleri/60cm-genisliginde-bulasik-makineleri/SMS23BA00T?breadcrumb=null,0,0,A+ enerji sınıfı ve yük sensörleriyle hem su hem enerji verimliliği sağlar.,,-,https://www.bosch-home.com.tr/yetkili-saticilar?product=SMS23BA00T,-,Serie | 2,1521327600,Yüksekliği ayarlanabilir üst sepet sayesinde farklı büyüklükteki bulaşıklar için çözümler.,Tablet deterjanın tamamen çözülüp eşit dağılmasını sağlayan DosageAssist teknolojisi.,1h 65°C programı ile bulaşıklarınız yüksek sıcaklıkta en fazla 1 saatte tertemiz olur.,EcoSilence Motor: Güçlü- dayanıklı - sessiz ve etkili.,10 yıl iç hazne paslanmazlık garantisi.
SMI88TS03T,arsiv,arsiv,Bulaşık Makinesi- 60 cm,//media3.bosch-home.com/Product_Shots/600x600/MCSA00857678_F2549_SMI88TS03T_493475_def.jpg,0,https://www.bosch-home.com.tr/urun-listesi/arsiv/SMI88TS03T?breadcrumb=null,0,0,-,,-,https://www.bosch-home.com.tr/yetkili-saticilar?product=SMI88TS03T,Yarı-Ankastre - paslanmaz çelik,Serie | 8,0,,Enerji Verimliliği Sınıfı A+++ : En düşük enerji sınıfı- en yüksek tasarruf.,7 Litre Su Tüketimi: Sadece 7 litre suyla en iyi sonuçlar.,Çok sessiz- sadece 44 dB.,EkstraHijyen Opsiyonu: Yıkama süresince bulaşıklar daha uzun süre yüksek sıcaklığa tabi tutularak üst düzey temizlik sağlanır.
SMI69U75TR,arsiv,arsiv,ActiveWater Bulaşık makinesi- 60 cm,//media3.bosch-home.com/Product_Shots/600x600/MCSA00666105_E2421_SMI69U75TR_318403_def.jpg,0,https://www.bosch-home.com.tr/urun-listesi/arsiv/SMI69U75TR?breadcrumb=null,0,0,A+++ Enerji Verimlilik Sınıfı- sadece 7 litre su tüketimi ve TFT Ekran,,-,https://www.bosch-home.com.tr/yetkili-saticilar?product=SMI69U75TR,Yarı-Ankastre - paslanmaz çelik,Serie | 8,0,Enerji Verimliliği Sınıfı A+++ (-%10) : En düşük enerji sınıfından %10 daha az tüketim oranı.,7 Litre Su Tüketimi: Sadece 7 litre suyla en iyi sonuçlar.,Çok sessiz- sadece 44 dB.,EkstraHijyen Opsiyonu: Yıkama süresince bulaşıklar daha uzun süre yüksek sıcaklığa tabi tutularak üst düzey temizlik sağlanır.,VarioFlexPlus sepet sistemi- büyük üçüncü çekmecesi ve özel kadeh tutucu ile daha fazla esneklik ve kapasite.
SMI69U75EU,arsiv,arsiv,ActiveWater Bulaşık Makinesi,//media3.bosch-home.com/Product_Shots/600x600/MCSA00459134_D3077_SMI69U75EU_83608_def.jpg,0,https://www.bosch-home.com.tr/urun-listesi/arsiv/SMI69U75EU?breadcrumb=null,0,0,-,,-,https://www.bosch-home.com.tr/yetkili-saticilar?product=SMI69U75EU,Yarı-Ankastre - Inox,Serie | 8,0,VarieFlex ve VarioDrawer Plus: Maksimum yerleştirme esnekliği ve geniş kullanım alanı.,Enerji Verimliliği Sınıfı A+++ : En düşük enerji sınıfı- en yüksek tasarruf.,7 Litre Su Tüketimi: Sadece 7 litre suyla en iyi sonuçlar.,Çok sessiz- sadece 44 dB.,Ekstra Hijyen Opsiyonu: Yıkama süresince bulaşıklar daha uzun süre yüksek sıcaklığa tabi tutularak üst düzey temizlik sağlanır.
SMI69U45EU,arsiv,arsiv,ActiveWater Bulaşık Makinesi,//media3.bosch-home.com/Product_Shots/600x600/MCSA00454929_D2753_SMI69U45EU_80008_def.jpg,0,https://www.bosch-home.com.tr/urun-listesi/arsiv/SMI69U45EU?breadcrumb=null,0,0,-,,-,https://www.bosch-home.com.tr/yetkili-saticilar?product=SMI69U45EU,Yarı-Ankastre - Inox,Serie | 8,0,Enerji Verimliliği Sınıfı: A++,Çok sessiz- sadece 41 dB.,Ekstra Hijyen Opsiyonu: Yıkama süresince bulaşıklar daha uzun süre yüksek sıcaklığa tabi tutularak üst düzey temizlik sağlanır.,VarieFlex ve VarioDrawer Plus: Maksimum yerleştirme esnekliği ve geniş kullanım alanı.,VarioSpeedPlus: 3 kat daha hızlı yıkama opsiyonu ve yüksek yıkama performansı.
SMI69N25TR,arsiv,arsiv,ActiveWater Bulaşık Makinesi- 60 cm,//media3.bosch-home.com/Product_Shots/600x600/MCSA00666103_E2422_SMI69N25TR_318402_def.jpg,0,https://www.bosch-home.com.tr/urun-listesi/arsiv/SMI69N25TR?breadcrumb=null,0,0,-,,-,https://www.bosch-home.com.tr/yetkili-saticilar?product=SMI69N25TR,Yarı-Ankastre - paslanmaz çelik,Serie | 6,0,6 Litre Su Tüketimi: Minimum su tüketimiyle %100 performans.,Enerji Verimliliği Sınıfı: A++,Çok sessiz- sadece 44 dB.,EkstraHijyen Opsiyonu: Yıkama süresince bulaşıklar daha uzun süre yüksek sıcaklığa tabi tutularak üst düzey temizlik sağlanır.,VarieFlex ve VarioDrawer Plus: Maksimum yerleştirme esnekliği ve geniş kullanım alanı.
SMI69N25EU,arsiv,arsiv,ActiveWater Bulaşık makinesi- 60 cm,//media3.bosch-home.com/Product_Shots/600x600/MCSA00449748_D2333_SMI69N25EU_74780_def.jpg,0,https://www.bosch-home.com.tr/urun-listesi/arsiv/SMI69N25EU?breadcrumb=null,0,0,-,,-,https://www.bosch-home.com.tr/yetkili-saticilar?product=SMI69N25EU,Yarı-Ankastre - paslanmaz çelik,Serie | 6,0,6 Litre Su Tüketimi: Minimum su tüketimiyle %100 performans.,Enerji Verimliliği Sınıfı: A++,Çok sessiz- sadece 44 dB.,EkstraHijyen Opsiyonu: Yıkama süresince bulaşıklar daha uzun süre yüksek sıcaklığa tabi tutularak üst düzey temizlik sağlanır.,VarieFlex ve VarioDrawer Plus: Maksimum yerleştirme esnekliği ve geniş kullanım alanı.
SMI68L05TR,arsiv,arsiv,Yarı-Ankastre Bulaşık Makinesi 6 Program,//media3.bosch-home.com/Product_Shots/600x600/MCSA00665011_E1975_SMI68L05TR_317438_def.jpg,0,https://www.bosch-home.com.tr/urun-listesi/arsiv/SMI68L05TR?breadcrumb=null,0,0,-,,-,https://www.bosch-home.com.tr/yetkili-saticilar?product=SMI68L05TR,-,Serie | 6,0,Ekstra Hijyen Opsiyonu: Yıkama süresince bulaşıklar daha uzun süre yüksek sıcaklığa tabi tutularak üst düzey temizlik sağlanır.,VarioDrawer 3. çekmece ve VarioFlex sepet sistemi ile maksimum yükleme kapasitesi ve daha fazla kullanım alanı.,Su taşmalarına karşı optimum güvenlik için çoklu su koruma sistemi.,Bardak koruma sistemi ile cam eşyalarınız için en üst düzeyde koruma.,EcoSilence Motor: Güçlü- dayanıklı - sessiz ve etkili.
SMI53M05TR,arsiv,arsiv,ActiveWater Bulaşık Makinesi,//media3.bosch-home.com/Product_Shots/600x600/MCSA00672412_E2776_SMI53M05TR_326382_def.jpg,0,https://www.bosch-home.com.tr/urun-listesi/arsiv/SMI53M05TR?breadcrumb=null,0,0,-,,-,https://www.bosch-home.com.tr/yetkili-saticilar?product=SMI53M05TR,Yarı-Ankastre - Inox,Serie | 6,0,VarioFlex sepet sistemi ile üst ve alt sepette daha fazla esneklik ve kapasite.,VarioSpeed ile yarı yarıya kısalan program süresinde mükemmel yıkama ve kurutma performansı.,AquaStop: Su arızalarından kaynaklanan hasarlara karşı %100 koruma.,Bardak koruma sistemi ile cam eşyalarınız için en üst düzeyde koruma.,Elektronik çocuk kilidi yıkama sırasında çocukların makine kapağını açmasını ve program ayarlarını değiştirmesini engeller.
SMI53E05TR,arsiv,arsiv,ActiveWater Bulaşık makinesi- 60 cm,//media3.bosch-home.com/Product_Shots/600x600/MCSA049620_SMI53E05TR_def.jpg,0,https://www.bosch-home.com.tr/urun-listesi/arsiv/SMI53E05TR?breadcrumb=null,0,0,-,,-,https://www.bosch-home.com.tr/yetkili-saticilar?product=SMI53E05TR,Yarı-Ankastre - paslanmaz çelik,Serie | 4,0,VarioFlex sepet sistemi ile üst ve alt sepette daha fazla esneklik ve kapasite.,VarioSpeed ile yarı yarı yarıya kısalan program süresinde mükemmel yıkama ve kurutma performansı.,AquaStop: Su arızalarından kaynaklanan hasarlara karşı %100 koruma.,Bardak koruma sistemi ile cam eşyalarınız için en üst düzeyde koruma.,EcoSilence Motor: Güçlü- dayanıklı - sessiz ve etkili.
SMI50M75EP,arsiv,arsiv,ActiveWater Bulaşık makinesi- 60 cm,//media3.bosch-home.com/Product_Shots/600x600/MCSA036749_SMI50M05EU_def.jpg,0,https://www.bosch-home.com.tr/urun-listesi/arsiv/SMI50M75EP?breadcrumb=null,0,0,-,,-,https://www.bosch-home.com.tr/yetkili-saticilar?product=SMI50M75EP,Yarı-Ankastre - paslanmaz çelik,Serie | 6,0,Rackmatic: Doluyken bile yüksekliği ayarlanabilen üst sepet.,VarioSpeed ile yarı yarı yarıya kısalan program süresinde mükemmel yıkama ve kurutma performansı.,AquaStop: Su arızalarından kaynaklanan hasarlara karşı %100 koruma.,Bardak koruma sistemi ile cam eşyalarınız için en üst düzeyde koruma.,Çocuk Kilidi: Yıkama sırasında çocukların makine kapağını açmasını engelleyen kilit.
SMI43M15EU,arsiv,arsiv,ActiveWater Bulaşık makinesi- 60 cm,//media3.bosch-home.com/Product_Shots/600x600/MCSA036743_SMI40M15EU_def.jpg,0,https://www.bosch-home.com.tr/urun-listesi/arsiv/SMI43M15EU?breadcrumb=null,0,0,Active Water ve A++: Yüksek enerji verimliliğiyle doğal çevre ve bütçeniz için elverişlidir.,,-,https://www.bosch-home.com.tr/yetkili-saticilar?product=SMI43M15EU,Yarı-Ankastre - paslanmaz çelik,Serie | 6,0,Enerji Verimliliği Sınıfı: A++,VarioFlex sepet sistemi ile üst ve alt sepette daha fazla esneklik ve kapasite.,VarioSpeed ile yarı yarı yarıya kısalan program süresinde mükemmel yıkama ve kurutma performansı.,AquaStop: Su arızalarından kaynaklanan hasarlara karşı %100 koruma.,Bardak koruma sistemi ile cam eşyalarınız için en üst düzeyde koruma.
SMI40M35EU,arsiv,arsiv,ActiveWater Bulaşık makinesi- 60 cm,//media3.bosch-home.com/Product_Shots/600x600/MCSA036743_SMI40M15EU_def.jpg,0,https://www.bosch-home.com.tr/urun-listesi/arsiv/SMI40M35EU?breadcrumb=null,0,0,-,,-,https://www.bosch-home.com.tr/yetkili-saticilar?product=SMI40M35EU,Yarı-Ankastre - paslanmaz çelik,-,0,-,,,,
SMI40D05TR,arsiv,arsiv,ActiveWater Bulaşık makinesi- 60 cm,//media3.bosch-home.com/Product_Shots/600x600/MCSA00680135_E3241_SMI40D05TR_332939_def.jpg,0,https://www.bosch-home.com.tr/urun-listesi/arsiv/SMI40D05TR?breadcrumb=null,0,0,ActiveWater modellerde yüksekliği ayarlanabilir üst sepet sayesinde büyük bulaşıklar için daha fazla alan.,,-,https://www.bosch-home.com.tr/yetkili-saticilar?product=SMI40D05TR,Yarı-Ankastre - paslanmaz çelik,Serie | 4,0,Yüksekliği ayarlanabilir üst sepet sayesinde farklı büyüklükteki bulaşıklar için çözümler.,Su taşmalarına karşı optimum güvenlik için çoklu su koruma sistemi.,Bardak koruma sistemi ile cam eşyalarınız için en üst düzeyde koruma.,EcoSilence Motor: Güçlü- dayanıklı - sessiz ve etkili.,10 yıl iç hazne paslanmazlık garantisi.
SMI30E05TR,arsiv,arsiv,ActiveWater Bulaşık makinesi- 60 cm,//media3.bosch-home.com/Product_Shots/600x600/MCSA049619_SMI30E05TR_def.jpg,0,https://www.bosch-home.com.tr/urun-listesi/arsiv/SMI30E05TR?breadcrumb=null,0,0,-,,-,https://www.bosch-home.com.tr/yetkili-saticilar?product=SMI30E05TR,Yarı-Ankastre - paslanmaz çelik,Serie | 2,0,Rackmatic: Doluyken bile yüksekliği ayarlanabilen üst sepet.,Su taşmalarına karşı optimum güvenlik için çoklu su koruma sistemi.,Bardak koruma sistemi ile cam eşyalarınız için en üst düzeyde koruma.,EcoSilence Motor: Güçlü- dayanıklı - sessiz ve etkili.,10 yıl iç hazne paslanmazlık garantisi.
SKT5112EU,arsiv,arsiv,set üstü kompakt,//media3.bosch-home.com/Product_Shots/600x600/MCSA017361_SKT5102EU_def.jpg,0,https://www.bosch-home.com.tr/urun-listesi/arsiv/SKT5112EU?breadcrumb=null,0,0,-,,-,https://www.bosch-home.com.tr/yetkili-saticilar?product=SKT5112EU,set üstü - beyaz,-,0,Enerji Etiketi: A x A x B,5 Programlı: güçlü 65 °C- normal 65 °C- eko 50 °C- hassas 30 °C- ön yıkama,tüketim- program normal 65 °C: 9.5 l su / 0.51 kWh elektrik,3 ayrı yıkama sıcaklık derecesi,
SKT5002EU,arsiv,arsiv,set üstü kompakt,//media3.bosch-home.com/Product_Shots/600x600/MCSA013034_SKT5002EU_def.jpg,0,https://www.bosch-home.com.tr/urun-listesi/arsiv/SKT5002EU?breadcrumb=null,0,0,-,,-,https://www.bosch-home.com.tr/yetkili-saticilar?product=SKT5002EU,set üstü - beyaz,-,0,Enerji Etiketi: C - B - C,5 Programlı: güçlü 65- normal 65- eko 65- hassas 30- ön yıkama,tüketim- program normal 65: 12 l su / 0.7 kWh elektrik,2 ayrı yıkama sıcaklık derecesi,
SKT5002,arsiv,arsiv,#NAME?,//media3.bosch-home.com/Product_Shots/600x600/MCSA013025_SKT5002_def.jpg,0,https://www.bosch-home.com.tr/urun-listesi/arsiv/SKT5002?breadcrumb=null,0,0,-,,-,https://www.bosch-home.com.tr/yetkili-saticilar?product=SKT5002,-,-,0,Enerji Etiketi: C - B - C,5 Programlı: G��l� 65- Normal 65- Eko 65- Hassas 30- �n yikama,2 ayrı yıkama sıcaklık derecesi,Gizli ısıtıcı,
SGV43E23EU,arsiv,arsiv,bulaşık makinesi- 60 cm,//media3.bosch-home.com/Product_Shots/600x600/MCSA016298_SGV43E23EU_def.jpg,0,https://www.bosch-home.com.tr/urun-listesi/arsiv/SGV43E23EU?breadcrumb=null,0,0,-,,-,https://www.bosch-home.com.tr/yetkili-saticilar?product=SGV43E23EU,tam entegre,-,0,Enerji Etiketi: A - A - A,4 Programlı: normal 65- eko 50- hızlı yıkama 35- ön yıkama,tüketim- program eko 50: 14 l su / 1.05 kWh elektrik,3 ayrı yıkama sıcaklık derecesi,
SGS85M02TR,arsiv,arsiv,bulaşık makinesi- 60 cm »Silence«,//media3.bosch-home.com/Product_Shots/600x600/MCSA026063_SGS85M02TR_def.jpg,0,https://www.bosch-home.com.tr/urun-listesi/arsiv/SGS85M02TR?breadcrumb=null,0,0,-,,-,https://www.bosch-home.com.tr/yetkili-saticilar?product=SGS85M02TR,solo - beyaz,-,0,Enerji Etiketi: A - A - A,2x4 Program: yoğun 70- Auto 55-65- eko 50- hassas 40,Auto3in1,tüketim- program eko 50: 12 l su / 1.05 kWh elektrik,
SGS65T32EU,arsiv,arsiv,bulaşık makinesi- 60 cm,//media3.bosch-home.com/Product_Shots/600x600/MCSA021876_SGS65T32EU_def.jpg,0,https://www.bosch-home.com.tr/urun-listesi/arsiv/SGS65T32EU?breadcrumb=null,0,0,-,,-,https://www.bosch-home.com.tr/yetkili-saticilar?product=SGS65T32EU,solo ürün - beyaz,-,0,Enerji Etiketi: A - A - A,6 Programlı: Auto 65-75- Auto 55-65- Auto 35-45- eko 50- hızlı yıkama 45,üst sepet yıkama/zaman kısaltılması özelliği,auto3in1,
SGS65E02EU,arsiv,arsiv,bulaşık makinesi- 60 cm,//media3.bosch-home.com/Product_Shots/600x600/MCSA022588_SGS65E02EU_def.jpg,0,https://www.bosch-home.com.tr/urun-listesi/arsiv/SGS65E02EU?breadcrumb=null,0,0,-,,-,https://www.bosch-home.com.tr/yetkili-saticilar?product=SGS65E02EU,Solo Ürün - beyaz,-,0,Enerji Etiketi: A - A - A,2x6 Programlı: yoğun 70- normal 65- eko 50- hassas 40- hızlı yıkama 45,üst sepet yıkama özelliği,auto3in1,
SGS57M38EU,arsiv,arsiv,bulaşık makinesi- 60 cm »Silence«,//media3.bosch-home.com/Product_Shots/600x600/MCSA030834_SGS57M38EU_def.jpg,0,https://www.bosch-home.com.tr/urun-listesi/arsiv/SGS57M38EU?breadcrumb=null,0,0,-,,-,https://www.bosch-home.com.tr/yetkili-saticilar?product=SGS57M38EU,solo - gümüş,-,0,Enerji Etiketi: A x A x A,5 Programlı: yoğun 70- Auto 55-65- eko 50- hızlı yıkama 45- ön yıkama,varioSpeed zaman kısaltma,Auto3in1,
SGS56M18EU,arsiv,arsiv,bulaşık makinesi- 60 cm »Silence«,//media3.bosch-home.com/Product_Shots/600x600/MCSA028647_SGS56M18EU_def.jpg,0,https://www.bosch-home.com.tr/urun-listesi/arsiv/SGS56M18EU?breadcrumb=null,0,0,-,,-,https://www.bosch-home.com.tr/yetkili-saticilar?product=SGS56M18EU,solo - gümüş,-,0,Enerji Etiketi: A - A - A,5 Programlı: yoğun 70- Auto 55-65- eko 50- hızlı yıkama 45- ön yıkama,Auto3in1,tüketim- program eko 50: 12 l su / 1.05 kWh elektrik,
SGS55M18EU,arsiv,arsiv,bulaşık makinesi- 60 cm,//media3.bosch-home.com/Product_Shots/600x600/MCSA017822_SGS55M18EU_def.jpg,0,https://www.bosch-home.com.tr/urun-listesi/arsiv/SGS55M18EU?breadcrumb=null,0,0,-,,-,https://www.bosch-home.com.tr/yetkili-saticilar?product=SGS55M18EU,solo - gümüş,-,0,Enerji Etiketi: A - A - A,5 Programlı: yoğun 70- Auto 55-65- eko 50- hızlı yıkama 45- ön yıkama,auto3in1,tüketim- program eko 50: 14 l su / 1.05 kWh elektrik,
SGS55M12EU,arsiv,arsiv,Bulaşık Makinesi- 60 cm,//media3.bosch-home.com/Product_Shots/600x600/MCSA017146_SGS55M12EU_def.jpg,0,https://www.bosch-home.com.tr/urun-listesi/arsiv/SGS55M12EU?breadcrumb=null,0,0,-,,-,https://www.bosch-home.com.tr/yetkili-saticilar?product=SGS55M12EU,Softline-Design - Beyaz,-,0,Enerji Etiketi: A - A - A,5 Programlı: Yogun 70- Auto 55 - 65- Eko 50- Hizli 45- Ön yikama,auto3in1,Tüketim- program Eko 50: 14 l su / 1.05 kWh elektrik,
SGS55E32EU,arsiv,arsiv,bulaşık makinesi- 60 cm,//media3.bosch-home.com/Product_Shots/600x600/MCSA022587_SGS55E32EU_def.jpg,0,https://www.bosch-home.com.tr/urun-listesi/arsiv/SGS55E32EU?breadcrumb=null,0,0,-,,-,https://www.bosch-home.com.tr/yetkili-saticilar?product=SGS55E32EU,-,-,0,Enerji Etiketi: A - A - A,2x5 Programlı: yoğun 70- normal 65- eko 50- hızlı yıkama 45- ön yıkama,üst sepet yıkama özelliği,auto3in1,
SGS55E28EU,arsiv,arsiv,bulaşık makinesi- 60 cm,//media3.bosch-home.com/Product_Shots/600x600/MCSA028897_SGS55E28EU_def.jpg,0,https://www.bosch-home.com.tr/urun-listesi/arsiv/SGS55E28EU?breadcrumb=null,0,0,-,,-,https://www.bosch-home.com.tr/yetkili-saticilar?product=SGS55E28EU,-,-,0,Enerji Etiketi: A - A - A,2x5 Programlı: yoğun 70- normal 65- eko 50- hızlı yıkama 45- ön yıkama,yarım yük özelliği,Auto3in1,
SGS55A02EU,arsiv,arsiv,Bulaşık Makinesi- 60 cm,//media3.bosch-home.com/Product_Shots/600x600/MCSA007200_SGS55A02EU_def.jpg,0,https://www.bosch-home.com.tr/urun-listesi/arsiv/SGS55A02EU?breadcrumb=null,0,0,-,,-,https://www.bosch-home.com.tr/yetkili-saticilar?product=SGS55A02EU,Softline-Design - Beyaz,-,0,Enerji Etiketi: A - A - B,2x5 Programlı: Yogun 70- Normal 65- Eko 50- Hizli 35- Ön yikama,Üst sepet yıkama özelliği,Tüketim- program Eko 50: 14 l su / 1.05 kWh elektrik,
SGS44E62EU,arsiv,arsiv,bulaşık makinesi- 60 cm,//media3.bosch-home.com/Product_Shots/600x600/MCSA028287_SGS44E62EU_def.jpg,0,https://www.bosch-home.com.tr/urun-listesi/arsiv/SGS44E62EU?breadcrumb=null,0,0,-,,-,https://www.bosch-home.com.tr/yetkili-saticilar?product=SGS44E62EU,-,-,0,Enerji Etiketi: A - A - A,2x4 Programlı: normal 65- eko 50- hızlı yıkama 45- ön yıkama,yarım yük özelliği,tüketim- program eko 50: 17 l su / 1.05 kWh elektrik,
SGS43E72EU,arsiv,arsiv,bulaşık makinesi- 60 cm,//media3.bosch-home.com/Product_Shots/600x600/MCSA022581_SGS43E72EU_def.jpg,0,https://www.bosch-home.com.tr/urun-listesi/arsiv/SGS43E72EU?breadcrumb=null,0,0,-,,-,https://www.bosch-home.com.tr/yetkili-saticilar?product=SGS43E72EU,-,-,0,Enerji Etiketi: A - A - A,2x4 Programlı: normal 65- eko 50- hızlı yıkama 35- ön yıkama,üst sepet yıkama özelliği,tüketim- program eko 50: 14 l su / 1.05 kWh elektrik,
SGS43E18EU,arsiv,arsiv,BrandLookup.ItemNotFound »electronic«,//media3.bosch-home.com/Product_Shots/600x600/MCSA031290_SGS43E18EU_def.jpg,0,https://www.bosch-home.com.tr/urun-listesi/arsiv/SGS43E18EU?breadcrumb=null,0,0,-,,-,https://www.bosch-home.com.tr/yetkili-saticilar?product=SGS43E18EU,solo - gümüş,-,0,Enerji Etiketi: A - A - A,2x4 Programlı: normal 65- eko 50- hızlı yıkama 35- ön yıkama,yarım yük özelliği,tüketim- program eko 50: 17 l su / 1.05 kWh elektrik,
SGS43E08EU,arsiv,arsiv,bulaşık makinesi- 60 cm »Electronic«,//media3.bosch-home.com/Product_Shots/600x600/MCSA025833_SGS43E08EU_def.jpg,0,https://www.bosch-home.com.tr/urun-listesi/arsiv/SGS43E08EU?breadcrumb=null,0,0,-,,-,https://www.bosch-home.com.tr/yetkili-saticilar?product=SGS43E08EU,solo - gümüş,-,0,Enerji Etiketi: A - A - A,2x4 Programlı: normal 65- eko 50- hızlı yıkama 35- ön yıkama,üst sepet yıkama özelliği,tüketim- program eko 50: 14 l su / 1.05 kWh elektrik,
SGS33E22EU,arsiv,arsiv,bulaşık makinesi- 60 cm,//media3.bosch-home.com/Product_Shots/600x600/MCSA028159_SGS33E22EU_def.jpg,0,https://www.bosch-home.com.tr/urun-listesi/arsiv/SGS33E22EU?breadcrumb=null,0,0,-,,-,https://www.bosch-home.com.tr/yetkili-saticilar?product=SGS33E22EU,-,-,0,Enerji Etiketi: A - A - A,3 Program: normal 65- eko 50- ön yıkama,tüketim- program eko 50: 17 l su / 1.05 kWh elektrik,2 ayrı yıkama sıcaklık derecesi,
SGS30A29EU,arsiv,arsiv,bulaşık makinesi- 60 cm,//media3.bosch-home.com/Product_Shots/600x600/MCSA006769_SGS30A29EU_def.jpg,0,https://www.bosch-home.com.tr/urun-listesi/arsiv/SGS30A29EU?breadcrumb=null,0,0,-,,-,https://www.bosch-home.com.tr/yetkili-saticilar?product=SGS30A29EU,-,-,0,Enerji Etiketi: C - A - B,3 Programlı: güçlü 65- normal 65- ön yıkama 35,tüketim- program normal 65: 19.5 l su / 1.4 kWh elektrik,2 ayrı yıkama sıcaklık derecesi,
SGS30A02EU,arsiv,arsiv,Bulaşık Makinesi- 60 cm,//media3.bosch-home.com/Product_Shots/600x600/MCSA007351_SGS30A02EU_def.jpg,0,https://www.bosch-home.com.tr/urun-listesi/arsiv/SGS30A02EU?breadcrumb=null,0,0,-,,-,https://www.bosch-home.com.tr/yetkili-saticilar?product=SGS30A02EU,Softline-Dizayn - Beyaz,-,0,Enerji Etiketi: C - A - B,3 Programlı: Güçlü 65- Normal 65- Eko 65,Tüketim- program Normal 65: 20 l su / 1.44 kWh elektrik,1 yıkama derecesi,
SGS20A29EU,arsiv,arsiv,bulaşık makinesi- 60 cm,//media3.bosch-home.com/Product_Shots/600x600/MCSA006972_SGS20A29EU_def.jpg,0,https://www.bosch-home.com.tr/urun-listesi/arsiv/SGS20A29EU?breadcrumb=null,0,0,-,,-,https://www.bosch-home.com.tr/yetkili-saticilar?product=SGS20A29EU,softline-Dizayn - Beyaz,-,0,Enerji Etiketi: C - B - B,2 Programlı: güçlü 65- normal 65,tüketim- program normal 65: 19.5 l su / 1.4 kWh elektrik,1 yıkama derecesi,
SGS09T35EU,arsiv,arsiv,tam otomatik bulaşık makinesi- 60 cm »Logixx«,//media3.bosch-home.com/Product_Shots/600x600/MCSA021870_SGS09T35EU_def.jpg,0,https://www.bosch-home.com.tr/urun-listesi/arsiv/SGS09T35EU?breadcrumb=null,0,0,-,,-,https://www.bosch-home.com.tr/yetkili-saticilar?product=SGS09T35EU,solo - paslanmaz çelik,-,0,Enerji Etiketi: A - A - A,auto,zaman kısaltılması özelliği,auto3in1,
SGS09T32EU,arsiv,arsiv,tam otomatik bulaşık makinesi- 60 cm »Logixx«,//media3.bosch-home.com/Product_Shots/600x600/MCSA021875_SGS09T32EU_def.jpg,0,https://www.bosch-home.com.tr/urun-listesi/arsiv/SGS09T32EU?breadcrumb=null,0,0,-,,-,https://www.bosch-home.com.tr/yetkili-saticilar?product=SGS09T32EU,solo - beyaz,-,0,Enerji Etiketi: A - A - A,auto,zaman kısaltılması özelliği,auto3in1,
SGS09T05EU,arsiv,arsiv,Tam otomatik Bulaşık makinesi- 60 cm »Logixx 3in1«,//media3.bosch-home.com/Product_Shots/600x600/MCSA017144_SGS09T05EU_def.jpg,0,https://www.bosch-home.com.tr/urun-listesi/arsiv/SGS09T05EU?breadcrumb=null,0,0,-,,-,https://www.bosch-home.com.tr/yetkili-saticilar?product=SGS09T05EU,Softline-Design- bombeli - Paslanmaz çelik,-,0,Auto,Bardak Koruma Sistemi®,Bardak Koruma Sistemi®,Aqua Sensor II- Yük sensörü- Opto Sensor,
SGS09T02EU,arsiv,arsiv,Tam otomatik Bulaşık makinesi- 60 cm »Logixx 3in1«,//media3.bosch-home.com/Product_Shots/600x600/MCSA017135_SGS09T02EU_def.jpg,0,https://www.bosch-home.com.tr/urun-listesi/arsiv/SGS09T02EU?breadcrumb=null,0,0,-,,-,https://www.bosch-home.com.tr/yetkili-saticilar?product=SGS09T02EU,Softline-Design- bombeli - Beyaz,-,0,Enerji Etiketi: A - A - A,Auto,Tüketim: ab 10 l su ve 0-9 kWh elektrik,Ses: 44 dB (re 1 pW)- tezgahaltı montajda,
SGI55M25EU,arsiv,arsiv,bulaşık makinesi- 60 cm,//media3.bosch-home.com/Product_Shots/600x600/MCSA024254_SGI55M25EU_def.jpg,0,https://www.bosch-home.com.tr/urun-listesi/arsiv/SGI55M25EU?breadcrumb=null,0,0,-,,-,https://www.bosch-home.com.tr/yetkili-saticilar?product=SGI55M25EU,entegre - paslanmaz çelik,-,0,Enerji Etiketi: A - A - A,5 Programlı: yoğun 70- Auto 55-65- eko 50- hızlı yıkama 45- ön yıkama,auto3in1,tüketim- program eko 50: 14 l su / 1.05 kWh elektrik,
SGI55M05EU,arsiv,arsiv,Bulaşık Makinesi- 60 cm,//media3.bosch-home.com/Product_Shots/600x600/MCSA017252_SGI55M05EU_def.jpg,0,https://www.bosch-home.com.tr/urun-listesi/arsiv/SGI55M05EU?breadcrumb=null,0,0,-,,-,https://www.bosch-home.com.tr/yetkili-saticilar?product=SGI55M05EU,entegre edilebilir - Paslanmaz Çelik,-,0,Enerji Etiketi: A - A - A,5 Programlı: Yogun 70- Auto 55 - 65- Eko 50- Hizli 45- Ön yikama,Tüketim- program Eko 50: 14 l su / 1.05 kWh elektrik,Ses: 49 dB (re 1 pW),
SGI53E02EU,arsiv,arsiv,Bulaşık Makinesi- 60 cm,//media3.bosch-home.com/Product_Shots/600x600/MCSA016559_SGI53E02EU_def.jpg,0,https://www.bosch-home.com.tr/urun-listesi/arsiv/SGI53E02EU?breadcrumb=null,0,0,-,,-,https://www.bosch-home.com.tr/yetkili-saticilar?product=SGI53E02EU,Ankastre - nicht vorhanden,-,0,Enerji Etiketi: A - A - A,5 Programlı: Yogun 70- Normal 65- Eko 50- Hizli 35- Ön yikama 0,Tüketim- program Eko 50: 14 l su / 1.05 kWh elektrik,Ses: 52 dB (re 1 pW),
SGI33E15EU,arsiv,arsiv,bulaşık makinesi- 60 cm,//media3.bosch-home.com/Product_Shots/600x600/MCSA023402_SGI33E15EU_def.jpg,0,https://www.bosch-home.com.tr/urun-listesi/arsiv/SGI33E15EU?breadcrumb=null,0,0,-,,-,https://www.bosch-home.com.tr/yetkili-saticilar?product=SGI33E15EU,Entegre edilebilir - paslanmaz çelik,-,0,Enerji Etiketi: A - A - B,3 Program: normal 65- eko 50- ön yıkama,tüketim- program eko 50: 14 l su / 1.05 kWh elektrik,2 ayrı yıkama sıcaklık derecesi,
SGI3005,arsiv,arsiv,Bulaşık Makinesi,//media3.bosch-home.com/Product_Shots/600x600/MCSA008755_SGI3005_def.jpg,0,https://www.bosch-home.com.tr/urun-listesi/arsiv/SGI3005?breadcrumb=null,0,0,-,,-,https://www.bosch-home.com.tr/yetkili-saticilar?product=SGI3005,Entegre edilebilir - paslanmaz çelik,-,0,Enerji Etiketi: C - B - C,3 Programlı: güçlü 65- normal 65- eko 65,tüketim- program normal 65: 20 l su / 1.44 kWh elektrik,1 yıkama derecesi,
SGI09T15EU,arsiv,arsiv,tam otomatik bulaşık makinesi- 60 cm,//media3.bosch-home.com/Product_Shots/600x600/MCSA023376_SGI09T15EU_def.jpg,0,https://www.bosch-home.com.tr/urun-listesi/arsiv/SGI09T15EU?breadcrumb=null,0,0,-,,-,https://www.bosch-home.com.tr/yetkili-saticilar?product=SGI09T15EU,entegre - paslanmaz çelik,-,0,Enerji Etiketi: A - A - A,zaman kısaltılması özelliği,auto3in1,tüketim: ab 10 l su ve 0-9 kWh elektrik,
RDW1470,arsiv,arsiv,RDW1470 Su sebili,//media3.bosch-home.com/Product_Shots/600x600/MCSA00649791_RDW1470_def.jpg,0,https://www.bosch-home.com.tr/urun-listesi/arsiv/RDW1470?breadcrumb=null,0,0,Su sebili - Soğutma bölümü altta,,-,https://www.bosch-home.com.tr/yetkili-saticilar?product=RDW1470,-,-,0,Sıcak ve soğuk su seçeneği: Bitki çayı- kahve v.b ihtiyacınız için sıcak su kullanımı- serinlemek için soğuk su kullanımı.,Büyük ve kullanışlı soğutucu bölümü,Çıkarılabilir su toplama haznesi,Sıcak konumda iken çocuk emniyet sistemi,Bardak koyma aparatı
RDW1370,arsiv,arsiv,RDW1370 Su sebili,//media3.bosch-home.com/Product_Shots/600x600/MCSA045745_RDW1370_def.jpg,0,https://www.bosch-home.com.tr/urun-listesi/arsiv/RDW1370?breadcrumb=null,0,0,-,,-,https://www.bosch-home.com.tr/yetkili-saticilar?product=RDW1370,-,-,0,Sıcak- soğuk ve ortam sıcaklığında direkt su alma imkanı,Çıkarılabilir su toplama haznesi,Sıcak konumda iken çocuk emniyet sistemi,Bardak koyma aparatı,
RDW1270,arsiv,arsiv,RDW1270 Su sebili,//media3.bosch-home.com/Product_Shots/600x600/MCSA045744_RDW1270_def.jpg,0,https://www.bosch-home.com.tr/urun-listesi/arsiv/RDW1270?breadcrumb=null,0,0,-,,-,https://www.bosch-home.com.tr/yetkili-saticilar?product=RDW1270,-,-,0,Çıkarılabilir su toplama haznesi,Sıcak konumda iken çocuk emniyet sistemi,Bardak koyma aparatı,,
RDT2216,arsiv,arsiv,HydroPower Minimaxx Compact II seri Şofben,//media3.bosch-home.com/Product_Shots/600x600/MCSA034711_RDT2216_def.jpg,0,https://www.bosch-home.com.tr/urun-listesi/arsiv/RDT2216?breadcrumb=null,0,0,-,,-,https://www.bosch-home.com.tr/yetkili-saticilar?product=RDT2216,-,-,0,Su jeneratör sistemli şofben,Oransal güç ayarı : ne kadar su- o kadar gaz prensibine göre otomatik ayar.,Elektronik ateşleme-Hidrodinamik jeneratör- yani suyla ateşleme sistemi,Aşırı sıcaklık emniyeti,
RDH2110,arsiv,arsiv,Lavabo üstü cihaz,//media3.bosch-home.com/Product_Shots/600x600/MCSA031230_RDH2110_def.jpg,0,https://www.bosch-home.com.tr/urun-listesi/arsiv/RDH2110?breadcrumb=null,0,0,-,,-,https://www.bosch-home.com.tr/yetkili-saticilar?product=RDH2110,-,-,0,Montajı kolaylaştıran arka duvar plakası,25 mm' lik derinliği ayarlanabilir merkezi bağlantı vidası ile duvara montaj,Alttan ve üstten elektrik kablo girişi yapılabilir,Birbirine kaynaklanmış su borusuyla Borulu isitici dan oluşan özel rezistans,
RDH0721TR,arsiv,arsiv,RDH0721TR ANİ SU ISITICISI,//media3.bosch-home.com/Product_Shots/600x600/MCSA024615_RDH0721TR_def.jpg,0,https://www.bosch-home.com.tr/urun-listesi/arsiv/RDH0721TR?breadcrumb=null,0,0,-,,-,https://www.bosch-home.com.tr/yetkili-saticilar?product=RDH0721TR,-,-,0,Yeni yuvarlak dizayn,2 düğmeli basit kullanım,Cihaz üzerinden kademesiz su debi ayarı,Soğuk- orta ve maksimum olmak üzere güç ayarı,
RDG8012TR,arsiv,arsiv,Elektrikli termosifon,//media3.bosch-home.com/Product_Shots/600x600/MCSA032522_RDG8012TR_def.jpg,0,https://www.bosch-home.com.tr/urun-listesi/arsiv/RDG8012TR?breadcrumb=null,0,0,Duvara monte edilen elektrikli termosifon,,-,https://www.bosch-home.com.tr/yetkili-saticilar?product=RDG8012TR,-,-,0,e konumunda enerji tasarrufu,Magnezyum anot ile korozyona karşı koruma,Kolay montaj,,
RDG6512TR,arsiv,arsiv,Elektrikli termosifon,//media3.bosch-home.com/Product_Shots/600x600/MCSA032521_RDG6512TR_def.jpg,0,https://www.bosch-home.com.tr/urun-listesi/arsiv/RDG6512TR?breadcrumb=null,0,0,Duvara monte edilen elektrikli termosifon,,-,https://www.bosch-home.com.tr/yetkili-saticilar?product=RDG6512TR,-,-,0,e konumunda enerji tasarrufu,Magnezyum anot ile korozyona karşı koruma,Kolay montaj,,
RDG5512TR,arsiv,arsiv,Elektrikli termosifon,//media3.bosch-home.com/Product_Shots/600x600/MCSA049141_RDG5512TR_def.jpg,0,https://www.bosch-home.com.tr/urun-listesi/arsiv/RDG5512TR?breadcrumb=null,0,0,Duvara monte edilen elektrikli termosifon,,-,https://www.bosch-home.com.tr/yetkili-saticilar?product=RDG5512TR,-,-,0,e konumunda enerji tasarrufu,Magnezyum anot ile korozyona karşı koruma,Kolay montaj,,
RDE182141M,termosifonlar ve ani su isiticilari,klimalar ve ev konforu,Devamlı ısıtıcı,//media3.bosch-home.com/Product_Shots/600x600/MCSA01636510_G2093_RDE1821416_1084301_def.jpg,0,https://www.bosch-home.com.tr/urun-listesi/klimalar-ve-ev-konforu/termosifonlar-ve-ani-su-isiticilari/RDE182141M?breadcrumb=null,0,0,"Verimli çalışma ve konfor için elektronik kontrol edilen ""electronic plus"" modeli",,-,https://www.bosch-home.com.tr/yetkili-saticilar?product=RDE182141M,-,-,1505167200,Tezgah üstü- basınca dayanıklı- iki farklı güç seçeneği: 18/21 kW- 400 V.,Duş kullanımında hidrolik modele göre %30 su ve enerjiden tasarrufu,30°C 'den 60°C'ye kadar kademesiz su ısı ayarı,Hızlı ve basit CLICKFIX montaj tekniği,Solar sistemine uyumlu. Önceden ısınmış suyu 55 ºC'ye kadar ısıtabilir.
RDE1821416,arsiv,arsiv,Devamlı ısıtıcı,//media3.bosch-home.com/Product_Shots/600x600/MCSA01636510_G2093_RDE1821416_1084301_def.jpg,0,https://www.bosch-home.com.tr/urun-listesi/arsiv/RDE1821416?breadcrumb=null,0,0,"Verimli çalışma ve konfor için elektronik kontrol edilen ""electronic plus"" modeli",,-,https://www.bosch-home.com.tr/yetkili-saticilar?product=RDE1821416,-,-,1466114400,Tezgah üstü- basınca dayanıklı- iki farklı güç seçeneği: 18/21 kW- 400 V.,Duş kullanımında hidrolik modele göre %30 su ve enerjiden tasarrufu,30°C 'den 60°C'ye kadar kademesiz su ısı ayarı,Hızlı ve basit CLICKFIX montaj tekniği,Solar sistemine uyumlu. Önceden ısınmış suyu 55 ºC'ye kadar ısıtabilir.
RDE1821415,arsiv,arsiv,Lavabo üstü cihaz,//media3.bosch-home.com/Product_Shots/600x600/MCSA00507122_D5976_RDE1821415_120900_def.jpg,0,https://www.bosch-home.com.tr/urun-listesi/arsiv/RDE1821415?breadcrumb=null,0,0,-,,-,https://www.bosch-home.com.tr/yetkili-saticilar?product=RDE1821415,2 entegre güç kademeli,-,0,-,,,,
PRY626B70E,arsiv,arsiv,60 cm Kendinden kumandalı- gazlı ankastre ocak-,//media3.bosch-home.com/Product_Shots/600x600/MCSA035625_PRY626B90E_def.jpg,0,https://www.bosch-home.com.tr/urun-listesi/arsiv/PRY626B70E?breadcrumb=null,0,0,Cam seramik gazlı ocak: çok ince bir tasarım ve yüksek ısı dayanımı sunar,,-,https://www.bosch-home.com.tr/yetkili-saticilar?product=PRY626B70E,-,Serie | 8,0,Bulaşık makinesinde yıkanabilien ocak ızgaraları,Tek parça döküm ocak ızgarası: yüksek stabilite ve sağlamlık için,Özel tasarım ocak gözü: klasik ocak gözüne göre daha düz tasarım,,
PRP626B70E,arsiv,arsiv,60 cm Kendinden kumandalı- gazlı ankastre ocak-,//media3.bosch-home.com/Product_Shots/600x600/MCSA035627_PRP626B90E_def.jpg,0,https://www.bosch-home.com.tr/urun-listesi/arsiv/PRP626B70E?breadcrumb=null,0,0,Cam seramik gazlı ocak: çok ince bir tasarım ve yüksek ısı dayanımı sunar,,-,https://www.bosch-home.com.tr/yetkili-saticilar?product=PRP626B70E,-,Serie | 8,0,Bulaşık makinesinde yıkanabilien ocak ızgaraları,Tek parça döküm ocak ızgarası: yüksek stabilite ve sağlamlık için,Özel tasarım ocak gözü: klasik ocak gözüne göre daha düz tasarım,,
PRB326B70E,arsiv,arsiv,30 cm Kendinden kumandalı- gazlı ankastre ocak-,//media3.bosch-home.com/Product_Shots/600x600/MCSA035616_PRB326B90E_def.jpg,0,https://www.bosch-home.com.tr/urun-listesi/arsiv/PRB326B70E?breadcrumb=null,0,0,Domino gazlı ocak: bir profesyonel gibi pişirin,,-,https://www.bosch-home.com.tr/yetkili-saticilar?product=PRB326B70E,-,Serie | 8,0,30 cm genişlik: diğer domino ocaklar ve ComfortProfile ocaklar ile kombine edilebilir,Cam seramik yüzey: yükesk ısı dayanımı ve kolay temizlik,Dökme demir ocak ızgaraları: yüksek güvenilirlik için,Bulaşık makinesinde yıkanabilien ocak ızgaraları,
PRA326B70E,arsiv,arsiv,30 cm Kendinden kumandalı- gazlı ankastre ocak-,//media3.bosch-home.com/Product_Shots/600x600/MCSA035606_PRA326B90E_def.jpg,0,https://www.bosch-home.com.tr/urun-listesi/arsiv/PRA326B70E?breadcrumb=null,0,0,Domino için gazlı wok ocak gözü: kuvvetli alevde profesyonel bir pişirme deneyimi,,-,https://www.bosch-home.com.tr/yetkili-saticilar?product=PRA326B70E,-,Serie | 8,0,30 cm genişlik: diğer domino ocaklar ve ComfortProfile ocaklar ile kombine edilebilir,Cam seramik yüzey: yükesk ısı dayanımı ve kolay temizlik,Dökme demir ocak ızgaraları: yüksek güvenilirlik için,Dual wok ocak gözü: 6.0 kW'a kadar güçlü pişirme için çift alev sistemi,Bulaşık makinesinde yıkanabilien ocak ızgaraları
PPW6420,arsiv,arsiv,PPW6420,//media3.bosch-home.com/Product_Shots/600x600/MCSA022883_PPW6420_def.jpg,0,https://www.bosch-home.com.tr/urun-listesi/arsiv/PPW6420?breadcrumb=null,0,0,-,,-,https://www.bosch-home.com.tr/yetkili-saticilar?product=PPW6420,elektronik Banyo tartısı axxence swing professional,-,0,maksimum ağırlık kapasitesi: 150 kg,Hassasiyet: 100 Gram,Platform ölçüleri: 34 cm x 34 cm,Cam platform,
PPW3000,arsiv,arsiv,PPW3000,//media3.bosch-home.com/Product_Shots/600x600/MCSA024206_PPW3000_def.jpg,0,https://www.bosch-home.com.tr/urun-listesi/arsiv/PPW3000?breadcrumb=null,0,0,-,,-,https://www.bosch-home.com.tr/yetkili-saticilar?product=PPW3000,elektronik Banyo tartısı axxence basic,-,0,maksimum ağırlık kapasitesi: 150 kg,Hassasiyet: 100 Gram,Ekstra büyük gösterge,38 mm dijital rakam yüksekliği,
PPW2250,arsiv,arsiv,PPW2250,//media3.bosch-home.com/Product_Shots/600x600/MCSA034132_PPW2250_def.jpg,0,https://www.bosch-home.com.tr/urun-listesi/arsiv/PPW2250?breadcrumb=null,0,0,Yağ- su- kemik ve kas ölçümü. Fit olmaya önem verenler için...,,-,https://www.bosch-home.com.tr/yetkili-saticilar?product=PPW2250,elektronik Banyo tartısı axxence classic sportlife,-,0,su ölçümü: %0-1 hassasiyetinde,yağ ölçümü:%0-1 hassasiyetinde,kemik ölçümü,kas ölçümü,
PPS916B91E,arsiv,arsiv,90 cm Kendinden kumandalı- gazlı ankastre ocak-,//media3.bosch-home.com/Product_Shots/600x600/MCSA00511562_122967_PPS916B91E_def.jpg,0,https://www.bosch-home.com.tr/urun-listesi/arsiv/PPS916B91E?breadcrumb=null,0,0,Temper cam gazlı ocak: Mükemmel tasarım sayesinde kolay temizlik,,-,https://www.bosch-home.com.tr/yetkili-saticilar?product=PPS916B91E,-,Serie | 6,0,Wok ocak gözü: 4.0 kW'a kadar güçlü pişirme,Yüzey rengi: Siyah temper cam,Tek parça döküm ocak ızgarası: yüksek stabilite ve sağlamlık için,,
PPS816M91E,arsiv,arsiv,75 cm Kendinden kumandalı- gazlı ankastre ocak-,//media3.bosch-home.com/Product_Shots/600x600/MCSA050158_PPS816M91E_def.jpg,0,https://www.bosch-home.com.tr/urun-listesi/arsiv/PPS816M91E?breadcrumb=null,0,0,Temper cam gazlı ocak: Mükemmel tasarım sayesinde kolay temizlik,,-,https://www.bosch-home.com.tr/yetkili-saticilar?product=PPS816M91E,-,Serie | 6,0,Wok ocak gözü: 4.0 kW'a kadar güçlü pişirme,Ana düğme: tek dokunuşla tüm ocak gözleri tek düğmeden kapanır,Yüzey rengi: Siyah temper cam,Tek parça döküm ocak ızgarası: yüksek stabilite ve sağlamlık için,
PPQ718B91E,arsiv,arsiv,70 cm Kendinden kumandalı- gazlı ankastre ocak-,//media3.bosch-home.com/Product_Shots/600x600/MCSA050329_PPQ718B91E_def.jpg,0,https://www.bosch-home.com.tr/urun-listesi/arsiv/PPQ718B91E?breadcrumb=null,0,0,Temper cam gazlı ocak: Mükemmel tasarım sayesinde kolay temizlik,,-,https://www.bosch-home.com.tr/yetkili-saticilar?product=PPQ718B91E,-,Serie | 6,0,Wok ocak gözü: 4.0 kW'a kadar güçlü pişirme,Yüzey rengi: Kuvars temper cam,Tek parça döküm ocak ızgarası: yüksek stabilite ve sağlamlık için,,
PPQ716B21E,arsiv,arsiv,70 cm Kendinden kumandalı- gazlı ankastre ocak-,//media3.bosch-home.com/Product_Shots/600x600/MCSA050151_PPQ716B21E_def.jpg,0,https://www.bosch-home.com.tr/urun-listesi/arsiv/PPQ716B21E?breadcrumb=null,0,0,Temper cam gazlı ocak: Mükemmel tasarım sayesinde kolay temizlik,,-,https://www.bosch-home.com.tr/yetkili-saticilar?product=PPQ716B21E,-,Serie | 6,0,Wok ocak gözü: 4.0 kW'a kadar güçlü pişirme,Yüzey rengi: Siyah temper cam,Tekli döküm ocak ızgaraları: kolay kullanım ve kolay temizlik,,
PPQ716B11E,arsiv,arsiv,70 cm Kendinden kumandalı- gazlı ankastre ocak-,//media3.bosch-home.com/Product_Shots/600x600/MCSA050152_PPQ716B11E_def.jpg,0,https://www.bosch-home.com.tr/urun-listesi/arsiv/PPQ716B11E?breadcrumb=null,0,0,Temper cam gazlı ocak: Mükemmel tasarım sayesinde kolay temizlik,,-,https://www.bosch-home.com.tr/yetkili-saticilar?product=PPQ716B11E,-,Serie | 6,0,Wok ocak gözü: 4.0 kW'a kadar güçlü pişirme,Yüzey rengi: Siyah temper cam,Tekli çelik ocak ızgarası: kolay kullanım ve kolay temizlik,,
PPP619B21E,arsiv,arsiv,60 cm Kendinden kumandalı- gazlı ankastre ocak-,//media3.bosch-home.com/Product_Shots/600x600/MCSA050150_PPP619B21E_def.jpg,0,https://www.bosch-home.com.tr/urun-listesi/arsiv/PPP619B21E?breadcrumb=null,0,0,Temper cam gazlı ocak: Mükemmel tasarım sayesinde kolay temizlik,,-,https://www.bosch-home.com.tr/yetkili-saticilar?product=PPP619B21E,-,Serie | 6,0,Yüzey rengi: Antrasit temper cam,Tekli döküm ocak ızgaraları: kolay kullanım ve kolay temizlik,,,
PPP616B81E,arsiv,arsiv,60 cm Kendinden kumandalı- gazlı ankastre ocak-,//media3.bosch-home.com/Product_Shots/600x600/MCSA050146_PPP616B81E_def.jpg,0,https://www.bosch-home.com.tr/urun-listesi/arsiv/PPP616B81E?breadcrumb=null,0,0,Temper cam gazlı ocak: Mükemmel tasarım sayesinde kolay temizlik,,-,https://www.bosch-home.com.tr/yetkili-saticilar?product=PPP616B81E,-,Serie | 6,0,Yüzey rengi: Siyah temper cam,Çelik ocak ızgarası: yüksek stabilite ve sağlamlık için,,,
PPP616B80L,arsiv,arsiv,60 cm Kendinden kumandalı- gazlı ankastre ocak-,//media3.bosch-home.com/Product_Shots/600x600/MCSA050146_PPP616B81E_def.jpg,0,https://www.bosch-home.com.tr/urun-listesi/arsiv/PPP616B80L?breadcrumb=null,0,0,Temper cam gazlı ocak: Mükemmel tasarım sayesinde kolay temizlik,,-,https://www.bosch-home.com.tr/yetkili-saticilar?product=PPP616B80L,-,Serie | 6,0,Yüzey rengi: Siyah temper cam,Çelik ocak ızgarası: yüksek stabilite ve sağlamlık için,,,
PPP612B21O,arsiv,arsiv,60 cm Kendinden kumandalı- gazlı ankastre ocak-,//media3.bosch-home.com/Product_Shots/600x600/MCSA00437575_63201_PPP612B21O_def.jpg,0,https://www.bosch-home.com.tr/urun-listesi/arsiv/PPP612B21O?breadcrumb=null,0,0,Temper cam gazlı ocak: Mükemmel tasarım sayesinde kolay temizlik,,-,https://www.bosch-home.com.tr/yetkili-saticilar?product=PPP612B21O,-,Serie | 6,0,Yüzey rengi: Beyaz temper cam,Tekli döküm ocak ızgaraları: kolay kullanım ve kolay temizlik,,,
PPP612B21E,arsiv,arsiv,60 cm Kendinden kumandalı- gazlı ankastre ocak-,//media3.bosch-home.com/Product_Shots/600x600/MCSA050136_PPP612B21E_def.jpg,0,https://www.bosch-home.com.tr/urun-listesi/arsiv/PPP612B21E?breadcrumb=null,0,0,-,,-,https://www.bosch-home.com.tr/yetkili-saticilar?product=PPP612B21E,-,Serie | 6,0,4 gözü gazlı ocak,1 kuvvetli- 2 normal- 1 ekonomik ocak gözü,Sağ ön: Normal ocak gözü 1.7 kW,Sol arka: normal ocak gözü 1.7 kW,
PPH616B21E,arsiv,arsiv,60 cm Kendinden kumandalı- gazlı ankastre ocak-,//media3.bosch-home.com/Product_Shots/600x600/MCSA050122_PPH616B21E_def.jpg,0,https://www.bosch-home.com.tr/urun-listesi/arsiv/PPH616B21E?breadcrumb=null,0,0,Temper cam gazlı ocak: Mükemmel tasarım sayesinde kolay temizlik,,-,https://www.bosch-home.com.tr/yetkili-saticilar?product=PPH616B21E,-,Serie | 6,0,Wok ocak gözü: 3.3 kW'a kadar güçlü pişirme.,Yüzey rengi: Siyah temper cam,Tekli döküm ocak ızgaraları: kolay kullanım ve kolay temizlik,,
POY616B10E,arsiv,arsiv,60 cm Kendinden kumandalı- gazlı ankastre ocak-,//media3.bosch-home.com/Product_Shots/600x600/MCSA049490_POY616B10E_def.jpg,0,https://www.bosch-home.com.tr/urun-listesi/arsiv/POY616B10E?breadcrumb=null,0,0,Yandan kontrollü gazlı ocak: İstenilen ocak gözü yan tarafta bulunan düğmelerden kolaylıkla kontrol edilebilir.,,-,https://www.bosch-home.com.tr/yetkili-saticilar?product=POY616B10E,-,Serie | 2,0,Yüzey rengi: Siyah temper cam,Tekli çelik ocak ızgarası: kolay kullanım ve kolay temizlik,,,
POP6C6B80O,arsiv,arsiv,60 cm Kendinden kumandalı- gazlı ankastre ocak-,//media3.bosch-home.com/Product_Shots/600x600/MCSA00958878_586372_POP6C6B80O_def.jpg,0,https://www.bosch-home.com.tr/urun-listesi/arsiv/POP6C6B80O?breadcrumb=null,0,0,Yandan kontrollü gazlı ocak: İstenilen ocak gözü yan tarafta bulunan düğmelerden kolaylıkla kontrol edilebilir.,,-,https://www.bosch-home.com.tr/yetkili-saticilar?product=POP6C6B80O,-,Serie | 2,0,Yüzey rengi: Siyah temper cam,Çelik ocak ızgarası: yüksek stabilite ve sağlamlık için,,,
POP6C6B80L,arsiv,arsiv,60 cm Kendinden kumandalı- gazlı ankastre ocak-,//media3.bosch-home.com/Product_Shots/600x600/MCSA00958878_586372_POP6C6B80O_def.jpg,0,https://www.bosch-home.com.tr/urun-listesi/arsiv/POP6C6B80L?breadcrumb=null,0,0,Yandan kontrollü gazlı ocak: İstenilen ocak gözü yan tarafta bulunan düğmelerden kolaylıkla kontrol edilebilir.,,-,https://www.bosch-home.com.tr/yetkili-saticilar?product=POP6C6B80L,-,Serie | 2,0,Yüzey rengi: Siyah temper cam,Çelik ocak ızgarası: yüksek stabilite ve sağlamlık için,,,
POP6C6B10O,arsiv,arsiv,60 cm Kendinden kumandalı- gazlı ankastre ocak-,//media3.bosch-home.com/Product_Shots/600x600/MCSA00958879_586373_POP6C6B10L_def.jpg,0,https://www.bosch-home.com.tr/urun-listesi/arsiv/POP6C6B10O?breadcrumb=null,0,0,Yandan kontrollü gazlı ocak: İstenilen ocak gözü yan tarafta bulunan düğmelerden kolaylıkla kontrol edilebilir.,,-,https://www.bosch-home.com.tr/yetkili-saticilar?product=POP6C6B10O,-,Serie | 2,0,Yüzey rengi: Siyah temper cam,Tekli çelik ocak ızgarası: kolay kullanım ve kolay temizlik,,,
POP6C6B10L,arsiv,arsiv,60 cm Kendinden kumandalı- gazlı ankastre ocak-,//media3.bosch-home.com/Product_Shots/600x600/MCSA00958879_586373_POP6C6B10L_def.jpg,0,https://www.bosch-home.com.tr/urun-listesi/arsiv/POP6C6B10L?breadcrumb=null,0,0,Yandan kontrollü gazlı ocak: İstenilen ocak gözü yan tarafta bulunan düğmelerden kolaylıkla kontrol edilebilir.,,-,https://www.bosch-home.com.tr/yetkili-saticilar?product=POP6C6B10L,-,Serie | 2,0,Yüzey rengi: Siyah temper cam,Tekli çelik ocak ızgarası: kolay kullanım ve kolay temizlik,,,
POP6C2B10O,arsiv,arsiv,60 cm Kendinden kumandalı- gazlı ankastre ocak-,//media3.bosch-home.com/Product_Shots/600x600/MCSA00959223_586680_POP6C2B10L_def.jpg,0,https://www.bosch-home.com.tr/urun-listesi/arsiv/POP6C2B10O?breadcrumb=null,0,0,Yandan kontrollü gazlı ocak: İstenilen ocak gözü yan tarafta bulunan düğmelerden kolaylıkla kontrol edilebilir.,,-,https://www.bosch-home.com.tr/yetkili-saticilar?product=POP6C2B10O,-,Serie | 2,0,Yüzey rengi: Beyaz temper cam,Tekli çelik ocak ızgarası: kolay kullanım ve kolay temizlik,,,
POP6C2B10L,arsiv,arsiv,60 cm Kendinden kumandalı- gazlı ankastre ocak-,//media3.bosch-home.com/Product_Shots/600x600/MCSA00959223_586680_POP6C2B10L_def.jpg,0,https://www.bosch-home.com.tr/urun-listesi/arsiv/POP6C2B10L?breadcrumb=null,0,0,Yandan kontrollü gazlı ocak: İstenilen ocak gözü yan tarafta bulunan düğmelerden kolaylıkla kontrol edilebilir.,,-,https://www.bosch-home.com.tr/yetkili-saticilar?product=POP6C2B10L,-,Serie | 2,0,Yüzey rengi: Beyaz temper cam,Tekli çelik ocak ızgarası: kolay kullanım ve kolay temizlik,,,
POP616B10L,arsiv,arsiv,60 cm Kendinden kumandalı- gazlı ankastre ocak-,//media3.bosch-home.com/Product_Shots/600x600/MCSA044758_POP616B10E_def.jpg,0,https://www.bosch-home.com.tr/urun-listesi/arsiv/POP616B10L?breadcrumb=null,0,0,Yandan kontrollü gazlı ocak: İstenilen ocak gözü yan tarafta bulunan düğmelerden kolaylıkla kontrol edilebilir.,,-,https://www.bosch-home.com.tr/yetkili-saticilar?product=POP616B10L,-,Serie | 2,0,Yüzey rengi: Siyah temper cam,Tekli çelik ocak ızgarası: kolay kullanım ve kolay temizlik,,,
POP616B10E,arsiv,arsiv,60 cm Kendinden kumandalı- gazlı ankastre ocak-,//media3.bosch-home.com/Product_Shots/600x600/MCSA044758_POP616B10E_def.jpg,0,https://www.bosch-home.com.tr/urun-listesi/arsiv/POP616B10E?breadcrumb=null,0,0,Yandan kontrollü gazlı ocak: İstenilen ocak gözü yan tarafta bulunan düğmelerden kolaylıkla kontrol edilebilir.,,-,https://www.bosch-home.com.tr/yetkili-saticilar?product=POP616B10E,-,Serie | 2,0,Yüzey rengi: Siyah temper cam,Tekli çelik ocak ızgarası: kolay kullanım ve kolay temizlik,,,
POH6C6B10O,arsiv,arsiv,60 cm Kendinden kumandalı- gazlı ankastre ocak-,//media3.bosch-home.com/Product_Shots/600x600/MCSA00958871_586367_POH6C6B10L_def.jpg,0,https://www.bosch-home.com.tr/urun-listesi/arsiv/POH6C6B10O?breadcrumb=null,0,0,Yandan kontrollü gazlı ocak: İstenilen ocak gözü yan tarafta bulunan düğmelerden kolaylıkla kontrol edilebilir.,,-,https://www.bosch-home.com.tr/yetkili-saticilar?product=POH6C6B10O,-,Serie | 2,0,Wok ocak gözü: 3.3 kW'a kadar güçlü pişirme.,Yüzey rengi: Siyah temper cam,Tekli çelik ocak ızgarası: kolay kullanım ve kolay temizlik,,
POH6C6B10L,arsiv,arsiv,60 cm Kendinden kumandalı- gazlı ankastre ocak-,//media3.bosch-home.com/Product_Shots/600x600/MCSA00958871_586367_POH6C6B10L_def.jpg,0,https://www.bosch-home.com.tr/urun-listesi/arsiv/POH6C6B10L?breadcrumb=null,0,0,Yandan kontrollü gazlı ocak: İstenilen ocak gözü yan tarafta bulunan düğmelerden kolaylıkla kontrol edilebilir.,,-,https://www.bosch-home.com.tr/yetkili-saticilar?product=POH6C6B10L,-,Serie | 2,0,Wok ocak gözü: 3.3 kW'a kadar güçlü pişirme.,Yüzey rengi: Siyah temper cam,Tekli çelik ocak ızgarası: kolay kullanım ve kolay temizlik,,
POH616B10L,arsiv,arsiv,60 cm Kendinden kumandalı- gazlı ankastre ocak-,//media3.bosch-home.com/Product_Shots/600x600/MCSA044757_POH616B10E_def.jpg,0,https://www.bosch-home.com.tr/urun-listesi/arsiv/POH616B10L?breadcrumb=null,0,0,Yandan kontrollü gazlı ocak: İstenilen ocak gözü yan tarafta bulunan düğmelerden kolaylıkla kontrol edilebilir.,,-,https://www.bosch-home.com.tr/yetkili-saticilar?product=POH616B10L,-,Serie | 2,0,Wok ocak gözü: 3.3 kW'a kadar güçlü pişirme.,Yüzey rengi: Siyah temper cam,Tekli çelik ocak ızgarası: kolay kullanım ve kolay temizlik,,
POH616B10E,arsiv,arsiv,60 cm Kendinden kumandalı- gazlı ankastre ocak-,//media3.bosch-home.com/Product_Shots/600x600/MCSA044757_POH616B10E_def.jpg,0,https://www.bosch-home.com.tr/urun-listesi/arsiv/POH616B10E?breadcrumb=null,0,0,Yandan kontrollü gazlı ocak: İstenilen ocak gözü yan tarafta bulunan düğmelerden kolaylıkla kontrol edilebilir.,,-,https://www.bosch-home.com.tr/yetkili-saticilar?product=POH616B10E,-,Serie | 2,0,Wok ocak gözü: 3.3 kW'a kadar güçlü pişirme.,Yüzey rengi: Siyah temper cam,Tekli çelik ocak ızgarası: kolay kullanım ve kolay temizlik,,
PNP6B6B80O,gazli ocaklar,pisirme grubu,PNP6B6B80O,//media3.bosch-home.com/Product_Shots/600x600/MCSA01704373_PNP6B6B80O_def.jpg,0,https://www.bosch-home.com.tr/urun-listesi/pisirme-grubu/ocaklar/gazli-ocaklar/PNP6B6B80O?breadcrumb=null,0,0,Önden kontrollü gazlı ocak: kullanılmak istenilen ocak gözü önden düğmelerle kontrol edilebilir.,,-,https://www.bosch-home.com.tr/yetkili-saticilar?product=PNP6B6B80O,-,Serie | 4,1552431600,İkili çelik ızgara: maksimum denge.,Yüzey rengi: şık siyah sert cam dizayn.,,,
PMD685DEU,arsiv,arsiv,PMD685DEU Paslanmaz çelik,//media3.bosch-home.com/Product_Shots/600x600/MCSA002329_PMD685DEU_def.jpg,0,https://www.bosch-home.com.tr/urun-listesi/arsiv/PMD685DEU?breadcrumb=null,0,0,-,,-,https://www.bosch-home.com.tr/yetkili-saticilar?product=PMD685DEU,-,-,0,3 gözü gazlı (1 güçlü- 1 normal- 1 ekonomik) ve 1 elektrilli ocak gözü Ankastre ocak,Düğmeden otomatik ateşleme,Gaz emniyet sistemi,Çelik ocak ızgarası,
PKU375V14E,arsiv,arsiv,Lava taşlı ızgara,//media3.bosch-home.com/Product_Shots/600x600/MCSA037881_PKU375V14E_def.jpg,0,https://www.bosch-home.com.tr/urun-listesi/arsiv/PKU375V14E?breadcrumb=null,0,0,Lava taşlı Domino ızgara: Lava taşlarının ısısıyla mükemmel ızgara keyfi,,-,https://www.bosch-home.com.tr/yetkili-saticilar?product=PKU375V14E,-,Serie | 2,0,30 cm genişlik: diğer domino ocaklar ve ComfortProfile ocaklar ile kombine edilebilir,Cam seramik kapak: kolay temizlenebilen zarif ocak kapağı,Lava ızgara fonksiyonu: lava taşlarıyla sulu veya susuz ızgara imkanı,,
PKU375C01,arsiv,arsiv,BrandLookup.ItemNotFound-Lava taşlı ızgara Domino,//media3.bosch-home.com/Product_Shots/600x600/MCSA012689_PKU375C01_def.jpg,0,https://www.bosch-home.com.tr/urun-listesi/arsiv/PKU375C01?breadcrumb=null,0,0,-,,-,https://www.bosch-home.com.tr/yetkili-saticilar?product=PKU375C01,-,-,0,1 dökme demirden ızgara yüzeyi,İkaz lambası,yağ tahliye musluğu,Ön profil,
PKG775N14E,arsiv,arsiv,Cam seramik ocak,//media3.bosch-home.com/Product_Shots/600x600/MCSA037670_PKG775N14A_def.jpg,0,https://www.bosch-home.com.tr/urun-listesi/arsiv/PKG775N14E?breadcrumb=null,0,0,Cam seramik elektrikli ocak: pişirmeyi ve temizlemeyi kolaylaştırır,,-,https://www.bosch-home.com.tr/yetkili-saticilar?product=PKG775N14E,-,Serie | 8,0,18 ve 21 cm pişirme alanı: genişleyebilen pişirme alanı,Kapatma fonksiyonuna sahip zamanlayıcı: ocağın belirlenen süre sonunda kapanmasını sağlar,ÇocukKilidi: kontrol panelini kilitleyerek ayarların değişmesini engeller.,,
PKF675F17E,arsiv,arsiv,Konfor profil dizayn,//media3.bosch-home.com/Product_Shots/600x600/MCSA00504843_118229_PKF675F17E_def.jpg,0,https://www.bosch-home.com.tr/urun-listesi/arsiv/PKF675F17E?breadcrumb=null,0,0,Cam seramik elektrikli ocak: pişirmeyi ve temizlemeyi kolaylaştırır,,-,https://www.bosch-home.com.tr/yetkili-saticilar?product=PKF675F17E,Cam seramik ocak,Serie | 6,0,21 cm pişirme alanı: genişleyebilen pişirme alanı,Kapatma fonksiyonuna sahip zamanlayıcı: ocağın belirlenen süre sonunda kapanmasını sağlar,ÇocukKilidi: kontrol panelini kilitleyerek ayarların değişmesini engeller.,Enerji tüketim göstergesi: son pişirme için enerji tüketim miktarını gösterir,
PKF375V14E,arsiv,arsiv,Konfor profil dizayn,//media3.bosch-home.com/Product_Shots/600x600/MCSA037893_PKF375V14E_def.jpg,0,https://www.bosch-home.com.tr/urun-listesi/arsiv/PKF375V14E?breadcrumb=null,0,0,Elektrikli domino ocak: pişirmeyi ve temizliği kolaylaştırır,,-,https://www.bosch-home.com.tr/yetkili-saticilar?product=PKF375V14E,Cam seramik domino,Serie | 2,0,30 cm genişlik: diğer domino ocaklar ve ComfortProfile ocaklar ile kombine edilebilir,,,,
PKF375C02,arsiv,arsiv,Cam seramik domino,//media3.bosch-home.com/Product_Shots/600x600/MCSA007812_PKF375C01C_def.jpg,0,https://www.bosch-home.com.tr/urun-listesi/arsiv/PKF375C02?breadcrumb=null,0,0,-,,-,https://www.bosch-home.com.tr/yetkili-saticilar?product=PKF375C02,-,-,0,2 yıldırım hızı ile ısınan ocak gözü,1 çift halkalı ocak gözü,Düğmeden kumanda ocak gözleri,İkaz lambası,
PKE645C17E,arsiv,arsiv,Çerçeveli tasarım,//media3.bosch-home.com/Product_Shots/600x600/MCSA00454390_79500_PKE645C17E_def.jpg,0,https://www.bosch-home.com.tr/urun-listesi/arsiv/PKE645C17E?breadcrumb=null,0,0,Cam seramik elektrikli ocak: pişirmeyi ve temizlemeyi kolaylaştırır,,-,https://www.bosch-home.com.tr/yetkili-saticilar?product=PKE645C17E,Cam seramik ocak,Serie | 2,0,,,,,
PKE615V01E,arsiv,arsiv,Cam seramik ocak- 60 cm,//media3.bosch-home.com/Product_Shots/600x600/MCSA007809_PKE615V01E_def.jpg,0,https://www.bosch-home.com.tr/urun-listesi/arsiv/PKE615V01E?breadcrumb=null,0,0,-,,-,https://www.bosch-home.com.tr/yetkili-saticilar?product=PKE615V01E,-,-,0,HighSpeed Ocak gözü (4 adet),4' lü artık ısı göstergesi,HighSpeed - Dekorsuz hızlı ısınan cam seramik,Çerçeveli,
PKC875N14D,arsiv,arsiv,80 cm-,//media3.bosch-home.com/Product_Shots/600x600/MCSA037659_PKC875N14D_def.jpg,0,https://www.bosch-home.com.tr/urun-listesi/arsiv/PKC875N14D?breadcrumb=null,0,0,-,,-,https://www.bosch-home.com.tr/yetkili-saticilar?product=PKC875N14D,-,Serie | 8,0,Konfor profil dizayn,DirectSelect dijital kontrol,HighSpeed Ocak gözü (4 adet),1 oval pişirme gözü,
PKC345E,arsiv,arsiv,Cam seramik domino,//media3.bosch-home.com/Product_Shots/600x600/MCSA015715_PKC345E_def.jpg,0,https://www.bosch-home.com.tr/urun-listesi/arsiv/PKC345E?breadcrumb=null,0,0,Elektrikli domino ocak: pişirmeyi ve temizliği kolaylaştırır,,-,https://www.bosch-home.com.tr/yetkili-saticilar?product=PKC345E,-,Serie | 2,0,,,,,
PIV675N17E,arsiv,arsiv,60 cm Indüksiyon,//media3.bosch-home.com/Product_Shots/600x600/MCSA00551217_179071_PIV675N17E_def.jpg,0,https://www.bosch-home.com.tr/urun-listesi/arsiv/PIV675N17E?breadcrumb=null,0,0,FlexInduction ocak: birden fazla tencereyi ve tavayı esnek pişirme alanı üzerindeki herhangi bir alanda kullanabilirsiniz,,-,https://www.bosch-home.com.tr/yetkili-saticilar?product=PIV675N17E,-,Serie | 8,0,İndüksiyon: hızlı- hassas pişirme- kolay temizlik ve düşük enerji tüketimi.,FlexInduction: 2 pişirme alanını tek yüzeyde birleştirerek daha esnek bir pişirme sağlar,PowerBoost: %50 daha kısa sürede hızlı kaynatma,,
PIK975N24E,arsiv,arsiv,90 cm Indüksiyon,//media3.bosch-home.com/Product_Shots/600x600/MCSA038809_PIK975N24E_def.jpg,0,https://www.bosch-home.com.tr/urun-listesi/arsiv/PIK975N24E?breadcrumb=null,0,0,Frying Sensor Plus: Otomatik sıcaklık kontrolü sayesinde indüksiyonlu ocağınızda mükemmel kızartmalar yapabilirsiniz.,,-,https://www.bosch-home.com.tr/yetkili-saticilar?product=PIK975N24E,-,Serie | 8,0,İndüksiyon: hızlı- hassas pişirme- kolay temizlik ve düşük enerji tüketimi.,28 cm'lik pişirme alanı: büyük tencere ve tavalarınız için genişleyebilen pişirme alanı,PowerBoost: %50 daha kısa sürede hızlı kaynatma,,
PIE611B18E,arsiv,arsiv,60 cm Indüksiyon,//media3.bosch-home.com/Product_Shots/600x600/MCSA00567953_202660_PIE611B17E_def.jpg,0,https://www.bosch-home.com.tr/urun-listesi/arsiv/PIE611B18E?breadcrumb=null,0,0,İndüksiyonlu ocak: az enerji ile hızlı- temiz ve güvenli pişirme,,-,https://www.bosch-home.com.tr/yetkili-saticilar?product=PIE611B18E,-,Serie | 4,0,İndüksiyon: hızlı- hassas pişirme- kolay temizlik ve düşük enerji tüketimi.,PowerBoost: %50 daha kısa sürede hızlı kaynatma,,,
PHS9460,arsiv,arsiv,Saç düzleştirici & Bukle Yapabilme,//media3.bosch-home.com/Product_Shots/600x600/MCSA00587641_E1493_PHS9460_225481_korr3_def.jpg,0,https://www.bosch-home.com.tr/urun-listesi/arsiv/PHS9460?breadcrumb=null,0,0,Tamamen pürüzsüz düz saçlar için tek hareketle kolayca düzleştirme,,-,https://www.bosch-home.com.tr/yetkili-saticilar?product=PHS9460,-,-,1462053600,Etkili Düzleştirme Teknolojisi: Yumuşak dokulu inovatif bantlar ve hareketli anodize plakalar sayesinde %20'ye varan daha iyi düzleştirme sonuçları*,Saç telleri bantlar sayesinde plakaların içinde tutulur. Tekrar tekrar düzleştirmeye gerek kalmaz,Sonuç: Yorulmadan tek seferde rahat ve etkili düzleştirme,Inovatif Bantlar: Saç tipine göre değiştirilebilir esnek bantlar sayesinde ince- normal ve kalın telli saçlar için etkili düzleştirme,Hassas saçları korur: Saçı plakaların içinde tutan bantlar sayesinde- yüksek sıcaklığa gerek kalmadan etkili sonuç alınır. Ayarlanan sıcaklıktan +20°C daha yüksek bir ısının performansı sağlanır.
PHS8667,arsiv,arsiv,Saç düzleştirici & Bukle Yapabilme,//media3.bosch-home.com/Product_Shots/600x600/MCSA050363_PHS8667_def.jpg,0,https://www.bosch-home.com.tr/urun-listesi/arsiv/PHS8667?breadcrumb=null,0,0,Fazla baskı yapıldığında saçta oluşabilecek hasarı önleyen sensör teknolojisi,,-,https://www.bosch-home.com.tr/yetkili-saticilar?product=PHS8667,-,-,1462053600,Saçı koruyan ve fazla baskı yapıldığında titreşimle haber veren sensör sayesinde en etkili saç koruma sağlanır,Devamlı iyonizasyon ile sağlanan anti-statik etki sayesinde daha kolay taranan- daha parlak saçlar,Çizilmelere ve saç ürünlerinin etkisine karşı ekstra dayanıklı anodize plakalar,Yuvarlatılmış kenarları sayesinde bukle de yapabilen plakalar,Hızlı ısınma süresi: 25 saniye
PHS5987,arsiv,arsiv,Saç düzleştirici & Bukle Yapabilme,//media3.bosch-home.com/Product_Shots/600x600/MCSA00513303_E1491_PHS5987_125240_korr2_def.jpg,0,https://www.bosch-home.com.tr/urun-listesi/arsiv/PHS5987?breadcrumb=null,0,0,Dipten uca parlaklık. Koruyucu keratin formulü ile ekstra hassas şekillendirme,,-,https://www.bosch-home.com.tr/yetkili-saticilar?product=PHS5987,-,-,1420066800,Keratin Advance Teknolojisi: Saçın içerisindeki keratini ve sağlıklı saç hücrelerini koruyabilmek için bilimsel olarak önerilen ideal sıcaklığı sağlar.,Color&Care Formül: Renk koruma formülü sayesinde uzun süre parlak ve sağlıklı saçlar,İdeal ısı dağılımı sağlayan plakalar ile en iyi şekillendirme sonuçları,Çizilmelere ve saç ürünlerinin etkisine karşı ekstra dayanıklı anodize plakalar,Devamlı iyonizasyon ile sağlanan anti-statik etki sayesinde daha kolay taranan- daha parlak saçlar
PHS3651,arsiv,arsiv,BrilliantCare Business Saç düzleştirici,//media3.bosch-home.com/Product_Shots/600x600/MCSA047301_PHS3651_def.jpg,0,https://www.bosch-home.com.tr/urun-listesi/arsiv/PHS3651?breadcrumb=null,0,0,Düzleştir- bukle yap ve çık...,,-,https://www.bosch-home.com.tr/yetkili-saticilar?product=PHS3651,-,-,0,Özellikle kısa saçlarda etkili kompakt saç düzleştirici,Çizilmelere ve saç ürünlerinin etkisine karşı ekstra dayanıklı anodize plakalar,En mükemmel şekillendirmeler için esnek plakalar,Yuvarlatılmış kenarları sayesinde bukle de yapabilen plakalar,
PHS2560,arsiv,arsiv,Saç düzleştirici ProSalon Home,//media3.bosch-home.com/Product_Shots/600x600/MCSA032127_PHS2560_def.jpg,0,https://www.bosch-home.com.tr/urun-listesi/arsiv/PHS2560?breadcrumb=null,0,0,-,,-,https://www.bosch-home.com.tr/yetkili-saticilar?product=PHS2560,-,-,0,Renk: Koyu gri,170 Watt,iyonizasyon: Statik elektriklenmeyi azaltır ve saçların daha kolay taranmasını sağlar,Hassas ısı iletimini ve kolay kullanım imkanı sağlamak için tasarlanmış seramik plakalar,
PHS2105,arsiv,arsiv,Saç düzleştirici beautixx creative,//media3.bosch-home.com/Product_Shots/600x600/MCSA023281_PHS2105_def.jpg,0,https://www.bosch-home.com.tr/urun-listesi/arsiv/PHS2105?breadcrumb=null,0,0,-,,-,https://www.bosch-home.com.tr/yetkili-saticilar?product=PHS2105,-,-,0,Güç: 170 Watt,Kısa ve uzun saçların kolay bir şekilde düzleştirilmesini ve saç içinde kolay bir şekilde hareket edebilen dar saç düzleştiricisi,Hassas düzleştirme için seramik kaplı ısı plakaları,: 60-170 °C 12 farklı hız kademesi,
PHS2102,arsiv,arsiv,Saç düzleştirici GlamouRed Care,//media3.bosch-home.com/Product_Shots/600x600/MCSA040387_PHS2102_def.jpg,0,https://www.bosch-home.com.tr/urun-listesi/arsiv/PHS2102?breadcrumb=null,0,0,-,,-,https://www.bosch-home.com.tr/yetkili-saticilar?product=PHS2102,-,-,0,"Renk: GlamoredRed Parlak kırmızı ""GlamouRed""",Güç: 170 Watt,Hassas düzleştirmek için; seramik kaplı altın ısı plakaları,Özellikle hassas saçlar için; ayarlanabilir sıcaklık: 60-170 °C,
PHS2004,arsiv,arsiv,Purple Passion Saç düzleştirici,//media3.bosch-home.com/Product_Shots/600x600/MCSA044791_PHS2004_def.jpg,0,https://www.bosch-home.com.tr/urun-listesi/arsiv/PHS2004?breadcrumb=null,0,0,Tutkuyla bağlanacağınız saçlar için...,,-,https://www.bosch-home.com.tr/yetkili-saticilar?product=PHS2004,-,-,0,Hassas düzleştirme yapan seramik plakalar,Hem uzun hem kısa saçlarda etkili düzleştirme,Hızlıca ısınır ve kilit sistemi sayesinde kolayca saklanır,,
PHS2000,arsiv,arsiv,Diger termik ev aletleri beautixx creative,//media3.bosch-home.com/Product_Shots/600x600/MCSA031914_PHS2000_def.jpg,0,https://www.bosch-home.com.tr/urun-listesi/arsiv/PHS2000?breadcrumb=null,0,0,-,,-,https://www.bosch-home.com.tr/yetkili-saticilar?product=PHS2000,-,-,0,Renk: Koyu gri,35 Watt,Kısa ve uzun saçların kolay bir şekilde düzleştirilmesini ve saç içinde kolay bir şekilde hareket edebilen dar saç düzleştiricisi,Hassas ısı iletimini ve kolay kullanım imkanı sağlamak için tasarlanmış seramik plakalar,
PHD9769,arsiv,arsiv,Saç kurutma makinesi ProSalon Home,//media3.bosch-home.com/Product_Shots/600x600/MCSA044259_PHD9769_def.jpg,0,https://www.bosch-home.com.tr/urun-listesi/arsiv/PHD9769?breadcrumb=null,0,0,-,,-,https://www.bosch-home.com.tr/yetkili-saticilar?product=PHD9769,-,-,0,Güç: 2000 Watt,Uzun ömürlü AC-Motor,Şık soft touch tutma yeri,iyonizasyon: Statik elektriklenmeyi azaltır ve saçların daha kolay taranmasını sağlar,
PHD9500,arsiv,arsiv,Saç kurutma makinesi,//media3.bosch-home.com/Product_Shots/600x600/MCSA044258_PHD9500_def.jpg,0,https://www.bosch-home.com.tr/urun-listesi/arsiv/PHD9500?breadcrumb=null,0,0,-,,-,https://www.bosch-home.com.tr/yetkili-saticilar?product=PHD9500,-,-,0,Güç: 1800 Watt,Profesyonel saç fırçası,Şık soft touch tutma yeri,Sessiz ve rahat kullanım,
PHD5714,arsiv,arsiv,Purple Passion Saç kurutma makinesi,//media3.bosch-home.com/Product_Shots/600x600/MCSA044792_PHD5714_def.jpg,0,https://www.bosch-home.com.tr/urun-listesi/arsiv/PHD5714?breadcrumb=null,0,0,Tutkuyla bağlanacağınız saçlar için...,,-,https://www.bosch-home.com.tr/yetkili-saticilar?product=PHD5714,-,-,0,2000 Watt,2 hız- 3 sıcaklık ayarı sayesinde 6 farklı ayar yapabilme imkanı,Ekstra sessiz çalışma,Saç modelini sabitleyen soğuk hava akımı,
PHD5712,arsiv,arsiv,Saç kurutma makinesi GlamouRed Care,//media3.bosch-home.com/Product_Shots/600x600/MCSA040385_PHD5712_def.jpg,0,https://www.bosch-home.com.tr/urun-listesi/arsiv/PHD5712?breadcrumb=null,0,0,-,,-,https://www.bosch-home.com.tr/yetkili-saticilar?product=PHD5712,-,-,0,"Renk: GlamoredRed Parlak kırmızı ""GlamouRed""",Güç: 2000 Watt,İnce telli saçlar için özel bakım ayarı,Sıcaklık ve hız ayarı için 2 ayrı şalter,
PHD5710,arsiv,arsiv,Saç kurutma makin. beautixx comfort,//media3.bosch-home.com/Product_Shots/600x600/MCSA021263_PHD5510_def.jpg,0,https://www.bosch-home.com.tr/urun-listesi/arsiv/PHD5710?breadcrumb=null,0,0,-,,-,https://www.bosch-home.com.tr/yetkili-saticilar?product=PHD5710,-,-,0,2000 Watt,Isı ve hız için 2 ayrı şalter,3 ısı kademesi,2 hız kademesi,
PHD5560,arsiv,arsiv,Saç kurutma makinesi beautixx comfort ion,//media3.bosch-home.com/Product_Shots/600x600/MCSA021267_PHD5560_def.jpg,0,https://www.bosch-home.com.tr/urun-listesi/arsiv/PHD5560?breadcrumb=null,0,0,-,,-,https://www.bosch-home.com.tr/yetkili-saticilar?product=PHD5560,-,-,0,1800 Watt,iyonizasyon: Statik elektriklenmeyi azaltır ve saçların daha kolay taranmasını sağlar,Isı ve hız için 2 ayrı şalter,3 ısı kademesi,
PHD3305,arsiv,arsiv,beautixx eco Saç kurutma makinesi,//media3.bosch-home.com/Product_Shots/600x600/MCSA021266_PHD3305_def.jpg,0,https://www.bosch-home.com.tr/urun-listesi/arsiv/PHD3305?breadcrumb=null,0,0,Artık hazırlanırken zaman kaybı yok... Saçlar çabucak ve hassas bir şekilde kurur.,,-,https://www.bosch-home.com.tr/yetkili-saticilar?product=PHD3305,-,-,0,Kompakt difüzör: Hızlı ve etkili kurutma için küçük- ergonomik tasarım,Hava toplama başlığı sayesinde kolay şekillendirme,Hem sıcaklık- hem hız ayarı yapılabilen kontrol düğmesi,1600 Watt,Saç modelini sabitleyen soğuk hava akımı
PHD3200,arsiv,arsiv,Saç kurutma makin. beautixx eco,//media3.bosch-home.com/Product_Shots/600x600/MCSA021264_PHD3200_def.jpg,0,https://www.bosch-home.com.tr/urun-listesi/arsiv/PHD3200?breadcrumb=null,0,0,-,,-,https://www.bosch-home.com.tr/yetkili-saticilar?product=PHD3200,-,-,0,1400 Watt,2 ısı kademesi,2 hız kademesi,Hız ve ısı derece seçimi için kaydırmalı şalter,
PHD1100,arsiv,arsiv,beautixx travel Saç kurutma makinesi & Bukle Yapabilme,//media3.bosch-home.com/Product_Shots/600x600/MCSA021257_PHD1100_def.jpg,0,https://www.bosch-home.com.tr/urun-listesi/arsiv/PHD1100?breadcrumb=null,0,0,Esnek ve kompakt: Özellikle seyahatler için ideal saç kurutma makinesi,,-,https://www.bosch-home.com.tr/yetkili-saticilar?product=PHD1100,-,-,1462053600,Katlanabilir tutma yeri sayesinde az yer kaplayan tasarım,çift voltaj: (110/230 V),2 hız ayarı,2 sıcaklık ayarı,Hava toplama başlığı sayesinde kolay şekillendirme
PHC9690,arsiv,arsiv,ProSalon G-curler; Saç kıvırma- bukle şekillendirici&maşa,//media3.bosch-home.com/Product_Shots/600x600/MCSA052830_PHC9690_def.jpg,0,https://www.bosch-home.com.tr/urun-listesi/arsiv/PHC9690?breadcrumb=null,0,0,-,,-,https://www.bosch-home.com.tr/yetkili-saticilar?product=PHC9690,-,-,0,Renk: Siyah- Gümüş,Güç: 52 Watt,sıcaklık: 120-200 °C,Sıcaklık göstergeli LCD Ekran,
PHC9590,arsiv,arsiv,ProSalon S-waver; Saç kıvırma- bukle şekillendirici&maşa,//media3.bosch-home.com/Product_Shots/600x600/MCSA050420_PHC9590_def.jpg,0,https://www.bosch-home.com.tr/urun-listesi/arsiv/PHC9590?breadcrumb=null,0,0,-,,-,https://www.bosch-home.com.tr/yetkili-saticilar?product=PHC9590,-,-,0,Renk: Fuşya- Elma yeşili,Güç: 52 Watt,sıcaklık: 120-200 °C,Sıcaklık göstergeli LCD Ekran,
PHC9490,arsiv,arsiv,ProSalon Saç düzleştirici,//media3.bosch-home.com/Product_Shots/600x600/MCSA049529_PHC9490_def.jpg,0,https://www.bosch-home.com.tr/urun-listesi/arsiv/PHC9490?breadcrumb=null,0,0,Özellikle uzun saçlarda ideal şekilli bukleler,,-,https://www.bosch-home.com.tr/yetkili-saticilar?product=PHC9490,-,-,0,Hızlı ve en iyi şekillendirme için 146 mm çapında uzun maşa,En güzel bukleler için 19 mm çapındaki maşa,Özel maşa tasarımı sayesinde 2 farklı stil. Spiral bukleler ve doğal görünümlü bukleler,Isıyı en iyi şekilde yansıtarak saçlarda parlaklık sağlayan seramik kaplama,Her saç tipi için 9 farklı sıcaklık ayarı
PHC2520,arsiv,arsiv,2in1:saç şekillendirici+saç düzleştirici,//media3.bosch-home.com/Product_Shots/600x600/MCSA039566_PHC2520_def.jpg,0,https://www.bosch-home.com.tr/urun-listesi/arsiv/PHC2520?breadcrumb=null,0,0,Tek şekillendirici kullanarak 2 farklı saç stili,,-,https://www.bosch-home.com.tr/yetkili-saticilar?product=PHC2520,-,-,0,Etkili düzleştirme ve bukle yapımı için seramik kaplama plakalar,sıcaklık: 100-200 °C,5 sıcaklık ayarı,yumuşak dokulu tutma yeri,
PHC2500,arsiv,arsiv,ProSalon Home Saç düzleştirici,//media3.bosch-home.com/Product_Shots/600x600/MCSA039565_PHC2500_def.jpg,0,https://www.bosch-home.com.tr/urun-listesi/arsiv/PHC2500?breadcrumb=null,0,0,Profesyonel maşa ile saçlarda en güzel bukleler,,-,https://www.bosch-home.com.tr/yetkili-saticilar?product=PHC2500,-,-,0,Hassas şekillendirme için seramik plakalar,5 farklı sıcaklık ayarı,Isıya karşı parmak koruyucu,yumuşak dokulu tutma yeri,
PHA2661,arsiv,arsiv,Saç şekillendirici beautixx curly ion,//media3.bosch-home.com/Product_Shots/600x600/MCSA024205_PHA2661_def.jpg,0,https://www.bosch-home.com.tr/urun-listesi/arsiv/PHA2661?breadcrumb=null,0,0,-,,-,https://www.bosch-home.com.tr/yetkili-saticilar?product=PHA2661,-,-,0,1000 Watt,iyonizasyon: statik elektriklenmeyi azaltır ve saçların daha kolay taranmasını sağlar,sıcaklık kademeleri: 2,"Saça verilen şekli sabitlemek için tasarlanmış ""soğuk hava"" tuşu (170/350 Watt)",
PHA2302,arsiv,arsiv,GlamouRed Care Saç şekillendirici,//media3.bosch-home.com/Product_Shots/600x600/MCSA040386_PHA2302_def.jpg,0,https://www.bosch-home.com.tr/urun-listesi/arsiv/PHA2302?breadcrumb=null,0,0,-,,-,https://www.bosch-home.com.tr/yetkili-saticilar?product=PHA2302,-,-,0,Renk: GlamoredRed Parlak kırmızı,Güç: 700 Watt,İnce telli saçlar için özel bakım ayarı,"Saç modelini sabitlemek için entegre ""soğuk hava"" tuşu (180 W)",
PHA2300,arsiv,arsiv,Saç şekillendirici beautixx curly,//media3.bosch-home.com/Product_Shots/600x600/MCSA021227_PHA2300_def.jpg,0,https://www.bosch-home.com.tr/urun-listesi/arsiv/PHA2300?breadcrumb=null,0,0,-,,-,https://www.bosch-home.com.tr/yetkili-saticilar?product=PHA2300,-,-,0,700 Watt,sıcaklık kademeleri: 3,"Saça verilen şekli sabitlemek için tasarlanmış ""soğuk hava"" tuşu (180 W)",Kayma önleme lastikleri,
PHA2204,arsiv,arsiv,Purple Passion Saç şekillendirici,//media3.bosch-home.com/Product_Shots/600x600/MCSA044789_PHA2204_def.jpg,0,https://www.bosch-home.com.tr/urun-listesi/arsiv/PHA2204?breadcrumb=null,0,0,Tutkuyla bağlanacağınız saçlar için...,,-,https://www.bosch-home.com.tr/yetkili-saticilar?product=PHA2204,-,-,0,Yuvarlak şekillendirilmiş özel fırçası sayesinde saçlarda daha fazla parlaklık,Daha dolgun saçlar için büyük yuvarlak fırça,Saç modelini sabitleyen soğuk hava akımı,,
PHA2000,arsiv,arsiv,Saç şekillendirici beautixx curly,//media3.bosch-home.com/Product_Shots/600x600/MCSA021226_PHA2000_def.jpg,0,https://www.bosch-home.com.tr/urun-listesi/arsiv/PHA2000?breadcrumb=null,0,0,-,,-,https://www.bosch-home.com.tr/yetkili-saticilar?product=PHA2000,-,-,0,400 Watt,sıcaklık kademeleri: 2,Kayma önleme lastikleri,Asma halkası,
PGF375K02E,arsiv,arsiv,PGF375K02E Fırçalanmış çelik Ön Profil,//media3.bosch-home.com/Product_Shots/600x600/MCSA015710_PGF375K01E_def.jpg,0,https://www.bosch-home.com.tr/urun-listesi/arsiv/PGF375K02E?breadcrumb=null,0,0,-,,-,https://www.bosch-home.com.tr/yetkili-saticilar?product=PGF375K02E,-,-,0,1 çift halkalı wok ocak gözü,Termoelektronik gaz emniyet sistemi,Düğmeden otomatik ateşleme,Ateşleme çubuğu ve gaz enjektörü gaz başlığı altına entegre edilmiş.,
PGF375K01E,arsiv,arsiv,Wok-cam seramik Domino,//media3.bosch-home.com/Product_Shots/600x600/MCSA015710_PGF375K01E_def.jpg,0,https://www.bosch-home.com.tr/urun-listesi/arsiv/PGF375K01E?breadcrumb=null,0,0,-,,-,https://www.bosch-home.com.tr/yetkili-saticilar?product=PGF375K01E,-,-,0,1 halkalı wok ocak gözü,Gaz emmniyet sistemi,Tek elle ateşleme,Ateşleme çubuğu ve gaz enjektörü gaz başlığı altına entegre edilmiş.,
PGE375K01E,arsiv,arsiv,Gaz cam seramik Domino,//media3.bosch-home.com/Product_Shots/600x600/MCSA018213_PGE375K01N_def.jpg,0,https://www.bosch-home.com.tr/urun-listesi/arsiv/PGE375K01E?breadcrumb=null,0,0,-,,-,https://www.bosch-home.com.tr/yetkili-saticilar?product=PGE375K01E,-,-,0,1 güçlü- 1 normal ocak gözü,Gaz emmniyet sistemi,Tek elle ateşleme,Ateşleme çubuğu ve gaz enjektörü gaz başlığı altına entegre edilmiş.,
PFP5030,arsiv,arsiv,nicht vorhanden relaxxtherm sports,//media3.bosch-home.com/Product_Shots/600x600/MCSA021182_PFP5030_def.jpg,0,https://www.bosch-home.com.tr/urun-listesi/arsiv/PFP5030?breadcrumb=null,0,0,-,,-,https://www.bosch-home.com.tr/yetkili-saticilar?product=PFP5030,-,-,0,60 W watt maksimum,Özellikle sırt ve ense kısımları için düşünülmüş elektrikli yastık,3 sıcaklık kademeleri,Açık unutulduğunda 12 saat sonra otomatikman kapanır,
PCX815B90E,arsiv,arsiv,75 cm Kendinden kumandalı- gazlı ankastre ocak,//media3.bosch-home.com/Product_Shots/600x600/MCSA040794_PCX815B90E_def.jpg,0,https://www.bosch-home.com.tr/urun-listesi/arsiv/PCX815B90E?breadcrumb=null,0,0,Paslanmaz çelik gazlı ocak: kaliteli ve premium tasarımı sayesinde daha uzun pişirme keyfi sunar.,,-,https://www.bosch-home.com.tr/yetkili-saticilar?product=PCX815B90E,-,Serie | 6,0,Wok ocak gözü: 4.0 kW'a kadar güçlü pişirme,Yüzey rengi: Paslanmaz çelik- zarif tasarım.,Tek parça döküm ocak ızgarası: yüksek stabilite ve sağlamlık için,,
PCT915B91E,arsiv,arsiv,90 cm Kendinden kumandalı- gazlı ankastre ocak,//media3.bosch-home.com/Product_Shots/600x600/MCSA043820_PCT915B91E_def.jpg,0,https://www.bosch-home.com.tr/urun-listesi/arsiv/PCT915B91E?breadcrumb=null,0,0,Paslanmaz çelik gazlı ocak: kaliteli ve premium tasarımı sayesinde daha uzun pişirme keyfi sunar.,,-,https://www.bosch-home.com.tr/yetkili-saticilar?product=PCT915B91E,-,Serie | 6,0,Wok ocak gözü: 3.3 kW'a kadar güçlü pişirme.,Yüzey rengi: Paslanmaz çelik- zarif tasarım.,Tek parça döküm ocak ızgarası: yüksek stabilite ve sağlamlık için,,
PCS815M90E,arsiv,arsiv,75 cm Kendinden kumandalı- gazlı ankastre ocak,//media3.bosch-home.com/Product_Shots/600x600/MCSA040764_PCS815M90E_def.jpg,0,https://www.bosch-home.com.tr/urun-listesi/arsiv/PCS815M90E?breadcrumb=null,0,0,Paslanmaz çelik gazlı ocak: kaliteli ve premium tasarımı sayesinde daha uzun pişirme keyfi sunar.,,-,https://www.bosch-home.com.tr/yetkili-saticilar?product=PCS815M90E,-,Serie | 6,0,Çiftli wok ocak gözü: çiftli alev sistemi sayesinde 5.0 kW'a kadar ekstra güçlü pişirme,Ana düğme: tek dokunuşla tüm ocak gözleri tek düğmeden kapanır,Yüzey rengi: Paslanmaz çelik- zarif tasarım.,Tek parça döküm ocak ızgarası: yüksek stabilite ve sağlamlık için,
PCR715F90E,arsiv,arsiv,70 cm Kendinden kumandalı- gazlı ankastre ocak,//media3.bosch-home.com/Product_Shots/600x600/MCSA040765_PCR715F90E_def.jpg,0,https://www.bosch-home.com.tr/urun-listesi/arsiv/PCR715F90E?breadcrumb=null,0,0,Paslanmaz çelik gazlı ocak: kaliteli ve premium tasarımı sayesinde daha uzun pişirme keyfi sunar.,,-,https://www.bosch-home.com.tr/yetkili-saticilar?product=PCR715F90E,-,Serie | 6,0,Çiftli wok ocak gözü: çiftli alev sistemi sayesinde 5.0 kW'a kadar ekstra güçlü pişirme,FlameTronic: otomatik yeniden ateşleme sistemi sayesinde maksimum güvenlik ve komfor.,Yüzey rengi: Paslanmaz çelik- zarif tasarım.,Tek parça döküm ocak ızgarası: yüksek stabilite ve sağlamlık için,
PCQ875B21E,arsiv,arsiv,75 cm Kendinden kumandalı- gazlı ankastre ocak,//media3.bosch-home.com/Product_Shots/600x600/MCSA00402660_28480_PCQ875B21E_def.jpg,0,https://www.bosch-home.com.tr/urun-listesi/arsiv/PCQ875B21E?breadcrumb=null,0,0,Tezgaha sıfır gazlı ocak: tezgaha sıfır ya da hafif yüksek şekilde montaj imkanı,,-,https://www.bosch-home.com.tr/yetkili-saticilar?product=PCQ875B21E,piano a filo montaj,Serie | 8,0,Wok ocak gözü: 4.0 kW'a kadar güçlü pişirme,Tekli döküm ocak ızgaraları: kolay kullanım ve kolay temizlik,Montaj opsiyonu: tezgaha sıfır ya da hafif yüksek şekilde monte kurulum yapılabilir,,
PCQ715M90E,arsiv,arsiv,70 cm Kendinden kumandalı- gazlı ankastre ocak,//media3.bosch-home.com/Product_Shots/600x600/MCSA040774_PCQ715M90E_def.jpg,0,https://www.bosch-home.com.tr/urun-listesi/arsiv/PCQ715M90E?breadcrumb=null,0,0,Paslanmaz çelik gazlı ocak: kaliteli ve premium tasarımı sayesinde daha uzun pişirme keyfi sunar.,,-,https://www.bosch-home.com.tr/yetkili-saticilar?product=PCQ715M90E,-,Serie | 6,0,Wok ocak gözü: 4.0 kW'a kadar güçlü pişirme,Ana düğme: tek dokunuşla tüm ocak gözleri tek düğmeden kapanır,Yüzey rengi: Paslanmaz çelik- zarif tasarım.,Tek parça döküm ocak ızgarası: yüksek stabilite ve sağlamlık için,
PCQ715B80E,arsiv,arsiv,70 cm Gazlı ocak- bağımsız,//media3.bosch-home.com/Product_Shots/600x600/MCSA040761_PCQ715B80E_def.jpg,0,https://www.bosch-home.com.tr/urun-listesi/arsiv/PCQ715B80E?breadcrumb=null,0,0,Paslanmaz çelik gazlı ocak: kaliteli ve premium tasarımı sayesinde daha uzun pişirme keyfi sunar.,,-,https://www.bosch-home.com.tr/yetkili-saticilar?product=PCQ715B80E,-,Serie | 6,0,Wok ocak gözü: 4.0 kW'a kadar güçlü pişirme,Yüzey rengi: Paslanmaz çelik- zarif tasarım.,Çelik ocak ızgarası: yüksek stabilite ve sağlamlık için,,
PCP675B21E,arsiv,arsiv,60 cm Kendinden kumandalı- gazlı ankastre ocak,//media3.bosch-home.com/Product_Shots/600x600/MCSA00402658_28478_PCP675B21E_def.jpg,0,https://www.bosch-home.com.tr/urun-listesi/arsiv/PCP675B21E?breadcrumb=null,0,0,Tezgaha sıfır gazlı ocak: tezgaha sıfır ya da hafif yüksek şekilde montaj imkanı,,-,https://www.bosch-home.com.tr/yetkili-saticilar?product=PCP675B21E,piano a filo montaj,Serie | 8,0,Tekli döküm ocak ızgaraları: kolay kullanım ve kolay temizlik,Montaj opsiyonu: tezgaha sıfır ya da hafif yüksek şekilde monte kurulum yapılabilir,,,
PCP615B80R,arsiv,arsiv,60 cm Kendinden kumandalı- gazlı ankastre ocak,//media3.bosch-home.com/Product_Shots/600x600/MCSA040468_PCP615B80E_def.jpg,0,https://www.bosch-home.com.tr/urun-listesi/arsiv/PCP615B80R?breadcrumb=null,0,0,Paslanmaz çelik gazlı ocak: kaliteli ve premium tasarımı sayesinde daha uzun pişirme keyfi sunar.,,-,https://www.bosch-home.com.tr/yetkili-saticilar?product=PCP615B80R,-,Serie | 6,0,Yüzey rengi: Paslanmaz çelik- zarif tasarım.,Çelik ocak ızgarası: yüksek stabilite ve sağlamlık için,,,
PCP615B80E,arsiv,arsiv,60 cm Kendinden kumandalı- gazlı ankastre ocak,//media3.bosch-home.com/Product_Shots/600x600/MCSA040468_PCP615B80E_def.jpg,0,https://www.bosch-home.com.tr/urun-listesi/arsiv/PCP615B80E?breadcrumb=null,0,0,Paslanmaz çelik gazlı ocak: kaliteli ve premium tasarımı sayesinde daha uzun pişirme keyfi sunar.,,-,https://www.bosch-home.com.tr/yetkili-saticilar?product=PCP615B80E,-,Serie | 6,0,Yüzey rengi: Paslanmaz çelik- zarif tasarım.,Çelik ocak ızgarası: yüksek stabilite ve sağlamlık için,,,
PCL755FEU,arsiv,arsiv,Gazlı Ankastre ocak- 70 cm- Çelik,//media3.bosch-home.com/Product_Shots/600x600/MCSA026242_PCL755FEU_def.jpg,0,https://www.bosch-home.com.tr/urun-listesi/arsiv/PCL755FEU?breadcrumb=null,0,0,-,,-,https://www.bosch-home.com.tr/yetkili-saticilar?product=PCL755FEU,-,-,0,5 gözü gazlı (1 güçlü- 2 normal- 1 ekonomik ve 1 wok) Ankastre ocak,Düğmeden otomatik ateşleme,Gaz emniyet sistemi,Dökme demir ocak ızgarası,
PCK785DEU,arsiv,arsiv,PCK785DEU Paslanmaz çelik,//media3.bosch-home.com/Product_Shots/600x600/MCSA010843_PCK785DEU_def.jpg,0,https://www.bosch-home.com.tr/urun-listesi/arsiv/PCK785DEU?breadcrumb=null,0,0,-,,-,https://www.bosch-home.com.tr/yetkili-saticilar?product=PCK785DEU,-,-,0,1 güçlü- 1 normal- 1 ekonomik ve 1 wok ocak gözü,Düğmeden otomatik ateşleme,Gaz emniyet sistemi,Çelik ocak ızgarası,
PCI815B81E,arsiv,arsiv,75 cm Kendinden kumandalı- gazlı ankastre ocak,//media3.bosch-home.com/Product_Shots/600x600/MCSA045453_PCI815B81E_def.jpg,0,https://www.bosch-home.com.tr/urun-listesi/arsiv/PCI815B81E?breadcrumb=null,0,0,-,,-,https://www.bosch-home.com.tr/yetkili-saticilar?product=PCI815B81E,-,Serie | 6,0,4 gözü gazlı ocak,1 güçlü- 1 normal- 1 ekonomik ve 1 wok ocak gözü,Sol: Wok ocak gözü 4 kW,Orta ön: Ekononik ocak gözü 1 kW,
PCD685DEU,arsiv,arsiv,PCD685DEU Paslanmaz çelik,//media3.bosch-home.com/Product_Shots/600x600/MCSA010685_PCD685DEU_def.jpg,0,https://www.bosch-home.com.tr/urun-listesi/arsiv/PCD685DEU?breadcrumb=null,0,0,-,,-,https://www.bosch-home.com.tr/yetkili-saticilar?product=PCD685DEU,-,-,0,4 gözü gazlı (1 kuvvetli- 2 normal- 1 ekonomik) Ankastre ocak,Düğmeden otomatik ateşleme,Gaz emniyet sistemi,Çelik ocak ızgarası,
PCD685CEU,arsiv,arsiv,PCD685CEU Paslanmaz çelik,//media3.bosch-home.com/Product_Shots/600x600/MCSA001827_PCD685CEU_def.jpg,0,https://www.bosch-home.com.tr/urun-listesi/arsiv/PCD685CEU?breadcrumb=null,0,0,-,,-,https://www.bosch-home.com.tr/yetkili-saticilar?product=PCD685CEU,-,-,0,4 gözü gazlı (1 kuvvetli- 2 normal- 1 ekonomik) Ankastre ocak,Düğmeden otomatik ateşleme,Çelik ocak ızgarası,Özel çelik görünümlü düğmeler,
PCD345DEU,arsiv,arsiv,2G- 30 cm- Domino,//media3.bosch-home.com/Product_Shots/600x600/MCSA029057_PCD345DEU_def.jpg,0,https://www.bosch-home.com.tr/urun-listesi/arsiv/PCD345DEU?breadcrumb=null,0,0,Paslanmaz çelik gazlı ocak: kaliteli ve premium tasarımı sayesinde daha uzun pişirme keyfi sunar.,,-,https://www.bosch-home.com.tr/yetkili-saticilar?product=PCD345DEU,-,Serie | 4,0,Yüzey rengi: Paslanmaz çelik- zarif tasarım.,Çelik ocak ızgarası: yüksek stabilite ve sağlamlık için,,,
PBH615B80E,arsiv,arsiv,60 cm Kendinden kumandalı- gazlı ankastre ocak,//media3.bosch-home.com/Product_Shots/600x600/MCSA044778_PBH615B80E_def.jpg,0,https://www.bosch-home.com.tr/urun-listesi/arsiv/PBH615B80E?breadcrumb=null,0,0,Yandan kontrollü gazlı ocak: İstenilen ocak gözü yan tarafta bulunan düğmelerden kolaylıkla kontrol edilebilir.,,-,https://www.bosch-home.com.tr/yetkili-saticilar?product=PBH615B80E,-,Serie | 2,0,Wok ocak gözü: 3.3 kW'a kadar güçlü pişirme.,Çelik ocak ızgarası: yüksek stabilite ve sağlamlık için,Yüzey rengi: Paslanmaz çelik- zarif tasarım.,,
PAR5250,arsiv,arsiv,PAR5250 Yağlı Radyatör,//media3.bosch-home.com/Product_Shots/600x600/MCSA009041_BRC2501_def.jpg,0,https://www.bosch-home.com.tr/urun-listesi/arsiv/PAR5250?breadcrumb=null,0,0,-,,-,https://www.bosch-home.com.tr/yetkili-saticilar?product=PAR5250,-,-,0,1 ayak ve 2 tekerlek sayesinde taşıma kolaylığı,220-230 volt / 50-60 Hz,3 kademeli ısı seçimi 1000/1500/2500 W,Az yer kaplayan-gümüş dizayn,
PAR3250,arsiv,arsiv,Dilimli Yağlı Radyatör,//media3.bosch-home.com/Product_Shots/600x600/MCSA019179_BR20C00_def.jpg,0,https://www.bosch-home.com.tr/urun-listesi/arsiv/PAR3250?breadcrumb=null,0,0,-,,-,https://www.bosch-home.com.tr/yetkili-saticilar?product=PAR3250,-,-,0,11 dilimli standart model,1 ayak ve 2 tekerlek sayesinde taşıma kolaylığı,220-230 volt / 50 Hz,2500 Watt,
NPF615A01E,arsiv,arsiv,Cam seramik ocak- 60 cm,//media3.bosch-home.com/Product_Shots/600x600/MCSA018002_NPF615A01E_def.jpg,0,https://www.bosch-home.com.tr/urun-listesi/arsiv/NPF615A01E?breadcrumb=null,0,0,-,,-,https://www.bosch-home.com.tr/yetkili-saticilar?product=NPF615A01E,-,-,0,4 yıldırım hızı ile ısınan ocak gözü,1 çift halkalı ocak gözü,Düğmeden kumanda ocak gözleri,4' lü artık ısı göstergesi,
NPD615CEU,arsiv,arsiv,Gazlı ocak,//media3.bosch-home.com/Product_Shots/600x600/MCSA028758_NPD615CEU_def.jpg,0,https://www.bosch-home.com.tr/urun-listesi/arsiv/NPD615CEU?breadcrumb=null,0,0,-,,-,https://www.bosch-home.com.tr/yetkili-saticilar?product=NPD615CEU,-,-,0,1 kuvvetli- 2 normal- 1 ekonomik ocak gözü,Fırından kumandalı ateşleme,2 parçalı yassı emayeli ve plastik ayaklı ocak ızgarası,Fabrika çıkışı doğal gazlı (20 mbar),
NMU4151LT,arsiv,arsiv,NMU4151LT,//media3.bosch-home.com/Product_Shots/600x600/MCSA036333_NMU4151LT_def.jpg,0,https://www.bosch-home.com.tr/urun-listesi/arsiv/NMU4151LT?breadcrumb=null,0,0,Yandan kontrollü gazlı ocak: İstenilen ocak gözü yan tarafta bulunan düğmelerden kolaylıkla kontrol edilebilir.,,-,https://www.bosch-home.com.tr/yetkili-saticilar?product=NMU4151LT,-,Serie | 2,0,Çelik ocak ızgarası: yüksek stabilite ve sağlamlık için,Yüzey rengi: Paslanmaz çelik- zarif tasarım.,,,
NMU4121LT,arsiv,arsiv,60 cm Kendinden kumandalı- gazlı ankastre ocak,//media3.bosch-home.com/Product_Shots/600x600/MCSA036330_NMU4021LT_def.jpg,0,https://www.bosch-home.com.tr/urun-listesi/arsiv/NMU4121LT?breadcrumb=null,0,0,-,,-,https://www.bosch-home.com.tr/yetkili-saticilar?product=NMU4121LT,-,Serie | 2,0,3 gözü gazlı 1 gözü elektrikli,1 güçlü- 1 normal- 1 ekonomik ve 1 elektrikli ocak gözü,Sol ön: Güçlü ocak gözü 3 kW,Sol arka: standart ocak gözü 1 kW,
NMU2121LT,arsiv,arsiv,60 cm Kendinden kumandalı gazlı ocak,//media3.bosch-home.com/Product_Shots/600x600/MCSA036353_NMU2021LT_def.jpg,0,https://www.bosch-home.com.tr/urun-listesi/arsiv/NMU2121LT?breadcrumb=null,0,0,Yandan kontrollü gazlı ocak: İstenilen ocak gözü yan tarafta bulunan düğmelerden kolaylıkla kontrol edilebilir.,,-,https://www.bosch-home.com.tr/yetkili-saticilar?product=NMU2121LT,-,Serie | 2,0,Çelik ocak ızgarası: yüksek stabilite ve sağlamlık için,Yüzey rengi: Beyaz emaye,Tezgah üstü: montaja gerek kalmadan-ocağınızı kolayca tezgaha koyunuz.,,
NMU2121DT,arsiv,arsiv,60 cm Kendinden kumandalı gazlı ocak,//media3.bosch-home.com/Product_Shots/600x600/MCSA036353_NMU2021LT_def.jpg,0,https://www.bosch-home.com.tr/urun-listesi/arsiv/NMU2121DT?breadcrumb=null,0,0,Yandan kontrollü gazlı ocak: İstenilen ocak gözü yan tarafta bulunan düğmelerden kolaylıkla kontrol edilebilir.,,-,https://www.bosch-home.com.tr/yetkili-saticilar?product=NMU2121DT,-,Serie | 2,0,Çelik ocak ızgarası: yüksek stabilite ve sağlamlık için,Yüzey rengi: Beyaz emaye,Tezgah üstü: montaja gerek kalmadan-ocağınızı kolayca tezgaha koyunuz.,,
NMT635RTR,arsiv,arsiv,Kendinden kumandalı- gazlı ankastre ocak,//media3.bosch-home.com/Product_Shots/600x600/MCSA031485_NMT635RTR_def.jpg,0,https://www.bosch-home.com.tr/urun-listesi/arsiv/NMT635RTR?breadcrumb=null,0,0,-,,-,https://www.bosch-home.com.tr/yetkili-saticilar?product=NMT635RTR,-,-,0,3 gözü gazlı (1 güçlü- 1 normal- 1 ekonomik) ve 1 elektrikli ocak gözü Ankastre ocak,Düğmeden otomatik ateşleme,Termoelektronik gaz emniyet sistemi,Çelik ocak ızgarası,
NMT615RTR,arsiv,arsiv,NMT615RTR Paslanmaz çelik,//media3.bosch-home.com/Product_Shots/600x600/MCSA019866_NMT615RTR_def.jpg,0,https://www.bosch-home.com.tr/urun-listesi/arsiv/NMT615RTR?breadcrumb=null,0,0,-,,-,https://www.bosch-home.com.tr/yetkili-saticilar?product=NMT615RTR,-,-,0,3 gözü gazlı (1 güçlü- 1 normal- 1 ekonomik) ve 1 elektrikli ocak gözü Ankastre ocak,Düğmeden otomatik ateşleme,Gaz emniyet sistemi,Çelik ocak ızgarası,
NMT612TTR,arsiv,arsiv,NMT612TTR beyaz,//media3.bosch-home.com/Product_Shots/600x600/MCSA020385_NMT612TTR_def.jpg,0,https://www.bosch-home.com.tr/urun-listesi/arsiv/NMT612TTR?breadcrumb=null,0,0,-,,-,https://www.bosch-home.com.tr/yetkili-saticilar?product=NMT612TTR,-,-,0,3 gözü gazlı (1 güçlü- 1 normal- 1 ekonomik) ve 1 elektrikli ocak gözü Ankastre ocak,Düğmeden otomatik ateşleme,Çelik ocak ızgarası,Fabrika çıkışı LPG'ye ayarlı (28/30 mbar),
NMT612MTR,arsiv,arsiv,Gazli Ocak,//media3.bosch-home.com/Product_Shots/600x600/MCSA019865_NMT612MTR_def.jpg,0,https://www.bosch-home.com.tr/urun-listesi/arsiv/NMT612MTR?breadcrumb=null,0,0,-,,-,https://www.bosch-home.com.tr/yetkili-saticilar?product=NMT612MTR,-,-,0,3 gözü gazlı (1 güçlü- 1 normal- 1 ekonomik) ve 1 elektrikli ocak gözü Set üstü ocak,Düğmeden otomatik ateşleme,Çelik ocak ızgarası,Stop emniyetli cam kapak,
NMT612DTR,arsiv,arsiv,Gazli Ocak,//media3.bosch-home.com/Product_Shots/600x600/MCSA019865_NMT612MTR_def.jpg,0,https://www.bosch-home.com.tr/urun-listesi/arsiv/NMT612DTR?breadcrumb=null,0,0,-,,-,https://www.bosch-home.com.tr/yetkili-saticilar?product=NMT612DTR,-,-,0,3 gözü gazlı (1 güçlü- 1 normal- 1 ekonomik) ve 1 elektrikli ocak gözü Set üstü ocak,Düğmeden otomatik ateşleme,Çelik ocak ızgarası,Stop emniyetli cam kapak,
NGU4155LT,arsiv,arsiv,NGU4155LT,//media3.bosch-home.com/Product_Shots/600x600/MCSA036332_NGU4155LT_def.jpg,0,https://www.bosch-home.com.tr/urun-listesi/arsiv/NGU4155LT?breadcrumb=null,0,0,Yandan kontrollü gazlı ocak: İstenilen ocak gözü yan tarafta bulunan düğmelerden kolaylıkla kontrol edilebilir.,,-,https://www.bosch-home.com.tr/yetkili-saticilar?product=NGU4155LT,-,Serie | 2,0,Tek parça döküm ocak ızgarası: yüksek stabilite ve sağlamlık için,Yüzey rengi: Paslanmaz çelik- zarif tasarım.,,,
NGU4155DT,arsiv,arsiv,Kendinden kumandalı- gazlı ankastre ocak,//media3.bosch-home.com/Product_Shots/600x600/MCSA036332_NGU4155LT_def.jpg,0,https://www.bosch-home.com.tr/urun-listesi/arsiv/NGU4155DT?breadcrumb=null,0,0,-,,-,https://www.bosch-home.com.tr/yetkili-saticilar?product=NGU4155DT,-,-,0,1 kuvvetli- 2 normal- 1 ekonomik ocak gözü,Sol ön: Güçlü ocak gözü 3 kW,Sol arka: normal ocak gözü 1.7 kW,Sağ arka: Normal ocak gözü 1.7 kW,
NGU4151LT,arsiv,arsiv,60 cm Kendinden kumandalı- gazlı ankastre ocak,//media3.bosch-home.com/Product_Shots/600x600/MCSA036331_NGU4051LT_def.jpg,0,https://www.bosch-home.com.tr/urun-listesi/arsiv/NGU4151LT?breadcrumb=null,0,0,Yandan kontrollü gazlı ocak: İstenilen ocak gözü yan tarafta bulunan düğmelerden kolaylıkla kontrol edilebilir.,,-,https://www.bosch-home.com.tr/yetkili-saticilar?product=NGU4151LT,-,Serie | 2,0,Çelik ocak ızgarası: yüksek stabilite ve sağlamlık için,Yüzey rengi: Paslanmaz çelik- zarif tasarım.,,,
NGU4151DT,arsiv,arsiv,Kendinden kumandalı- gazlı ankastre ocak,//media3.bosch-home.com/Product_Shots/600x600/MCSA036331_NGU4051LT_def.jpg,0,https://www.bosch-home.com.tr/urun-listesi/arsiv/NGU4151DT?breadcrumb=null,0,0,Yandan kontrollü gazlı ocak: İstenilen ocak gözü yan tarafta bulunan düğmelerden kolaylıkla kontrol edilebilir.,,-,https://www.bosch-home.com.tr/yetkili-saticilar?product=NGU4151DT,-,Serie | 2,0,Çelik ocak ızgarası: yüksek stabilite ve sağlamlık için,Yüzey rengi: Paslanmaz çelik- zarif tasarım.,,,
NGU4121LT,arsiv,arsiv,60 cm Kendinden kumandalı- gazlı ankastre ocak,//media3.bosch-home.com/Product_Shots/600x600/MCSA036335_NGU4021LT_def.jpg,0,https://www.bosch-home.com.tr/urun-listesi/arsiv/NGU4121LT?breadcrumb=null,0,0,Yandan kontrollü gazlı ocak: İstenilen ocak gözü yan tarafta bulunan düğmelerden kolaylıkla kontrol edilebilir.,,-,https://www.bosch-home.com.tr/yetkili-saticilar?product=NGU4121LT,-,Serie | 2,0,Çelik ocak ızgarası: yüksek stabilite ve sağlamlık için,Yüzey rengi: Beyaz emaye,,,
NGU4121DT,arsiv,arsiv,60 cm Kendinden kumandalı- gazlı ankastre ocak,//media3.bosch-home.com/Product_Shots/600x600/MCSA036335_NGU4021LT_def.jpg,0,https://www.bosch-home.com.tr/urun-listesi/arsiv/NGU4121DT?breadcrumb=null,0,0,Yandan kontrollü gazlı ocak: İstenilen ocak gözü yan tarafta bulunan düğmelerden kolaylıkla kontrol edilebilir.,,-,https://www.bosch-home.com.tr/yetkili-saticilar?product=NGU4121DT,-,Serie | 2,0,Çelik ocak ızgarası: yüksek stabilite ve sağlamlık için,Yüzey rengi: Beyaz emaye,,,
NGU2125LT,arsiv,arsiv,60 cm Kendinden kumandal- gazlı ocak,//media3.bosch-home.com/Product_Shots/600x600/MCSA036351_NGU2025LT_def.jpg,0,https://www.bosch-home.com.tr/urun-listesi/arsiv/NGU2125LT?breadcrumb=null,0,0,Yandan kontrollü gazlı ocak: İstenilen ocak gözü yan tarafta bulunan düğmelerden kolaylıkla kontrol edilebilir.,,-,https://www.bosch-home.com.tr/yetkili-saticilar?product=NGU2125LT,-,Serie | 2,0,Tek parça döküm ocak ızgarası: yüksek stabilite ve sağlamlık için,Yüzey rengi: Beyaz emaye,Tezgah üstü: montaja gerek kalmadan-ocağınızı kolayca tezgaha koyunuz.,,
NGU2125DT,arsiv,arsiv,60 cm Kendinden kumandal- gazlı ocak,//media3.bosch-home.com/Product_Shots/600x600/MCSA036351_NGU2025LT_def.jpg,0,https://www.bosch-home.com.tr/urun-listesi/arsiv/NGU2125DT?breadcrumb=null,0,0,Yandan kontrollü gazlı ocak: İstenilen ocak gözü yan tarafta bulunan düğmelerden kolaylıkla kontrol edilebilir.,,-,https://www.bosch-home.com.tr/yetkili-saticilar?product=NGU2125DT,-,Serie | 2,0,Tek parça döküm ocak ızgarası: yüksek stabilite ve sağlamlık için,Yüzey rengi: Beyaz emaye,Tezgah üstü: montaja gerek kalmadan-ocağınızı kolayca tezgaha koyunuz.,,
NGU1151LT,arsiv,arsiv,Kendinden kumandalı- gazlı ocak,//media3.bosch-home.com/Product_Shots/600x600/MCSA036346_NGU1051LT_def.jpg,0,https://www.bosch-home.com.tr/urun-listesi/arsiv/NGU1151LT?breadcrumb=null,0,0,Yandan kontrollü gazlı ocak: İstenilen ocak gözü yan tarafta bulunan düğmelerden kolaylıkla kontrol edilebilir.,,-,https://www.bosch-home.com.tr/yetkili-saticilar?product=NGU1151LT,-,Serie | 2,0,Çelik ocak ızgarası: yüksek stabilite ve sağlamlık için,Yüzey rengi: Paslanmaz çelik- zarif tasarım.,Tezgah üstü: montaja gerek kalmadan-ocağınızı kolayca tezgaha koyunuz.,,
NGU1151DT,arsiv,arsiv,Kendinden kumandalı- gazlı solo ocak,//media3.bosch-home.com/Product_Shots/600x600/MCSA036346_NGU1051LT_def.jpg,0,https://www.bosch-home.com.tr/urun-listesi/arsiv/NGU1151DT?breadcrumb=null,0,0,Yandan kontrollü gazlı ocak: İstenilen ocak gözü yan tarafta bulunan düğmelerden kolaylıkla kontrol edilebilir.,,-,https://www.bosch-home.com.tr/yetkili-saticilar?product=NGU1151DT,-,Serie | 2,0,Çelik ocak ızgarası: yüksek stabilite ve sağlamlık için,Yüzey rengi: Paslanmaz çelik- zarif tasarım.,Tezgah üstü: montaja gerek kalmadan-ocağınızı kolayca tezgaha koyunuz.,,
NGU1121LT,arsiv,arsiv,NGU1121LT,//media3.bosch-home.com/Product_Shots/600x600/MCSA036355_NGU1021DN_def.jpg,0,https://www.bosch-home.com.tr/urun-listesi/arsiv/NGU1121LT?breadcrumb=null,0,0,Yandan kontrollü gazlı ocak: İstenilen ocak gözü yan tarafta bulunan düğmelerden kolaylıkla kontrol edilebilir.,,-,https://www.bosch-home.com.tr/yetkili-saticilar?product=NGU1121LT,-,Serie | 2,0,Çelik ocak ızgarası: yüksek stabilite ve sağlamlık için,Yüzey rengi: Beyaz emaye,Tezgah üstü: montaja gerek kalmadan-ocağınızı kolayca tezgaha koyunuz.,,
NGU1121DT,arsiv,arsiv,60 cm Kendinden kumandalı gazlı ocak,//media3.bosch-home.com/Product_Shots/600x600/MCSA036355_NGU1021DN_def.jpg,0,https://www.bosch-home.com.tr/urun-listesi/arsiv/NGU1121DT?breadcrumb=null,0,0,Yandan kontrollü gazlı ocak: İstenilen ocak gözü yan tarafta bulunan düğmelerden kolaylıkla kontrol edilebilir.,,-,https://www.bosch-home.com.tr/yetkili-saticilar?product=NGU1121DT,-,Serie | 2,0,Çelik ocak ızgarası: yüksek stabilite ve sağlamlık için,Yüzey rengi: Beyaz emaye,Tezgah üstü: montaja gerek kalmadan-ocağınızı kolayca tezgaha koyunuz.,,
NGT635STR,arsiv,arsiv,Kendinden kumandalı- gazlı ankastre ocak,//media3.bosch-home.com/Product_Shots/600x600/MCSA031484_NGT635STR_def.jpg,0,https://www.bosch-home.com.tr/urun-listesi/arsiv/NGT635STR?breadcrumb=null,0,0,-,,-,https://www.bosch-home.com.tr/yetkili-saticilar?product=NGT635STR,-,-,0,4 gözü gazlı (1 kuvvetli- 2 normal- 1 ekonomik) Ankastre ocak,Düğmeden otomatik ateşleme,Gaz emniyet sistemi,Dökme demir ocak ızgarası,
NGT615TTR,arsiv,arsiv,NGT615TTR Paslanmaz çelik,//media3.bosch-home.com/Product_Shots/600x600/MCSA020382_NGT615TTR_def.jpg,0,https://www.bosch-home.com.tr/urun-listesi/arsiv/NGT615TTR?breadcrumb=null,0,0,-,,-,https://www.bosch-home.com.tr/yetkili-saticilar?product=NGT615TTR,-,-,0,4 gözü gazlı (1 kuvvetli- 2 normal- 1 ekonomik) Ankastre ocak,Düğmeden otomatik ateşleme,Çelik ocak ızgarası,Fabrika çıkışı LPG'ye ayarlı (28/30 mbar),
NGT615PTR,arsiv,arsiv,NGT615PTR Paslanmaz çelik,//media3.bosch-home.com/Product_Shots/600x600/MCSA025650_NGT615PTR_def.jpg,0,https://www.bosch-home.com.tr/urun-listesi/arsiv/NGT615PTR?breadcrumb=null,0,0,-,,-,https://www.bosch-home.com.tr/yetkili-saticilar?product=NGT615PTR,-,-,0,4 gözü gazlı (1 kuvvetli- 2 normal- 1 ekonomik) Set üstü ocak,Düğmeden otomatik ateşleme,Çelik ocak ızgarası,Fabrika çıkışı LPG'ye ayarlı (28/30 mbar),
MUZ8ZP1,el blenderlari,mutfak makineleri,narenciye sıkacağı beyaz/ şeffaf,//media3.bosch-home.com/Product_Shots/600x600/MCSA024818_MUZ8ZP1_def.jpg,0,https://www.bosch-home.com.tr/urun-listesi/mutfak-makineleri/aksesuarlar/el-blenderlari/MUZ8ZP1?breadcrumb=null,0,0,-,,-,https://www.bosch-home.com.tr/yetkili-saticilar?product=MUZ8ZP1,-,-,0,Süzgecli narenciye sıkacağı,Portakal- limon- greyfurt suyu için mükemmel sonuç,Kabın kapasitesi : 1 litre,,
MUZ8WS2,arsiv,arsiv,Sosis tıkaç aparatı,//media3.bosch-home.com/Product_Shots/600x600/MCSA002251_MUZ7WS2_def.jpg,0,https://www.bosch-home.com.tr/urun-listesi/arsiv/MUZ8WS2?breadcrumb=null,0,0,-,,-,https://www.bosch-home.com.tr/yetkili-saticilar?product=MUZ8WS2,-,-,0,3 adet farklı çaplarda sosis tıkacı,Kıyıcı MUZ8FW1 için,,,
MUZ8PS1,el blenderlari,mutfak makineleri,Kızarmış patates dilimleme diski- paslanmaz çelik,//media3.bosch-home.com/Product_Shots/600x600/MCSA000526_MUZ4PS1_def.jpg,0,https://www.bosch-home.com.tr/urun-listesi/mutfak-makineleri/aksesuarlar/el-blenderlari/MUZ8PS1?breadcrumb=null,0,0,-,,-,https://www.bosch-home.com.tr/yetkili-saticilar?product=MUZ8PS1,-,-,0,Patates kesme aparatı,Kesici disk MUZ8DS1,,,
MUZ8NV3,el blenderlari,mutfak makineleri,Krom çelik kaplamalı profesyonel spagetti aparatı,//media3.bosch-home.com/Product_Shots/600x600/MCSA024360_MUZ8NV3_def.jpg,0,https://www.bosch-home.com.tr/urun-listesi/mutfak-makineleri/aksesuarlar/el-blenderlari/MUZ8NV3?breadcrumb=null,0,0,-,,-,https://www.bosch-home.com.tr/yetkili-saticilar?product=MUZ8NV3,-,-,0,Spagetti yapımı için,Profesyonel lazanya yapımı MUZ8NV1 aparatına ek olarak,MUZ8AD1 ile kullanım için,,
MUZ8NV2,el blenderlari,mutfak makineleri,Krom kaplamalı çelik- profesyonel makarna aparatı,//media3.bosch-home.com/Product_Shots/600x600/MCSA024343_MUZ8NV2_def.jpg,0,https://www.bosch-home.com.tr/urun-listesi/mutfak-makineleri/aksesuarlar/el-blenderlari/MUZ8NV2?breadcrumb=null,0,0,-,,-,https://www.bosch-home.com.tr/yetkili-saticilar?product=MUZ8NV2,-,-,0,Tagliatelle yapımı için,Profesyonel lazanya yapımı MUZ8NV1 aparatına ek olarak,MUZ8AD1 ile kullanım için,,
MUZ8NV1,el blenderlari,mutfak makineleri,Krom kaplamalı çelik- profesyonel makarna aparatı,//media3.bosch-home.com/Product_Shots/600x600/MCSA024342_MUZ8NV1_def.jpg,0,https://www.bosch-home.com.tr/urun-listesi/mutfak-makineleri/aksesuarlar/el-blenderlari/MUZ8NV1?breadcrumb=null,0,0,-,,-,https://www.bosch-home.com.tr/yetkili-saticilar?product=MUZ8NV1,-,-,0,Lazanya yapımı için,MUZ8AD1 ile kullanım için,,,
MUZ8MM1,el blenderlari,mutfak makineleri,Mini mutfak robotu,//media3.bosch-home.com/Product_Shots/600x600/MCSA024326_MUZ8MM1_def.jpg,0,https://www.bosch-home.com.tr/urun-listesi/mutfak-makineleri/aksesuarlar/el-blenderlari/MUZ8MM1?breadcrumb=null,0,0,-,,-,https://www.bosch-home.com.tr/yetkili-saticilar?product=MUZ8MM1,-,-,0,Kesme bıçağı - kesme rendeleme diskleri ( 5 farklı fonksiyon) disk taşıyıcı,Çelik disk ve bıçak,Şeffaf kullanma haznesi ve tıkaç,donmuş sebze - meyve ve buz parçalayabilir,
MUZ8KS1,mum 4 aksesuarlari,mutfak makineleri,Paslanmaz çelik rende aparatı,//media3.bosch-home.com/Product_Shots/600x600/MCSA024341_MUZ8KS1_def.jpg,0,https://www.bosch-home.com.tr/urun-listesi/mutfak-makineleri/aksesuarlar/mum-4-aksesuarlari/MUZ8KS1?breadcrumb=null,0,0,-,,-,https://www.bosch-home.com.tr/yetkili-saticilar?product=MUZ8KS1,Kesici disk MUZ8DS1,-,0,Parmesan peyniri- çikolata- sert peynir v.b rendelemek için,,,,
MUZ8GM1,el blenderlari,mutfak makineleri,Öğütücü aparat,//media3.bosch-home.com/Product_Shots/600x600/MCSA024202_MUZ8GM1_def.jpg,0,https://www.bosch-home.com.tr/urun-listesi/mutfak-makineleri/aksesuarlar/el-blenderlari/MUZ8GM1?breadcrumb=null,0,0,-,,-,https://www.bosch-home.com.tr/yetkili-saticilar?product=MUZ8GM1,-,-,0,Mısır hariç tüm tahıl çeşitleri için,Direk karıştırma kabında öğütme işlemi yapılabilir,Kademesiz öğütme kademesi ayarı ( kalın-ince) hem de cihaz çalışırken,750 g a kadar tahıl kapasiteli doldurma hunisi,
MUZ8FA1,el blenderlari,mutfak makineleri,Kıyma çekme aparatı,//media3.bosch-home.com/Product_Shots/600x600/MCSA024512_MUZ8FA1_def.jpg,0,https://www.bosch-home.com.tr/urun-listesi/mutfak-makineleri/aksesuarlar/el-blenderlari/MUZ8FA1?breadcrumb=null,0,0,-,,-,https://www.bosch-home.com.tr/yetkili-saticilar?product=MUZ8FA1,-,-,0,MUZ8FW1 kıyma aparatı ve MUZ8AD1 adaptörden oluşmaktadır,Çelik delikli disk (4-5 mm çaplı )- çelik bıçak- doldurma ağzı ve tıkaç,Gerekli aksesuarlar ile birlikte kıyma makinası gibi kullanılabilir,,
MUZ8AG1,mum 4 aksesuarlari,mutfak makineleri,Çelik sebze diski,//media3.bosch-home.com/Product_Shots/600x600/MCSA01637847_BO_U_50_UZ1_other_MUZ8AG1_picture_KF1_front_ENG_231115_def.jpg,0,https://www.bosch-home.com.tr/urun-listesi/mutfak-makineleri/aksesuarlar/mum-4-aksesuarlari/MUZ8AG1?breadcrumb=null,0,0,-,,-,https://www.bosch-home.com.tr/yetkili-saticilar?product=MUZ8AG1,Kesici disk MUZ8DS1,-,0,Sebze ve meyveyi ince şeritler halinde keser,,,,
MUZ8AD1,el blenderlari,mutfak makineleri,Adaptör,//media3.bosch-home.com/Product_Shots/600x600/MCSA024359_MUZ8AD1_def.jpg,0,https://www.bosch-home.com.tr/urun-listesi/mutfak-makineleri/aksesuarlar/el-blenderlari/MUZ8AD1?breadcrumb=null,0,0,-,,-,https://www.bosch-home.com.tr/yetkili-saticilar?product=MUZ8AD1,-,-,0,Kıyıcı MUZ8FW1 ve MUZ8NV1 makarna yapma aparatı ile birlikte kullanabilme imkanı,,,,
MUZ7WS2,arsiv,arsiv,sosis tıkaç ataçmanı,//media3.bosch-home.com/Product_Shots/600x600/MCSA002251_MUZ7WS2_def.jpg,0,https://www.bosch-home.com.tr/urun-listesi/arsiv/MUZ7WS2?breadcrumb=null,0,0,-,,-,https://www.bosch-home.com.tr/yetkili-saticilar?product=MUZ7WS2,MUZ 7 FW 1 kıyma makinası için,-,0,3 adet farklı çaplarda sosis tıkacı,,,,
MUZ7FV1,arsiv,arsiv,narenciye sıkma başlığı,//media3.bosch-home.com/Product_Shots/600x600/MCSA000614_MUZ7FV1_def.jpg,0,https://www.bosch-home.com.tr/urun-listesi/arsiv/MUZ7FV1?breadcrumb=null,0,0,-,,-,https://www.bosch-home.com.tr/yetkili-saticilar?product=MUZ7FV1,MUZ 7 FW 1 kıyma makinası için,-,0,sıçrama koruması,,,,
MUZ6TS5,arsiv,arsiv,dilimlerin içinde toplandığı şeffaf kap,//media3.bosch-home.com/Product_Shots/600x600/MCSA035544_MUZ6TS5_def.jpg,0,https://www.bosch-home.com.tr/urun-listesi/arsiv/MUZ6TS5?breadcrumb=null,0,0,-,,-,https://www.bosch-home.com.tr/yetkili-saticilar?product=MUZ6TS5,MUM 6... İçin,-,0,ince-kalın kesme- ince-kalın rendeleme ve patates dilimleme diskleri (5 fonksiyon),Paslanmaz çelik diskler,doldurma yardımlı ve tıkaçlı kapak,her işlemde kullanılabilen miktar tencere kapasitesi ile sınırlıdır,
MUZ6MM3,arsiv,arsiv,beyaz çok amaçlı şeffaf mikser,//media3.bosch-home.com/Product_Shots/600x600/MCSA000611_MUZ6MM3_def.jpg,0,https://www.bosch-home.com.tr/urun-listesi/arsiv/MUZ6MM3?breadcrumb=null,0,0,-,,-,https://www.bosch-home.com.tr/yetkili-saticilar?product=MUZ6MM3,MUM 6... İçin,-,0,kesme bıçağı - kesme rendeleme diskleri ( 5 farklı fonksiyon) disk taşıyıcı,diskler ve bıçaklar çelikten,doldurma yardımlı ve tıkaçlı kapak,donmuş sebze - meyve ve buz parçalayabilir,
MUZ5ZP1,mum 5 aksesuarlari,mutfak makineleri,Turuncu sıkacaklı şeffaf narenciye sıkacağı,//media3.bosch-home.com/Product_Shots/600x600/MCSA048424_MUZ5ZP1_def.jpg,0,https://www.bosch-home.com.tr/urun-listesi/mutfak-makineleri/aksesuarlar/mum-5-aksesuarlari/MUZ5ZP1?breadcrumb=null,0,0,-,,-,https://www.bosch-home.com.tr/yetkili-saticilar?product=MUZ5ZP1,MUM5 modelleri ile uyumlu,-,1527544800,Portakal- limon ve greyfurtlardan daha fazla meyve suyu- üstelik çok hızlı!,Ağızlık ve ergonomik sapı sayesinde sıçratmayan kullanım. Üstelik sürahi gibi servis amaçlı kullanılabilir.,,,
MUZ5VL1,mymum,mutfak makineleri,Sebze ve Meyve Sevgisi Aksesuar Seti: Kesme- dilimleme- rendeleme diskleri ile patates diski ve Asya türü sebze diski,//media3.bosch-home.com/Product_Shots/600x600/MCSA00844128_F2424_MUZ5VL1_478238_def.jpg,0,https://www.bosch-home.com.tr/urun-listesi/mutfak-makineleri/mum-mutfak-makineleri/mymum/MUZ5VL1?breadcrumb=null,0,0,-,,-,https://www.bosch-home.com.tr/yetkili-saticilar?product=MUZ5VL1,-,-,1527544800,Son derece kullanışlı; hılzı ve kolay doğrama- rendeleme ve kesme. Üstelik her türlü malzemeniz için kullanılabilir,5 farklı diski sayesinde çeşit çeşit malzemelerle çalışma esnekliği,Paslanmaz çelik bıçakların temizliği çok kolay,MUM5 modelleri ile uyumlu,
MUZ5PP1,mymum,mutfak makineleri,Lazanya ve erişte keyfiniz için Makarna Tutkusu Aksesuar seti,//media3.bosch-home.com/Product_Shots/600x600/MCSA00844123_F2423_MUZ5PP1_478232_def.jpg,0,https://www.bosch-home.com.tr/urun-listesi/mutfak-makineleri/mum-mutfak-makineleri/mymum/MUZ5PP1?breadcrumb=null,0,0,-,,-,https://www.bosch-home.com.tr/yetkili-saticilar?product=MUZ5PP1,-,-,1527544800,Ev yapımı makarna ve hamur işleriniz için hızlı ve kolay çözüm,MUM5 modelleri ile uyumlu,,,
MUZ5MX1,mymum,mutfak makineleri,MUZ5MX1,//media3.bosch-home.com/Product_Shots/600x600/MCSA049017_MUZ5MX1_def.jpg,0,https://www.bosch-home.com.tr/urun-listesi/mutfak-makineleri/mum-mutfak-makineleri/mymum/MUZ5MX1?breadcrumb=null,0,0,-,,-,https://www.bosch-home.com.tr/yetkili-saticilar?product=MUZ5MX1,-,-,1527544800,Sağlıklı içecekler- detoks formülleri ve kokteyllerinizi hızlı ve kolayca hazırlayın,,,,
MUZ5KR1,mum 5 aksesuarlari,mutfak makineleri,beyaz plastik yoğurma haznesi,//media3.bosch-home.com/Product_Shots/600x600/MCIM02605099_i6378_MUZ5KR1_def.jpg,0,https://www.bosch-home.com.tr/urun-listesi/mutfak-makineleri/aksesuarlar/mum-5-aksesuarlari/MUZ5KR1?breadcrumb=null,0,0,-,,-,https://www.bosch-home.com.tr/yetkili-saticilar?product=MUZ5KR1,MUM5 modelleri ile uyumlu,-,1527544800,Plastik haznenin ısı yalıtım özelliği sayesinde mayalı hamurlarınızda her seferinde kusursuz sonuçlar,Temizliği çok kolay! Bulaşık makinesinde yıkanabilir.,,,
MUZ5FW1,mum 5 aksesuarlari,mutfak makineleri,Alüminyum kıyma makinesi,//media3.bosch-home.com/Product_Shots/600x600/MCSA049018_MUZ5FW1_def.jpg,0,https://www.bosch-home.com.tr/urun-listesi/mutfak-makineleri/aksesuarlar/mum-5-aksesuarlari/MUZ5FW1?breadcrumb=null,0,0,-,,-,https://www.bosch-home.com.tr/yetkili-saticilar?product=MUZ5FW1,MUM5 modelleri ile uyumlu,-,1527544800,Çiğ veya pişmiş eti- balığı ve sebzeleri kolay ve hızlıca kıyın,Dakikada 1kg et kapasitesiyle mükemmel sonuçlar,Kıyma makinesine satın alacağınız ekstra aksesuarlar ile daha fonksiyonel: Meyve presi veya kurabiye şekillendirici,,
MUZ5BS1,mymum,mutfak makineleri,Kurabiye aşkı aksesuar seti ile ev yapımı kurabiyeler: hamur işleri için özel aksesuar- plastik hazne ve kıyma aksesuarı ile hızlı sonuçlar,//media3.bosch-home.com/Product_Shots/600x600/no-picture-available.jpg,0,https://www.bosch-home.com.tr/urun-listesi/mutfak-makineleri/mum-mutfak-makineleri/mymum/MUZ5BS1?breadcrumb=null,0,0,-,,-,https://www.bosch-home.com.tr/yetkili-saticilar?product=MUZ5BS1,-,-,1527544800,Kıyma aksesaurı sayesinde hamur işlerinizi kolayca ve hızlıca hazırlayın,Dahili aksesuarlar sayesinde 4 farklı şekilde kurabiye,Özellikle mayalı hamurlarınızı aynı anda hazırlamak için ekstra esneklik sağlayan plastik yoğurma haznesi.,Kıyma aksesuarı dahil bütün aksesuarların temizliği çok kolay!,
MUZ4MX2,arsiv,arsiv,beyaz şeffaf mikser kabının üzerine oturtulduğu baz,//media3.bosch-home.com/Product_Shots/600x600/MCSA00874032_BO_U_50_UZ1_other_MUZ4MX2_productshot_nKF_front_ENG_170914_def.jpg,0,https://www.bosch-home.com.tr/urun-listesi/arsiv/MUZ4MX2?breadcrumb=null,0,0,-,,-,https://www.bosch-home.com.tr/yetkili-saticilar?product=MUZ4MX2,MUM 4 için,-,0,maksimum kapasite 1.4 l,ölçekli mikser kabı,doldurma hunili kapak,donmuş sebze - meyve ve buz parçalayabilir,
MUZ4MM3,arsiv,arsiv,beyaz çok amaçlı şeffaf mikser,//media3.bosch-home.com/Product_Shots/600x600/MCSA01630740_BO_U_50_UZ1_other_MUZ4MM3_picture_KF1_front_ENG_111115_def.jpg,0,https://www.bosch-home.com.tr/urun-listesi/arsiv/MUZ4MM3?breadcrumb=null,0,0,-,,-,https://www.bosch-home.com.tr/yetkili-saticilar?product=MUZ4MM3,MUM 4 için,-,0,kesme bıçağı - kesme rendeleme diskleri ( 5 farklı fonksiyon) disk taşıyıcı,diskler ve bıçaklar çelikten,doldurma yardımlı ve tıkaçlı kapak,donmuş sebze - meyve ve buz parçalayabilir,
MUZ4LS1,arsiv,arsiv,disk seti,//media3.bosch-home.com/Product_Shots/600x600/MCSA000563_MUZ4LS1_def.jpg,0,https://www.bosch-home.com.tr/urun-listesi/arsiv/MUZ4LS1?breadcrumb=null,0,0,-,,-,https://www.bosch-home.com.tr/yetkili-saticilar?product=MUZ4LS1,kıyma makinası içinMUZ 4 FW 1,-,0,3 ve 6 mm lik delikli diskler,kabadan inceye işlem sonuçları,,,
MUZ45SV1,mum 5 aksesuarlari,mutfak makineleri,Kurabiye şekillendirme aksesuarları,//media3.bosch-home.com/Product_Shots/600x600/MCSA02811504_BO_U_50_UZ1_other_MUZ45SV1_picture_KF2_top_ENG_060818_def.jpg,0,https://www.bosch-home.com.tr/urun-listesi/mutfak-makineleri/aksesuarlar/mum-5-aksesuarlari/MUZ45SV1?breadcrumb=null,0,0,-,,-,https://www.bosch-home.com.tr/yetkili-saticilar?product=MUZ45SV1,MUM4 ve MUM5 kıyma aksesuarları ile kullanılmaktadır,-,1527544800,Hızlı- kolay ve profesyonelce kurabiye hamuru hazırlığı için,MUM4 ve MUM5 modelleri ile uyumludur,,,
MUZ45LS1,mum 5 aksesuarlari,mutfak makineleri,Kıyma diski seti,//media3.bosch-home.com/Product_Shots/600x600/MCSA000563_MUZ4LS1_def.jpg,0,https://www.bosch-home.com.tr/urun-listesi/mutfak-makineleri/aksesuarlar/mum-5-aksesuarlari/MUZ45LS1?breadcrumb=null,0,0,-,,-,https://www.bosch-home.com.tr/yetkili-saticilar?product=MUZ45LS1,MUM4 ve MUM5 kıyma aksesuarları ile kullanılmaktadır,-,1527544800,Çiğ veya pişmiş etler- balık ve sebzelerden ezme- kıyma- marmelad veya köfte yapabilmek için,MUM4 ve MUM5 modelleri ile uyumludur,,,
MUZ45FV1,mum 5 aksesuarlari,mutfak makineleri,Narenciye sıkacağı aksesuarı,//media3.bosch-home.com/Product_Shots/600x600/MCSA000538_MUZ4FV1_def.jpg,0,https://www.bosch-home.com.tr/urun-listesi/mutfak-makineleri/aksesuarlar/mum-5-aksesuarlari/MUZ45FV1?breadcrumb=null,0,0,-,,-,https://www.bosch-home.com.tr/yetkili-saticilar?product=MUZ45FV1,MUM4 ve MUM5 kıyma aksesuarları ile kullanılmaktadır,-,1527544800,Taze meyve sularınız için hızlı ve kolayca meyve ve sebzeleri presleyin.,Reçel- ev yapımı kokteyller ve jöle tatlılarınızın lezzetinden ödün vermeden keyfini çıkarın.,MUM4 ve MUM5 modelleri ile uyumludur,,
MUM7200,arsiv,arsiv,Mutfak robotu beyaz,//media3.bosch-home.com/Product_Shots/600x600/MCSA007544_MUM7200_def.jpg,0,https://www.bosch-home.com.tr/urun-listesi/arsiv/MUM7200?breadcrumb=null,0,0,-,,-,https://www.bosch-home.com.tr/yetkili-saticilar?product=MUM7200,-,-,0,700 watt,Yavaş motor kalkışı,elektronik motor devir kontrolü,4 motor - tek yerleştirme pozisyonu,
MUM54Y00,arsiv,arsiv,Mutfak robotu,//media3.bosch-home.com/Product_Shots/600x600/MCSA00918835_F4586_MUM54Y00_549667_def.jpg,0,https://www.bosch-home.com.tr/urun-listesi/arsiv/MUM54Y00?breadcrumb=null,0,0,Yeni ve canlı- mutfağım için en iyi başlangıç,,-,https://www.bosch-home.com.tr/yetkili-saticilar?product=MUM54Y00,-,-,1448838000,Son moda renkleri ve aksesuarlarıyla etkileyici sonuçlar için ideal yardımcınız,Zorlu hamur işleriniz ve hızlıca işlem yapabilmeniz için ekstra güçlü 900 Watt motor,3-9lt geniş paslanmaz çelik hazne. Bütün hamur türleri için ideal: 2kg'a kadar hafif karışımlar ya da 1-5kg'a kadar mayalı hamurlarınız için,Çelik haznesinde saklanabilen aksesuar çantasıyla yer ve zamandan tasarruf edin.,
MUM54D00,mum 5 serisi,mutfak makineleri,Mutfak Makinesi StartLine,//media3.bosch-home.com/Product_Shots/600x600/MCSA00789525_E8021_MUM54D00_435840_def.jpg,0,https://www.bosch-home.com.tr/urun-listesi/mutfak-makineleri/mum-mutfak-makineleri/mum-5-serisi/MUM54D00?breadcrumb=null,0,0,-,,-,https://www.bosch-home.com.tr/yetkili-saticilar?product=MUM54D00,Beyaz / Dinamik mavi,-,1448838000,Son moda renkleri ve aksesuarlarıyla etkileyici sonuçlar için ideal yardımcınız,Zorlu hamur işleriniz ve hızlıca işlem yapabilmeniz için ekstra güçlü 900 Watt motor,3-9lt geniş paslanmaz çelik hazne. Bütün hamur türleri için ideal: 2kg'a kadar hafif karışımlar ya da 1-5kg'a kadar mayalı hamurlarınız için,Çelik haznesinde saklanabilen aksesuar çantasıyla yer ve zamandan tasarruf edin.,
MUM54420,arsiv,arsiv,Mutfak Makinesi Styline,//media3.bosch-home.com/Product_Shots/600x600/MCSA053049_MUM54420_def.jpg,0,https://www.bosch-home.com.tr/urun-listesi/arsiv/MUM54420?breadcrumb=null,0,0,MUM5 - tasarım ödüllü güçlü mutfak makinesi- Bosch kalitesi ve güvencesiyle,,-,https://www.bosch-home.com.tr/yetkili-saticilar?product=MUM54420,Gövde Rengi RED / Gümüş,-,0,Zorlu hamur işleriniz ve hızlıca işlem yapabilmeniz için ekstra güçlü 900 Watt motor,Yüksek kalite hamur seti- kesme- doğrama ve rendeleme için üç bıçaklı doğrayıcısı ve mikser aparatıyla çok fonksiyonlu,2kg hamur kapasiteli geniş paslanmaz çelik karıştırma kabı ile 7 hız ayarı ve turbo fonksiyonu,Tek dokunuşla kolay ve çaba sarfetmeden kaldırabileceğiniz gövde,Bosch teknolojisi sayesinde kolay ve güvenli kullanım; bulaşık makinesinde yıkanabilir aksesuarlar sayesinde kolay temizlik imkanı
MUM54230,arsiv,arsiv,Mutfak robotu,//media3.bosch-home.com/Product_Shots/600x600/MCSA045930_MUM54230_def.jpg,0,https://www.bosch-home.com.tr/urun-listesi/arsiv/MUM54230?breadcrumb=null,0,0,MUM5 - Bosch'tan Bosch kalitesiyle tasarım ödüllü güçlü mutfak makinesi,,-,https://www.bosch-home.com.tr/yetkili-saticilar?product=MUM54230,-,-,0,Zorlu hamur işleriniz ve hızlıca işlem yapabilmeniz için ekstra güçlü 900 Watt motor,2kg hamur kapasiteli geniş paslanmaz çelik karıştırma kabı ile 7 hız ayarı ve turbo fonksiyonu,Tek dokunuşla kolay ve çaba sarfetmeden kaldırabileceğiniz gövde,Bosch teknolojisi sayesinde kolay ve güvenli kullanım; bulaşık makinesinde yıkanabilir aksesuarlar sayesinde kolay temizlik imkanı,
MUM48CR1,arsiv,arsiv,Mutfak robotu,//media3.bosch-home.com/Product_Shots/600x600/MCSA049740_MUM48CR1_def.jpg,0,https://www.bosch-home.com.tr/urun-listesi/arsiv/MUM48CR1?breadcrumb=null,0,0,MUM4 - Bosch kalitesi evinizde,,-,https://www.bosch-home.com.tr/yetkili-saticilar?product=MUM48CR1,-,-,0,Geniş paslanmaz çelik karıştırma kabı (3-9lt- 2kg yoğruma kapasitesi),Üç boyutta karıştırma teknolojisi sayesinde kusursuz hamur karıştırma performansı,Satın alınabilir aksesuar seçenekleriyle bütün ihtiyaçlarınıza cevap verir: doğrayıcı- makarna ve lazanya aksesuarı- kıyma aksesuarı- mikser ve daha nicesi,Bosch teknolojisi sayesinde kolay ve güvenli kullanım; bulaşık makinesinde yıkanabilir aksesuarlar sayesinde kolay temizlik imkanı,
MUM4880,arsiv,arsiv,Mutfak robotu,//media3.bosch-home.com/Product_Shots/600x600/MCSA049746_MUM4880_def.jpg,0,https://www.bosch-home.com.tr/urun-listesi/arsiv/MUM4880?breadcrumb=null,0,0,-,,-,https://www.bosch-home.com.tr/yetkili-saticilar?product=MUM4880,Gövde Rengi Beyaz / Gümüş,-,0,Güç: 600 W watt,Multi-motion-drive,4 farklı hız kademesi ve park konumu,değişik pozisyonlarda çalışabilen 3 motorlu çok fonksiyonlu kol,
MUM4830,arsiv,arsiv,MUM4830,//media3.bosch-home.com/Product_Shots/600x600/MCSA049742_MUM4830_def.jpg,0,https://www.bosch-home.com.tr/urun-listesi/arsiv/MUM4830?breadcrumb=null,0,0,MUM4 - test edilip onaylanmış mutfak makinesi klasiği- Bosch kalitesi ve güvencesi ve zengin aksesuar seçenekleriyle,,-,https://www.bosch-home.com.tr/yetkili-saticilar?product=MUM4830,Gövde Rengi Beyaz / Beyaz,-,0,Maksimum 2kg hamurlu işlem kapasiteli 3-9lt'lik geniş hazne,Üç boyutta karıştırma teknolojisi sayesinde kusursuz hamur karıştırma performansı,Satın alınabilir aksesuar seçenekleriyle bütün ihtiyaçlarınıza cevap verir: doğrayıcı- makarna ve lazanya aksesuarı- kıyma aksesuarı- mikser ve daha nicesi,Bosch teknolojisi sayesinde kolay ve güvenli kullanım; bulaşık makinesinde yıkanabilir aksesuarlar sayesinde kolay temizlik imkanı,
MSM6B300,arsiv,arsiv,El blender seti,//media3.bosch-home.com/Product_Shots/600x600/MCSA00924883_BO_U_14_UB1_MSM6B_MSM6B300_picture_KF2_accessories_ENG_241114_def.jpg,0,https://www.bosch-home.com.tr/urun-listesi/arsiv/MSM6B300?breadcrumb=null,0,0,-,,-,https://www.bosch-home.com.tr/yetkili-saticilar?product=MSM6B300,Beyaz / Gri,-,0,Güçlü 300 Watt motor - sessiz ve az titreşimli,Ince- zarif tasarim,Kolay kullanım sağlayan ergonomik dizayn,Yiyeceklerin kolay bir şekilde parçalanmasını sağlayan mini chopper,
MSM6B250,arsiv,arsiv,El blenderi,//media3.bosch-home.com/Product_Shots/600x600/MCSA028305_MSM6B250_def.jpg,0,https://www.bosch-home.com.tr/urun-listesi/arsiv/MSM6B250?breadcrumb=null,0,0,-,,-,https://www.bosch-home.com.tr/yetkili-saticilar?product=MSM6B250,Beyaz / Gri,-,0,Güçlü 300 Watt motor - sessiz ve az titreşimli,Ince- zarif tasarim,Kolay kullanım sağlayan ergonomik dizayn,Kolayca çıkartılabilir- dayanıklı çelik ayak,
MSM6A3R,arsiv,arsiv,kablosuz el blenderi - mixxo,//media3.bosch-home.com/Product_Shots/600x600/MCSA026861_MSM6A3R_def.jpg,0,https://www.bosch-home.com.tr/urun-listesi/arsiv/MSM6A3R?breadcrumb=null,0,0,-,,-,https://www.bosch-home.com.tr/yetkili-saticilar?product=MSM6A3R,Kırmızı,-,0,dünyanın ilk lityum-ion pil teknolojili kablosuz el blenderi,kullanım açısından büyük ölçüde esneklik sağlar - istenilen her yerde- elektrik bağlantısına ihtiyaç duymaksızın- kullanılabilir,motor hızı: 10500 devir/dak,memory efect - şarjı bitene kadar aynı güç seviyesinde çalışma özelliği,
MSM6A30,arsiv,arsiv,kablosuz el blenderi - mixxo,//media3.bosch-home.com/Product_Shots/600x600/MCSA024962_MSM6A30_def.jpg,0,https://www.bosch-home.com.tr/urun-listesi/arsiv/MSM6A30?breadcrumb=null,0,0,-,,-,https://www.bosch-home.com.tr/yetkili-saticilar?product=MSM6A30,Beyaz / Tele gri,-,0,dünyanın ilk lityum-ion pil teknolojili kablosuz el blenderi,kullanım açısından büyük ölçüde esneklik sağlar - istenilen her yerde- elektrik bağlantısına ihtiyaç duymaksızın- kullanılabilir,motor hızı: 10500 devir/dak,memory efect - şarjı bitene kadar aynı güç seviyesinde çalışma özelliği,
MSM67160,arsiv,arsiv,Uzun mikser,//media3.bosch-home.com/Product_Shots/600x600/MCSA00464247_D3285_def.jpg,0,https://www.bosch-home.com.tr/urun-listesi/arsiv/MSM67160?breadcrumb=null,0,0,-,,-,https://www.bosch-home.com.tr/yetkili-saticilar?product=MSM67160,-,-,1459461600,Kaymayan yumuşak malzemesi- ergonomik tasarlanmış tutma yeri ile ultra hafif ve kullanışlı,Paslanmaz çelik ayağı ve 4 kanatlı bıçağı ile püre yapmak- karıştırmak ve doğramak çok daha kolay,Bütün işlemleriniz için 12 farklı hız seçeneği ve turbo özelliği tek dokunuşla elinizin altında,Kusursuz sonuçlar için güçlü 750 Watt motor,
MSM6700,arsiv,arsiv,el blender seti - Beyaz / Tele gri,//media3.bosch-home.com/Product_Shots/600x600/MCSA020620_MSM6700_def.jpg,0,https://www.bosch-home.com.tr/urun-listesi/arsiv/MSM6700?breadcrumb=null,0,0,-,,-,https://www.bosch-home.com.tr/yetkili-saticilar?product=MSM6700,-,-,0,güç: 600 watt,ergonomik tasarım ve sof-touch tutma yeri sayesinde kolay kullanım imkanı,sessiz- sarsıntısız motor,kademesiz hız seçim ayarı,
MSM66155,ergomixx,mutfak aletleri,El Blender Seti,//media3.bosch-home.com/Product_Shots/600x600/MCSA00591241_E0348_MSM66155_228888_def.jpg,409,https://www.bosch-home.com.tr/urun-listesi/mutfak-aletleri/el-blenderlari/ergomixx/MSM66155?breadcrumb=null,0,0,-,409-00 TL,602-00 TL,https://www.bosch-home.com.tr/yetkili-saticilar?product=MSM66155,600 watt,-,1515366000,Kaymayan yumuşak malzemesi- ergonomik tasarlanmış tutma yeri ile ultra hafif ve kullanışlı,Paslanmaz çelik ayağı ve 4 kanatlı bıçağı ile püre yapmak- karıştırmak ve doğramak çok daha kolay,Zengin aksesuarlar: baharat- peynir ve kuru yemiş doğramak için doğrayıcı- yumurta beyazı ve krema çırpmak için çırpıcı ve püre yapmak için özel püre ayağı,Kusursuz sonuçlar için güçlü 600 Watt motor,
MSM66110Y,ergomixx,mutfak aletleri,El Blenderı,//media3.bosch-home.com/Product_Shots/600x600/MCSA00824887_E9987_MSM66110Y_461931_def.jpg,199,https://www.bosch-home.com.tr/urun-listesi/mutfak-aletleri/el-blenderlari/ergomixx/MSM66110Y?breadcrumb=null,0,0,-,199-00 TL,362-00 TL,https://www.bosch-home.com.tr/yetkili-saticilar?product=MSM66110Y,600 watt,-,1515366000,Kusursuz sonuçlar için güçlü 600 Watt motor,Maksimum güç için turbo seçeneği tek dokunuşla elinizin altında,Kaymayan yumuşak malzemesi- ergonomik tasarlanmış tutma yeri ile ultra hafif ve kullanışlı,Paslanmaz çelik ayağı ve 4 kanatlı bıçağı ile püre yapmak- karıştırmak ve doğramak çok daha kolay,Pratik mekanizması sayesinde rahatça çıkartılabilen blender ayağını bulaşık makinesinde kolayca temizleme imkanı
MSM66110D,ergomixx,mutfak aletleri,El Blenderı,//media3.bosch-home.com/Product_Shots/600x600/MCSA00824885_E9988_MSM66110D_461930_def.jpg,199,https://www.bosch-home.com.tr/urun-listesi/mutfak-aletleri/el-blenderlari/ergomixx/MSM66110D?breadcrumb=null,0,0,Bu turkuvaz blenderı gözünüzün önünden hiç ayırmayacaksınız,199-00 TL,362-00 TL,https://www.bosch-home.com.tr/yetkili-saticilar?product=MSM66110D,600 watt,-,1527544800,Kusursuz sonuçlar için güçlü 600 Watt motor,Maksimum güç için turbo seçeneği tek dokunuşla elinizin altında,Kaymayan yumuşak malzemesi- ergonomik tasarlanmış tutma yeri ile ultra hafif ve kullanışlı,Paslanmaz çelik ayağı ve 4 kanatlı bıçağı ile püre yapmak- karıştırmak ve doğramak çok daha kolay,Pratik mekanizması sayesinde rahatça çıkartılabilen blender ayağını bulaşık makinesinde kolayca temizleme imkanı
MSM65PER,arsiv,arsiv,El blenderi,//media3.bosch-home.com/Product_Shots/600x600/MCSA045264_MSM65PER_def.jpg,0,https://www.bosch-home.com.tr/urun-listesi/arsiv/MSM65PER?breadcrumb=null,0,0,Günlük mutfak işleriniz için ince ve zarif el blenderi,,-,https://www.bosch-home.com.tr/yetkili-saticilar?product=MSM65PER,-,-,0,Güçlü 750 Watt motor,Doğrama- püre yapma ve karıştırma- hepsi tek üründe,Tek tuşla takıp çıkartılabilen yüksek kalite paslanmaz çelik blender ayağı,Kuru yemiş- baharat- soğan ve peynirleri hızlıca doğramak için doğrayıcısı ile birlikte,Blender ayağı bulaşık makinesinde yıkanabildiği için temizliği de çok kolay
MSM6500,arsiv,arsiv,El blender seti,//media3.bosch-home.com/Product_Shots/600x600/MCSA020619_MSM6500_def.jpg,0,https://www.bosch-home.com.tr/urun-listesi/arsiv/MSM6500?breadcrumb=null,0,0,-,,-,https://www.bosch-home.com.tr/yetkili-saticilar?product=MSM6500,Beyaz / Tele gri,-,0,Güç: 600 watt,Güçlü el blenderi,Ergonomik tasarım ve sof-touch tutma yeri sayesinde kolay kullanım imkanı,Sessiz- sarsıntısız motor,
MSM64120,arsiv,arsiv,El blenderi,//media3.bosch-home.com/Product_Shots/600x600/MCSA00565013_D7780_MSM64120_199159_def.jpg,0,https://www.bosch-home.com.tr/urun-listesi/arsiv/MSM64120?breadcrumb=null,0,0,-,,-,https://www.bosch-home.com.tr/yetkili-saticilar?product=MSM64120,Beyaz / Kırmızı,-,0,Kaymayan yumuşak malzemesi- ergonomik tasarlanmış tutma yeri ile ultra hafif ve kullanışlı,Kusursuz karıştırma ve doğrama için çıkartılabilen paslanmaz çelik 4 kanatlı bıçak tasarımı,Maksimum güç için turbo seçeneği tek dokunuşla elinizin altında,Kuru yemiş- baharat- soğan ve peynirleri hızlıca doğramak için doğrayıcısı ile birlikte,Kusursuz sonuçlar için güçlü 450 Watt motor
MSM6250,arsiv,arsiv,El blenderi,//media3.bosch-home.com/Product_Shots/600x600/MCSA020614_MSM6250_def.jpg,0,https://www.bosch-home.com.tr/urun-listesi/arsiv/MSM6250?breadcrumb=null,0,0,-,,-,https://www.bosch-home.com.tr/yetkili-saticilar?product=MSM6250,Beyaz / Tele gri,-,0,Güç: 400 watt,Güçlü el blenderi,Ergonomik tasarım ve soft-touch tutma yeri sayesinde kolay kullanım imkanı,Sessiz- sarsıntısız motor,
MSM6150,arsiv,arsiv,El blenderi,//media3.bosch-home.com/Product_Shots/600x600/MCSA020615_MSM6150_def.jpg,0,https://www.bosch-home.com.tr/urun-listesi/arsiv/MSM6150?breadcrumb=null,0,0,-,,-,https://www.bosch-home.com.tr/yetkili-saticilar?product=MSM6150,Beyaz / Tele gri,-,0,Güç: 400 watt,Güçlü el blenderi,Ergonomik tasarım ve soft-touch tutma yeri sayesinde kolay kullanım imkanı,Sessiz- sarsıntısız motor,
MSM5110,arsiv,arsiv,easyMixx el blender seti,//media3.bosch-home.com/Product_Shots/600x600/MCSA007915_MSM5110_def.jpg,0,https://www.bosch-home.com.tr/urun-listesi/arsiv/MSM5110?breadcrumb=null,0,0,-,,-,https://www.bosch-home.com.tr/yetkili-saticilar?product=MSM5110,-,-,0,güç: 300 watt,ince - ergonomik tasarlanmış çıkarılabilen ayaklı çubuk mikser,Sıçratma yapmayan özel ayak tasarımı,eject-tuşu sayesinde kolayca çıkarılabilen blender ayağı,
MSM5007,arsiv,arsiv,CereaLine çubuk mikser,//media3.bosch-home.com/Product_Shots/600x600/MCSA016462_MSM5007_def.jpg,0,https://www.bosch-home.com.tr/urun-listesi/arsiv/MSM5007?breadcrumb=null,0,0,-,,-,https://www.bosch-home.com.tr/yetkili-saticilar?product=MSM5007,Fildişi/gümüş,-,0,güç: 300 watt,ince - ergonomik tasarlanmış çıkarılabilen ayaklı çubuk mikser,Sıçratma yapmayan özel ayak tasarımı,eject-tuşu sayesinde kolayca çıkarılabilen blender ayağı,
MSM5000,arsiv,arsiv,EasyMixx el blenderi - Beyaz,//media3.bosch-home.com/Product_Shots/600x600/MCSA008628_MSM5000_def.jpg,0,https://www.bosch-home.com.tr/urun-listesi/arsiv/MSM5000?breadcrumb=null,0,0,-,,-,https://www.bosch-home.com.tr/yetkili-saticilar?product=MSM5000,-,-,0,güç: 260 watt,ince - ergonomik tasarlanmış çıkarılabilen ayaklı çubuk mikser,Sıçratma yapmayan özel ayak tasarımı,eject-tuşu sayesinde kolayca çıkarılabilen blender ayağı,
MMR0800,arsiv,arsiv,chopper - beyaz,//media3.bosch-home.com/Product_Shots/600x600/MCSA006669_MMR0800_def.jpg,0,https://www.bosch-home.com.tr/urun-listesi/arsiv/MMR0800?breadcrumb=null,0,0,-,,-,https://www.bosch-home.com.tr/yetkili-saticilar?product=MMR0800,-,-,0,bağlantı değeri: 350 W watt (maksimum),anlık çalıştırma fonksiyonu,bulaşık makinesinde yıkanabilen- mikrodalga kullanımına uygun polikarbon karıştırma kabı,paslanmaz çelik bıçak,
MMB11R2,arsiv,arsiv,solo blender,//media3.bosch-home.com/Product_Shots/600x600/MCSA051722_MMB11R2_def.jpg,0,https://www.bosch-home.com.tr/urun-listesi/arsiv/MMB11R2?breadcrumb=null,0,0,Buz kırmak ve çorba yapmaktan- smoothie hazırlamaya kadar her şey tek üründe,,-,https://www.bosch-home.com.tr/yetkili-saticilar?product=MMB11R2,Kırmızı,-,0,Kolay kullanım için kapak emniyeti ve 1-75lt'lik yüksek kalite cam hazne,Bulaşık makinesinde yıkanabilir cam hazne,Tek tuşla iki farklı hız ve anlık çalıştırma arasında kolay geçiş,Yüksek kalite paslanmaz çelik bıçağı sayesinde mükemmel sonuçlar,Güçlü 500 Watt motor
MFZ9UZ1,arsiv,arsiv,çopır seti,//media3.bosch-home.com/Product_Shots/600x600/MCSA000510_MFZ9UZ1_def.jpg,0,https://www.bosch-home.com.tr/urun-listesi/arsiv/MFZ9UZ1?breadcrumb=null,0,0,-,,-,https://www.bosch-home.com.tr/yetkili-saticilar?product=MFZ9UZ1,-,-,0,ezme aksesuarı,Püreleme ucu,,,
MFW1550,arsiv,arsiv,champion kıyma makinası,//media3.bosch-home.com/Product_Shots/600x600/MCSA017530_MFW1550_def.jpg,0,https://www.bosch-home.com.tr/urun-listesi/arsiv/MFW1550?breadcrumb=null,0,0,-,,-,https://www.bosch-home.com.tr/yetkili-saticilar?product=MFW1550,-,-,0,Güç: 500 W,kıyma makinesi,emniyetli ve pratik bir şekilde kurulabilme özelliği,140 mm'ye kadar ayarlanabilen taban,
MFW1501,arsiv,arsiv,champion kıyma makinası,//media3.bosch-home.com/Product_Shots/600x600/MCSA008655_MFW1501_def.jpg,0,https://www.bosch-home.com.tr/urun-listesi/arsiv/MFW1501?breadcrumb=null,0,0,-,,-,https://www.bosch-home.com.tr/yetkili-saticilar?product=MFW1501,-,-,0,Güç: 450 W,kıyma makinesi,emniyetli ve pratik bir şekilde kurulabilme özelliği,140 mm'ye kadar ayarlanabilen taban,
MFQ40304,arsiv,arsiv,El Mikseri,//media3.bosch-home.com/Product_Shots/600x600/MCSA02145096_H6586_MFQ40304_1543448_def.jpg,0,https://www.bosch-home.com.tr/urun-listesi/arsiv/MFQ40304?breadcrumb=null,0,0,-,,-,https://www.bosch-home.com.tr/yetkili-saticilar?product=MFQ40304,red diamond / Gümüş,-,0,Güç: 500 W,Modern Motor Teknolojisi: Güçlü- sessiz ve hafif,"ergonomik bir şekilde tasarlanmış ""soft-touch"" tutma yeri",5 farklı hız kademesi,
MFQ36460,ergomixx2,mutfak aletleri,Stantlı El Mikseri,//media3.bosch-home.com/Product_Shots/600x600/MCSA00440641_D1981_MFQ36460_66073_def.jpg,349,https://www.bosch-home.com.tr/urun-listesi/mutfak-aletleri/mikserler/ergomixx2/MFQ36460?breadcrumb=null,0,0,-,349-00 TL,634-00 TL,https://www.bosch-home.com.tr/yetkili-saticilar?product=MFQ36460,Beyaz / Gri,-,1527544800,Rahat ve kolay kavrama için yumuşak ve kaymayan ergonomik tasarım,Sessiz ama güçlü: 5 farklı hız seçeneği,Bütün aksesuarlar bulaşık makinesinde yıkanabilir,Mükemmel sonuç ve performans için güçlü 450 Watt motor,
MFQ36400,arsiv,arsiv,El mikseri,//media3.bosch-home.com/Product_Shots/600x600/MCSA01382588_G0682_MFQ36400_904105_def.jpg,0,https://www.bosch-home.com.tr/urun-listesi/arsiv/MFQ36400?breadcrumb=null,0,0,Yumuşak ve kaymayan özel malzemesiyle elinize mükemmel oturur,,-,https://www.bosch-home.com.tr/yetkili-saticilar?product=MFQ36400,-,-,1459461600,Rahat ve kolay kavrama için yumuşak ve kaymayan ergonomik tasarım,Sessiz ama güçlü: 5 farklı hız seçeneği,Standart aksesuarlar: iki adet çırpma ve iki adet yoğurma ucu,Bütün aksesuarlar bulaşık makinesinde yıkanabilir,Mükemmel sonuç ve performans için güçlü 450 Watt motor
MFQ36300Y,arsiv,arsiv,El mikseri,//media3.bosch-home.com/Product_Shots/600x600/MCSA00824880_E9990_MFQ36300Y_461927_def.jpg,0,https://www.bosch-home.com.tr/urun-listesi/arsiv/MFQ36300Y?breadcrumb=null,0,0,-,,-,https://www.bosch-home.com.tr/yetkili-saticilar?product=MFQ36300Y,-,-,0,Ergonomik tasarlanmış tutma yeriyle çok hafif el mikseri,Güçlü 400 Watt motor,Sessiz ama güçlü: 5 farklı hız seçeneği,Bulaşık makinesinde yıkanabilir iki adet turbo çırpıcı ve yüksek kalite yoğruma ucu,Bütün aksesuarlar bulaşık makinesinde yıkanabilir
MFQ36300D,ergomixx2,mutfak aletleri,El mikseri,//media3.bosch-home.com/Product_Shots/600x600/MCSA00824876_E9992_MFQ36300D_461924_def.jpg,169,https://www.bosch-home.com.tr/urun-listesi/mutfak-aletleri/mikserler/ergomixx2/MFQ36300D?breadcrumb=null,0,0,Elinize kusursuzca oturan turkuvaz el mikseri,169-00 TL,297-00 TL,https://www.bosch-home.com.tr/yetkili-saticilar?product=MFQ36300D,Beyaz / Dinamik mavi,-,1527544800,Ergonomik tasarlanmış tutma yeriyle çok hafif el mikseri,Güçlü 400 Watt motor,Sessiz ama güçlü: 5 farklı hız seçeneği,Bulaşık makinesinde yıkanabilir iki adet turbo çırpıcı ve yüksek kalite yoğruma ucu,Bütün aksesuarlar bulaşık makinesinde yıkanabilir
MFQ36300,arsiv,arsiv,El Mikseri,//media3.bosch-home.com/Product_Shots/600x600/MCSA00427666_D1985_MFQ36300_54329_korr_def.jpg,0,https://www.bosch-home.com.tr/urun-listesi/arsiv/MFQ36300?breadcrumb=null,0,0,-,,-,https://www.bosch-home.com.tr/yetkili-saticilar?product=MFQ36300,Beyaz / Kırmızı,-,0,Ergonomik tasarlanmış tutma yeriyle çok hafif el mikseri,Sessiz ama güçlü: 5 farklı hız seçeneği,Standart aksesuarlar: iki adet çırpma ve iki adet yoğurma ucu,Bütün aksesuarlar bulaşık makinesinde yıkanabilir,Güçlü 400 Watt motor
MFQ3580,arsiv,arsiv,mikser seti,//media3.bosch-home.com/Product_Shots/600x600/MCSA027765_MFQ3580_def.jpg,0,https://www.bosch-home.com.tr/urun-listesi/arsiv/MFQ3580?breadcrumb=null,0,0,-,,-,https://www.bosch-home.com.tr/yetkili-saticilar?product=MFQ3580,-,-,0,Güç: 450 W,"ergonomik bir şekilde tasarlanmış ""soft-touch"" tutma yeri",5 farklı hız kademesi,"anlık çalıştırma ve ""turbo"" fonksiyonları",
MFQ3550,arsiv,arsiv,mikser seti,//media3.bosch-home.com/Product_Shots/600x600/MCSA027767_MFQ3550_def.jpg,0,https://www.bosch-home.com.tr/urun-listesi/arsiv/MFQ3550?breadcrumb=null,0,0,-,,-,https://www.bosch-home.com.tr/yetkili-saticilar?product=MFQ3550,beyaz / gri,-,0,güç: 450 W (maksimum),"ergonomik bir şekilde tasarlanmış ""soft-touch"" tutma yeri",5 farklı hız kademesi,"anlık çalıştırma ve ""turbo"" fonksiyonları",
MFQ3540,arsiv,arsiv,mikser seti,//media3.bosch-home.com/Product_Shots/600x600/MCSA027768_MFQ3540_def.jpg,0,https://www.bosch-home.com.tr/urun-listesi/arsiv/MFQ3540?breadcrumb=null,0,0,-,,-,https://www.bosch-home.com.tr/yetkili-saticilar?product=MFQ3540,-,-,0,Güç: 450 W,"ergonomik bir şekilde tasarlanmış ""soft-touch"" tutma yeri",5 farklı hız kademesi,"anlık çalıştırma ve ""turbo"" fonksiyonları",
MFQ3520,arsiv,arsiv,El Mikseri,//media3.bosch-home.com/Product_Shots/600x600/MCSA027766_MFQ3520_def.jpg,0,https://www.bosch-home.com.tr/urun-listesi/arsiv/MFQ3520?breadcrumb=null,0,0,Günlük hamur işleriniz için dört dörtlük el mikseri,,-,https://www.bosch-home.com.tr/yetkili-saticilar?product=MFQ3520,-,-,0,Sessiz ama güçlü: 5 farklı hız seçeneği,Kusursuz karıştırma ve yoğruma için ikişer adet turbo çırpıcı ve yoğurma ucu ile birlikte,Bütün aksesuarlar bulaşık makinesinde yıkanabilir,Güçlü 350 Watt motor,
MFQ3020,arsiv,arsiv,mikser,//media3.bosch-home.com/Product_Shots/600x600/MCSA01370726_G0375_MFQ3020_887129_korr_def.jpg,0,https://www.bosch-home.com.tr/urun-listesi/arsiv/MFQ3020?breadcrumb=null,0,0,-,,-,https://www.bosch-home.com.tr/yetkili-saticilar?product=MFQ3020,Beyaz,-,0,Güç: 300 W,4 farklı hız ayarı,"anlık çalıştırma ve ""turbo"" fonksiyonları",Modern Motor Teknolojisi: Güçlü- sessiz ve hafif,
MFQ2500,arsiv,arsiv,mikser seti,//media3.bosch-home.com/Product_Shots/600x600/MCSA011962_MFQ2500_def.jpg,0,https://www.bosch-home.com.tr/urun-listesi/arsiv/MFQ2500?breadcrumb=null,0,0,-,,-,https://www.bosch-home.com.tr/yetkili-saticilar?product=MFQ2500,beyaz / donuk yeşil,-,0,güç: 400 W (maksimum),3 farklı hız kademesi,"ergonomik bir şekilde tasarlanmış ""soft-touch"" tutma yeri","çırpma ve yoğurma uçlarını kolayca çıkartmaya yarayan ""eject"" tuşu",
MFQ2107,arsiv,arsiv,el mikseri CereaLine,//media3.bosch-home.com/Product_Shots/600x600/MCSA015095_MFQ2107_def.jpg,0,https://www.bosch-home.com.tr/urun-listesi/arsiv/MFQ2107?breadcrumb=null,0,0,-,,-,https://www.bosch-home.com.tr/yetkili-saticilar?product=MFQ2107,-,-,0,Güç: 400 W,3 farklı hız kademesi,"ergonomik bir şekilde tasarlanmış ""soft-touch"" tutma yeri","çırpma ve yoğurma uçlarını kolayca çıkartmaya yarayan ""eject"" tuşu",
MFQ2000,arsiv,arsiv,mikser,//media3.bosch-home.com/Product_Shots/600x600/MCSA012070_MFQ2000_def.jpg,0,https://www.bosch-home.com.tr/urun-listesi/arsiv/MFQ2000?breadcrumb=null,0,0,-,,-,https://www.bosch-home.com.tr/yetkili-saticilar?product=MFQ2000,-,-,0,Güç: 350 W,3 farklı hız kademesi,"ergonomik bir şekilde tasarlanmış ""soft-touch"" tutma yeri","çırpma ve yoğurma uçlarını kolayca çıkartmaya yarayan ""eject"" tuşu",
MES3500,meyve sikacaklari,mutfak aletleri,Katı Meyve Sıkacağı,//media3.bosch-home.com/Product_Shots/600x600/MCSA00763484_E6382_MES3500_408153_def.jpg,689,https://www.bosch-home.com.tr/urun-listesi/mutfak-aletleri/meyve-sikacaklari/MES3500?breadcrumb=null,0,0,Meyveleri kesmeden hızlı- kolay ve temiz çalışma imkanı,689-00 TL,1.251-00 TL,https://www.bosch-home.com.tr/yetkili-saticilar?product=MES3500,Mavi / Gümüş,-,1514847600,XL besleme ağzı- önceden kesmeye artık son,Paslanmaz çelik bıçağı sayesinde mükemmel meyve suyu kıvamı,Damlama emniyetli pratik ağzı sayesinde damlamayı önler ve kusursuz bir temizlik sunar,Çok güvenli: Ürün düzgün kurulmuşsa ve kapak kapalıysa çalışan motor,Sert ve yumuşak meyveler için iki ayrı hız seçeneği
MES3000,arsiv,arsiv,Katı meyve sıkacağı - Mavi / Gümüş,//media3.bosch-home.com/Product_Shots/600x600/MCSA039589_MES3000_def.jpg,0,https://www.bosch-home.com.tr/urun-listesi/arsiv/MES3000?breadcrumb=null,0,0,Hızlı ve kullanımı kolay: Meyve ve sebzeleri kesmeden çalışmaı imkanı sağlayan güçlü meyve sıkacağı,,-,https://www.bosch-home.com.tr/yetkili-saticilar?product=MES3000,Mavi / Gümüş,-,0,XL besleme ağzı- önceden kesmeye artık son,Paslanmaz çelik bıçağı sayesinde mükemmel meyve suyu kıvamı,Çok güvenli: Ürün düzgün kurulmuşsa ve kapak kapalıysa çalışan motor,Temizlemesi kolay: Bütün parçalar bulaşık makinesinde yıkanabilir,Sert ve yumuşak meyveler için iki ayrı hız seçeneği
MES25A0,meyve sikacaklari,mutfak aletleri,Katı Meyve Sıkacağı,//media3.bosch-home.com/Product_Shots/600x600/MCSA00763480_E6380_MES25A0_408151_def.jpg,569,https://www.bosch-home.com.tr/urun-listesi/mutfak-aletleri/meyve-sikacaklari/MES25A0?breadcrumb=null,0,0,Meyveleri kesmeden hızlı- kolay ve temiz çalışma imkanı,569-00 TL,1.030-00 TL,https://www.bosch-home.com.tr/yetkili-saticilar?product=MES25A0,Beyaz / Antrasit,-,1514847600,XL besleme ağzı- önceden kesmeye artık son,Paslanmaz çelik bıçağı sayesinde mükemmel meyve suyu kıvamı,Damlama emniyetli pratik ağzı sayesinde damlamayı önler ve kusursuz bir temizlik sunar,Çok güvenli: Ürün düzgün kurulmuşsa ve kapak kapalıysa çalışan motor,Sert ve yumuşak meyveler için iki ayrı hız seçeneği
MES20A0,arsiv,arsiv,Katı meyve sıkacağı - Beyaz / Antrasit,//media3.bosch-home.com/Product_Shots/600x600/MCSA045512_MES20A0_def.jpg,0,https://www.bosch-home.com.tr/urun-listesi/arsiv/MES20A0?breadcrumb=null,0,0,Hızlı ve kullanımı kolay: Meyve ve sebzeleri kesmeden çalışmaı imkanı sağlayan güçlü meyve sıkacağı,,-,https://www.bosch-home.com.tr/yetkili-saticilar?product=MES20A0,Beyaz / Antrasit,-,0,XL besleme ağzı- önceden kesmeye artık son,Paslanmaz çelik bıçağı sayesinde mükemmel meyve suyu kıvamı,Çok güvenli: Ürün düzgün kurulmuşsa ve kapak kapalıysa çalışan motor,Temizlemesi kolay: Bütün parçalar bulaşık makinesinde yıkanabilir,Sert ve yumuşak meyveler için iki ayrı hız seçeneği
MES1020,arsiv,arsiv,katı meyve sıkacağı - beyaz / yaz sarısı,//media3.bosch-home.com/Product_Shots/600x600/MCSA028484_MES1020_def.jpg,0,https://www.bosch-home.com.tr/urun-listesi/arsiv/MES1020?breadcrumb=null,0,0,-,,-,https://www.bosch-home.com.tr/yetkili-saticilar?product=MES1020,-,-,0,Güç: 380 W,1 üniversal hız kademesi ayarı,"yüksek verim sağlayan ""double action"" filtre sistemi",farklı sebze ve meyve türleri için kullanılabilir,
MCP3000,arsiv,arsiv,narenciye sıkacağı,//media3.bosch-home.com/Product_Shots/600x600/MCSA009533_MCP3000_def.jpg,0,https://www.bosch-home.com.tr/urun-listesi/arsiv/MCP3000?breadcrumb=null,0,0,-,,-,https://www.bosch-home.com.tr/yetkili-saticilar?product=MCP3000,-,-,0,25 W,büyük veya küçük ebattaki narenciyelerin kolay bir şekilde sıkılmasını sağlayan üniversal sıkma başlığı,sağa-sola dönebilen sıkma başlığı sayesinde yüksek performans,0.8 l kapasiteli meyve suyu haznesi,
MCM64085,arsiv,arsiv,Kompakt Mutfak Robotu,//media3.bosch-home.com/Product_Shots/600x600/MCSA00553802_D6815_MCM64085_182404_def.jpg,0,https://www.bosch-home.com.tr/urun-listesi/arsiv/MCM64085?breadcrumb=null,0,0,Kompakt akıllı mutfak robotu: aksesuar çekmecesi sayesinde yerden tasarruf ederken 45'den fazla özelliğiyle elinden her iş gelir,,-,https://www.bosch-home.com.tr/yetkili-saticilar?product=MCM64085,Güç: 1200 watt,-,0,Rendeleme- doğrama- çırpma- yoğurma ve diğer işleriniz için 45'ten fazla özelliği ile pratik mutfak yardımcınız,Çok yüksek motor gücü: 1200 Watt,1-5kg'a kadar hamurlu karışımlar için 3-9lt kapasiteli XXL hazne ile 1-5lt blender haznesi,Kusursuz sonuçlar için özel kesim yenilikçi doğrama bıçağı,Meyve- sebze- peynir ve etleri eşit küpler halinde kesmek için özel küp kesme aksesuarı (0-8cm)
MCM42024,arsiv,arsiv,Kompakt Mutfak Robotu,//media3.bosch-home.com/Product_Shots/600x600/MCSA00461800_MCM42024_Insert_Set02_def.jpg,0,https://www.bosch-home.com.tr/urun-listesi/arsiv/MCM42024?breadcrumb=null,0,0,-,,-,https://www.bosch-home.com.tr/yetkili-saticilar?product=MCM42024,Gövde Rengi red diamond / Gümüş,-,0,Güç: 800 W watt,Kademesiz hız ayarı- anlık çalışma ve LED çalışma göstergesi,500 gramlık şeffaf plastik karıştırma kaplı- maksimum 1-5 kg unlu karışım kapasiteli- şeffaf kapaklı- doldurma yardımlı ve ittirici aksesuarlı kompakt mutfak robotu,Çok amaçlı çelik parçalayıcı bıçak ve çırpma diski,
MCM4200,arsiv,arsiv,Kompakt Mutfak Robotu,//media3.bosch-home.com/Product_Shots/600x600/MCSA042662_MCM4200_def.jpg,0,https://www.bosch-home.com.tr/urun-listesi/arsiv/MCM4200?breadcrumb=null,0,0,-,,-,https://www.bosch-home.com.tr/yetkili-saticilar?product=MCM4200,Gövde rengi beyaz/gümüş,-,0,Güç: 800 W watt,Entegre aksesuar çekmecesi,Kademesiz hız ayarı- anlık çalışma ve LED çalışma göstergesi,500 gramlık şeffaf plastik karıştırma kaplı- maksimum 1-5 kg unlu karışım kapasiteli- şeffaf kapaklı- doldurma yardımlı ve ittirici aksesuarlı kompakt mutfak robotu,
MCM2150,arsiv,arsiv,Mutfak Robotu Beyaz,//media3.bosch-home.com/Product_Shots/600x600/MCSA043663_MCM2150_def.jpg,0,https://www.bosch-home.com.tr/urun-listesi/arsiv/MCM2150?breadcrumb=null,0,0,Test edilmiş onaylanmış mutfak robotu: blender aksesuarı ile güvenilir ve çok yetenekli,,-,https://www.bosch-home.com.tr/yetkili-saticilar?product=MCM2150,-,-,0,Pratik mutfak yardımcınız: doğrama- dilimleme- yoğurma- çırpma dahil 35 farklı özellik,Premium paslanmaz çelik bıçakları ve uzun ömürlü diskleriyle birlikte çok keskin,1lt kapasiteli blender aksesuarı- 1kg'a kadar hamurlu karışımlar için 2-3lt işlem haznesi,İki farklı hız ayarı ve anlık çalıştırma özelliği,Yüksek güç: 450 Watt
MAZ8BI,accessories,cok fonksiyonlu pisirici,Çoklu Pişirici için aksesuar,//media3.bosch-home.com/Product_Shots/600x600/MCSA01056561_G0166_MAZ8BI_658156_k_def.jpg,0,https://www.bosch-home.com.tr/urun-listesi/cok-fonksiyonlu-pisirici/accessories/MAZ8BI?breadcrumb=null,0,0,-,,-,https://www.bosch-home.com.tr/yetkili-saticilar?product=MAZ8BI,MAZ8BI,-,1493589600,Bütün MUC8 modelleriyle uyumlu,Yüksek kapasite: 5lt hacim (4 litre kullanılabilir hacim),Dayanıklı- sağlam- kolay temizlenebilir teflon ve yapışmaz yüzeyli paslanmaz çelik hazne,Bulaşık makinesinde yıkanabilir,
KUR15A40NE,arsiv,arsiv,ankastre ankastre soğutucu,//media3.bosch-home.com/Product_Shots/600x600/MCSA025764_KUR15A40_def.jpg,0,https://www.bosch-home.com.tr/urun-listesi/arsiv/KUR15A40NE?breadcrumb=null,0,0,-,,-,https://www.bosch-home.com.tr/yetkili-saticilar?product=KUR15A40NE,-,-,0,otomatik defrost,3 adet yüksekliği ayarlanabilir- 1 adet yarım raf olarak kullanılabilir- toplam 4 adet emniyetli cam raf,saydam sebzelik,değişken iç kapı aksesuarları- 1 adet kapaklı tereyağ gözünün de dahil olduğu şeffaf raf ve gözler,
KUR15441NE,arsiv,arsiv,Tezgah-Altı soğutucu,//media3.bosch-home.com/Product_Shots/600x600/MCSA009980_KUR15441NE_def.jpg,0,https://www.bosch-home.com.tr/urun-listesi/arsiv/KUR15441NE?breadcrumb=null,0,0,-,,-,https://www.bosch-home.com.tr/yetkili-saticilar?product=KUR15441NE,Entegre edilebilir,-,0,Net hacim: 141 l,Otomatik defrost,3 adet yüksekliği ayarlanabilir- toplam 4 adet cam raf,Değişken iç kapı aksesuarları,
KTG14N11NE,arsiv,arsiv,büro tipi buzdolabı,//media3.bosch-home.com/Product_Shots/600x600/MCSA033645_KTG14N11NE_def.jpg,0,https://www.bosch-home.com.tr/urun-listesi/arsiv/KTG14N11NE?breadcrumb=null,0,0,-,,-,https://www.bosch-home.com.tr/yetkili-saticilar?product=KTG14N11NE,-,-,0,Sofline dizayn,üst tabla çıkarılabilir (tezgah altı),yüksekliği ayarlanabilir ön ayaklar,Manuel defrost,
KTG14N10NE,arsiv,arsiv,büro tipi buzdolabı,//media3.bosch-home.com/Product_Shots/600x600/MCSA028140_KTG14N10NE_def.jpg,0,https://www.bosch-home.com.tr/urun-listesi/arsiv/KTG14N10NE?breadcrumb=null,0,0,-,,-,https://www.bosch-home.com.tr/yetkili-saticilar?product=KTG14N10NE,-,-,0,soft line tasarım,üst tabla çıkarılabilir (tezgah altı),1 adet cam raf ve 2 adet tel raf olmak üzere 2 adet yüksekliği ayarlanabilir- toplam 3 adet raf,saydam sebzelik,
KSW38940,arsiv,arsiv,şarap soğutucusu,//media3.bosch-home.com/Product_Shots/600x600/MCSA023299_KSW38940_def.jpg,0,https://www.bosch-home.com.tr/urun-listesi/arsiv/KSW38940?breadcrumb=null,0,0,-,,-,https://www.bosch-home.com.tr/yetkili-saticilar?product=KSW38940,-,Serie | 8,0,metalik renk- çift izolasyonlu- alarmlı- cam kapı,alu kapı kolu,kitlenebilir,Elektronik sıcaklık ayarı,
KSV52661NE,arsiv,arsiv,çift kapılı buzdolabı,//media3.bosch-home.com/Product_Shots/600x600/MCSA027500_KSV52661NE_def.jpg,0,https://www.bosch-home.com.tr/urun-listesi/arsiv/KSV52661NE?breadcrumb=null,0,0,-,,-,https://www.bosch-home.com.tr/yetkili-saticilar?product=KSV52661NE,-,-,0,yüksek kapı- bombeli,x-deep: ekstra derin,fan yardımı ile dinamik soğutma,otomatik defrost,
KSV52622NE,arsiv,arsiv,çift kapılı buzdolabı,//media3.bosch-home.com/Product_Shots/600x600/MCSA027507_KSV52622NE_def.jpg,0,https://www.bosch-home.com.tr/urun-listesi/arsiv/KSV52622NE?breadcrumb=null,0,0,-,,-,https://www.bosch-home.com.tr/yetkili-saticilar?product=KSV52622NE,-,-,0,yüksek kapı- bombeli,x-deep: ekstra derin,fan yardımı ile dinamik soğutma,otomatik defrost,
KSV52621NE,arsiv,arsiv,Soğutucu-dondurucu 2 kapılı- statik,//media3.bosch-home.com/Product_Shots/600x600/MCSA017456_KSV52621NE_def.jpg,0,https://www.bosch-home.com.tr/urun-listesi/arsiv/KSV52621NE?breadcrumb=null,0,0,-,,-,https://www.bosch-home.com.tr/yetkili-saticilar?product=KSV52621NE,-,-,0,365 günlük enerji ihtiyacı: 679 kWh,Soft line ve bombeli tasarım,Yüksek Kapı,Toplam net hacim: 511 l,
KSV42624NE,arsiv,arsiv,çift kapılı buzdolabı,//media3.bosch-home.com/Product_Shots/600x600/MCSA027490_KSV42624NE_def.jpg,0,https://www.bosch-home.com.tr/urun-listesi/arsiv/KSV42624NE?breadcrumb=null,0,0,-,,-,https://www.bosch-home.com.tr/yetkili-saticilar?product=KSV42624NE,-,-,0,yüksek kapı- bombeli,fan yardımı ile dinamik soğutma,otomatik defrost,4 adet yüksekliği ayarlanabilir- toplam 5 adet emniyetli cam raf,
KSV42623NE,arsiv,arsiv,çift kapılı buzdolabı,//media3.bosch-home.com/Product_Shots/600x600/MCSA017455_KSV42623NE_def.jpg,0,https://www.bosch-home.com.tr/urun-listesi/arsiv/KSV42623NE?breadcrumb=null,0,0,-,,-,https://www.bosch-home.com.tr/yetkili-saticilar?product=KSV42623NE,-,-,0,soft line ve bombeli tasarım,fan yardımı ile dinamik soğutma,manuel defrost,toplam net hacim: 414 l,
KSV42611NE,arsiv,arsiv,çift kapılı buzdolabı,//media3.bosch-home.com/Product_Shots/600x600/MCSA027505_KSV42611NE_def.jpg,0,https://www.bosch-home.com.tr/urun-listesi/arsiv/KSV42611NE?breadcrumb=null,0,0,-,,-,https://www.bosch-home.com.tr/yetkili-saticilar?product=KSV42611NE,-,-,0,bombeli,fan yardımı ile dinamik soğutma,otomatik defrost,4 adet yüksekliği ayarlanabilir- toplam 5 adet emniyetli cam raf,
KSV42610NE,arsiv,arsiv,Soğutucu-dondurucu 2 kapılı- statik,//media3.bosch-home.com/Product_Shots/600x600/MCSA017879_KSV42610NE_def.jpg,0,https://www.bosch-home.com.tr/urun-listesi/arsiv/KSV42610NE?breadcrumb=null,0,0,-,,-,https://www.bosch-home.com.tr/yetkili-saticilar?product=KSV42610NE,-,-,0,365 günlük enerji ihtiyacı: 544 kWh,Soft line ve bombeli tasarım,Toplam net hacim: 414 l,Üst bölüm: ****dondurucu bölüm net 132 l,
KSV39611NE,arsiv,arsiv,çift kapılı buzdolabı,//media3.bosch-home.com/Product_Shots/600x600/MCSA027504_KSV39611NE_def.jpg,0,https://www.bosch-home.com.tr/urun-listesi/arsiv/KSV39611NE?breadcrumb=null,0,0,-,,-,https://www.bosch-home.com.tr/yetkili-saticilar?product=KSV39611NE,-,-,0,bombeli,fan yardımı ile dinamik soğutma,otomatik defrost,1 adet cam raf- 4 adet yüksekliği ayarlanabilir tel raf olmak üzere toplam 5 adet raf,
KSV39610NE,arsiv,arsiv,Soğutucu-dondurucu 2 kapılı- statik,//media3.bosch-home.com/Product_Shots/600x600/MCSA017991_KSV39610NE_def.jpg,0,https://www.bosch-home.com.tr/urun-listesi/arsiv/KSV39610NE?breadcrumb=null,0,0,-,,-,https://www.bosch-home.com.tr/yetkili-saticilar?product=KSV39610NE,-,-,0,365 günlük enerji ihtiyacı: 537 kWh,Soft line ve bombeli tasarım,Toplam net hacim: 376 l,Üst bölüm: ****dondurucu bölüm net 94 l,
KSV36AI30,arsiv,arsiv,Kolay temizlenebilir inox kapılar,//media3.bosch-home.com/Product_Shots/600x600/MCSA00403703_C9759_KSV36AI30_28608_def.jpg,0,https://www.bosch-home.com.tr/urun-listesi/arsiv/KSV36AI30?breadcrumb=null,0,0,-,,-,https://www.bosch-home.com.tr/yetkili-saticilar?product=KSV36AI30,Tek kapılı buzdolabı,-,0,-,,,,
KSV33603NE,arsiv,arsiv,çift kapılı buzdolabı,//media3.bosch-home.com/Product_Shots/600x600/MCSA027689_KSV33603NE_def.jpg,0,https://www.bosch-home.com.tr/urun-listesi/arsiv/KSV33603NE?breadcrumb=null,0,0,-,,-,https://www.bosch-home.com.tr/yetkili-saticilar?product=KSV33603NE,-,-,0,bombeli,fan yardımı ile dinamik soğutma,otomatik defrost,1 adet cam raf- 3 adet yüksekliği ayarlanabilir tel raf olmak üzere toplam 4 adet raf,
KSU69920NE,arsiv,arsiv,çift kapılı buzdolabı- No Frost,//media3.bosch-home.com/Product_Shots/600x600/MCSA019970_KSU69920NE_def.jpg,0,https://www.bosch-home.com.tr/urun-listesi/arsiv/KSU69920NE?breadcrumb=null,0,0,-,,-,https://www.bosch-home.com.tr/yetkili-saticilar?product=KSU69920NE,-,-,0,elektronik ısı ayarı,multi air flow,süper soğutma,otomatik defrost sistemi,
KSU65920NE,arsiv,arsiv,çift kapılı buzdolabı- No Frost,//media3.bosch-home.com/Product_Shots/600x600/MCSA019965_KSU65920NE_def.jpg,0,https://www.bosch-home.com.tr/urun-listesi/arsiv/KSU65920NE?breadcrumb=null,0,0,-,,-,https://www.bosch-home.com.tr/yetkili-saticilar?product=KSU65920NE,-,-,0,elektronik ısı ayarı,Multi-Airflow sistemi,otomatik defrost sistemi,süper soğutma,
KSU56920NE,arsiv,arsiv,çift kapılı buzdolabı- No Frost,//media3.bosch-home.com/Product_Shots/600x600/MCSA019964_KSU56920NE_def.jpg,0,https://www.bosch-home.com.tr/urun-listesi/arsiv/KSU56920NE?breadcrumb=null,0,0,-,,-,https://www.bosch-home.com.tr/yetkili-saticilar?product=KSU56920NE,-,-,0,bombeli- beyaz,multi air flow,otomatik defrost sistemi,toplam net hacim: 460 l,
KSU49671NE,arsiv,arsiv,çift kapılı buzdolabı- No Frost,//media3.bosch-home.com/Product_Shots/600x600/MCSA027501_KSU49671NE_def.jpg,0,https://www.bosch-home.com.tr/urun-listesi/arsiv/KSU49671NE?breadcrumb=null,0,0,-,,-,https://www.bosch-home.com.tr/yetkili-saticilar?product=KSU49671NE,-,-,0,yüksek kapı- bombeli paslanmaz çelik kapı,dijital olarak okunabilir- elektronik ısı ayarı,tam entegre kapıdan soğutma sistemi,multi air flow,
KSU49631NE,arsiv,arsiv,çift kapılı buzdolabı- No Frost,//media3.bosch-home.com/Product_Shots/600x600/MCSA027508_KSU49631NE_def.jpg,0,https://www.bosch-home.com.tr/urun-listesi/arsiv/KSU49631NE?breadcrumb=null,0,0,-,,-,https://www.bosch-home.com.tr/yetkili-saticilar?product=KSU49631NE,-,-,0,yüksek kapı- bombeli,dijital olarak okunabilir- elektronik ısı ayarı,multi air flow,tam entegre kapıdan soğutma sistemi,
KSU49630NE,arsiv,arsiv,Soğutucu,//media3.bosch-home.com/Product_Shots/600x600/MCSA017453_KSU49630NE_def.jpg,0,https://www.bosch-home.com.tr/urun-listesi/arsiv/KSU49630NE?breadcrumb=null,0,0,-,,-,https://www.bosch-home.com.tr/yetkili-saticilar?product=KSU49630NE,-,-,0,Soft line ve bombeli tasarım,Elektronik kontrollü soğutma sistemi- LED gösterge ile okuma imkanı,No-Frost teknolojisi,Soğutucu ve dondurucu bölmelerinde otomatik defrost,
KSU49622NE,arsiv,arsiv,çift kapılı buzdolabı- No Frost,//media3.bosch-home.com/Product_Shots/600x600/MCSA027512_KSU49622NE_def.jpg,0,https://www.bosch-home.com.tr/urun-listesi/arsiv/KSU49622NE?breadcrumb=null,0,0,-,,-,https://www.bosch-home.com.tr/yetkili-saticilar?product=KSU49622NE,-,-,0,bombeli,LED üzerinden okunabilir- birbirinden ayrılmış- elektronik ısı ayarı,multi air flow,tam entegre kapıdan soğutma sistemi,
KSU49621NE,arsiv,arsiv,Soğutucu,//media3.bosch-home.com/Product_Shots/600x600/MCSA017452_KSU49621NE_def.jpg,0,https://www.bosch-home.com.tr/urun-listesi/arsiv/KSU49621NE?breadcrumb=null,0,0,-,,-,https://www.bosch-home.com.tr/yetkili-saticilar?product=KSU49621NE,-,-,0,Soft line ve bombeli tasarım,Elektronik kontrollü soğutma sistemi- LED gösterge ile okuma imkanı,No-Frost teknolojisi,Soğutucu ve dondurucu bölmelerinde otomatik defrost,
KSU45631NE,arsiv,arsiv,çift kapılı buzdolabı- No Frost,//media3.bosch-home.com/Product_Shots/600x600/MCSA027503_KSU45631NE_def.jpg,0,https://www.bosch-home.com.tr/urun-listesi/arsiv/KSU45631NE?breadcrumb=null,0,0,-,,-,https://www.bosch-home.com.tr/yetkili-saticilar?product=KSU45631NE,-,-,0,yüksek kapı- bombeli,dijital olarak okunabilir- elektronik ısı ayarı,multi air flow,tam entegre kapıdan soğutma sistemi,
KSU45630NE,arsiv,arsiv,Soğutucu,//media3.bosch-home.com/Product_Shots/600x600/MCSA017300_KSU45630NE_def.jpg,0,https://www.bosch-home.com.tr/urun-listesi/arsiv/KSU45630NE?breadcrumb=null,0,0,-,,-,https://www.bosch-home.com.tr/yetkili-saticilar?product=KSU45630NE,-,-,0,Soft line ve bombeli tasarım,Elektronik kontrollü soğutma sistemi- LED gösterge ile okuma imkanı,No-Frost teknolojisi,Soğutucu ve dondurucu bölmelerinde otomatik defrost,
KSU40671NE,arsiv,arsiv,çift kapılı buzdolabı- No Frost,//media3.bosch-home.com/Product_Shots/600x600/MCSA027497_KSU40671NE_def.jpg,0,https://www.bosch-home.com.tr/urun-listesi/arsiv/KSU40671NE?breadcrumb=null,0,0,-,,-,https://www.bosch-home.com.tr/yetkili-saticilar?product=KSU40671NE,-,-,0,yüksek kapı- bombeli paslanmaz çelik kapı- krom inox yan paneller,dijital olarak okunabilir- elektronik ısı ayarı,multi air flow,tam entegre kapıdan soğutma sistemi,
KSU40660NE,arsiv,arsiv,Soğutucu,//media3.bosch-home.com/Product_Shots/600x600/MCSA017860_KSU40660NE_def.jpg,0,https://www.bosch-home.com.tr/urun-listesi/arsiv/KSU40660NE?breadcrumb=null,0,0,-,,-,https://www.bosch-home.com.tr/yetkili-saticilar?product=KSU40660NE,-,-,0,Soft line ve bombeli tasarım,Elektronik kontrollü soğutma sistemi- LED gösterge ile okuma imkanı,No-Frost teknolojisi,Soğutucu ve dondurucu bölmelerinde otomatik defrost,
KSU40631NE,arsiv,arsiv,çift kapılı buzdolabı- No Frost,//media3.bosch-home.com/Product_Shots/600x600/MCSA027499_KSU40631NE_def.jpg,0,https://www.bosch-home.com.tr/urun-listesi/arsiv/KSU40631NE?breadcrumb=null,0,0,-,,-,https://www.bosch-home.com.tr/yetkili-saticilar?product=KSU40631NE,-,-,0,dijital olarak okunabilir- elektronik ısı ayarı,multi air flow,tam entegre kapıdan soğutma sistemi,chiller bölümü (-2°C - + 3°C),
KSU40630NE,arsiv,arsiv,Soğutucu,//media3.bosch-home.com/Product_Shots/600x600/MCSA018431_KSU40630NE_def.jpg,0,https://www.bosch-home.com.tr/urun-listesi/arsiv/KSU40630NE?breadcrumb=null,0,0,-,,-,https://www.bosch-home.com.tr/yetkili-saticilar?product=KSU40630NE,-,-,0,Soft line ve bombeli tasarım,Elektronik kontrollü soğutma sistemi- LED gösterge ile okuma imkanı,No-Frost teknolojisi,Soğutucu ve dondurucu bölmelerinde otomatik defrost,
KSU40623NE,arsiv,arsiv,çift kapılı buzdolabı- No Frost,//media3.bosch-home.com/Product_Shots/600x600/MCSA027506_KSU40623NE_def.jpg,0,https://www.bosch-home.com.tr/urun-listesi/arsiv/KSU40623NE?breadcrumb=null,0,0,-,,-,https://www.bosch-home.com.tr/yetkili-saticilar?product=KSU40623NE,-,-,0,LED üzerinden okunabilir- birbirinden ayrılmış- elektronik ısı ayarı,multi air flow,tam entegre kapıdan soğutma sistemi,chiller bölümü (-2°C - + 3°C),
KSU40622NE,arsiv,arsiv,Soğutucu,//media3.bosch-home.com/Product_Shots/600x600/MCSA018192_KSU40623_def.jpg,0,https://www.bosch-home.com.tr/urun-listesi/arsiv/KSU40622NE?breadcrumb=null,0,0,-,,-,https://www.bosch-home.com.tr/yetkili-saticilar?product=KSU40622NE,-,-,0,Soft line ve bombeli tasarım,Elektronik kontrollü soğutma sistemi- LED gösterge ile okuma imkanı,No-Frost teknolojisi,Soğutucu ve dondurucu bölmelerinde otomatik defrost,
KSU36631NE,arsiv,arsiv,çift kapılı buzdolabı- No Frost,//media3.bosch-home.com/Product_Shots/600x600/MCSA027502_KSU36631NE_def.jpg,0,https://www.bosch-home.com.tr/urun-listesi/arsiv/KSU36631NE?breadcrumb=null,0,0,-,,-,https://www.bosch-home.com.tr/yetkili-saticilar?product=KSU36631NE,-,-,0,dijital olarak okunabilir- elektronik ısı ayarı,multi air flow,tam entegre kapıdan soğutma sistemi,chiller bölümü (-2°C - + 3°C),
KSU36630NE,arsiv,arsiv,Soğutucu,//media3.bosch-home.com/Product_Shots/600x600/MCSA017951_KSU36630NE_def.jpg,0,https://www.bosch-home.com.tr/urun-listesi/arsiv/KSU36630NE?breadcrumb=null,0,0,-,,-,https://www.bosch-home.com.tr/yetkili-saticilar?product=KSU36630NE,-,-,0,Soft line ve bombeli tasarım,Elektronik kontrollü soğutma sistemi- LED gösterge ile okuma imkanı,Görsel uyarı sistemi,No-Frost teknolojisi,
KSU36623NE,arsiv,arsiv,çift kapılı buzdolabı- No Frost,//media3.bosch-home.com/Product_Shots/600x600/MCSA027509_KSU36623NE_def.jpg,0,https://www.bosch-home.com.tr/urun-listesi/arsiv/KSU36623NE?breadcrumb=null,0,0,-,,-,https://www.bosch-home.com.tr/yetkili-saticilar?product=KSU36623NE,-,-,0,LED üzerinden okunabilir- birbirinden ayrılmış- elektronik ısı ayarı,multi air flow,tam entegre kapıdan soğutma sistemi,chiller bölümü (-2°C - + 3°C),
KSU36622NE,arsiv,arsiv,Soğutucu,//media3.bosch-home.com/Product_Shots/600x600/MCSA017449_KSU36622NE_def.jpg,0,https://www.bosch-home.com.tr/urun-listesi/arsiv/KSU36622NE?breadcrumb=null,0,0,-,,-,https://www.bosch-home.com.tr/yetkili-saticilar?product=KSU36622NE,-,-,0,Soft line ve bombeli tasarım,Elektronik kontrollü soğutma sistemi- LED gösterge ile okuma imkanı,Görsel uyarı sistemi,No-Frost teknolojisi,
KSG35V20NE,arsiv,arsiv,tek kapılı buzdolabı,//media3.bosch-home.com/Product_Shots/600x600/MCSA024437_KSG35V20NE_def.jpg,0,https://www.bosch-home.com.tr/urun-listesi/arsiv/KSG35V20NE?breadcrumb=null,0,0,-,,-,https://www.bosch-home.com.tr/yetkili-saticilar?product=KSG35V20NE,-,-,0,bombeli,yarı otomatik defrost sistemi,toplam net hacim: 328 l,soğutucu bölmesi net hacim: 298 l,
KIV32441NE,arsiv,arsiv,Soğutma otomatiği,//media3.bosch-home.com/Product_Shots/600x600/MCSA008309_KIV32441NE_def.jpg,0,https://www.bosch-home.com.tr/urun-listesi/arsiv/KIV32441NE?breadcrumb=null,0,0,-,,-,https://www.bosch-home.com.tr/yetkili-saticilar?product=KIV32441NE,Entegre edilebilir,-,0,Toplam net hacim: 281 l,Elektronik sıcaklık kontrolü- LED gösterge ile okuma imkanı,Üst: ****-Dondurucu bölmesi 37 l kapı açık uyarı özelliği,Şok dondurma özelliği,
KIS38A40NE,arsiv,arsiv,ankastre kombi soğutucu- premium,//media3.bosch-home.com/Product_Shots/600x600/MCSA026774_KIS38A40IE_def.jpg,0,https://www.bosch-home.com.tr/urun-listesi/arsiv/KIS38A40NE?breadcrumb=null,0,0,-,,-,https://www.bosch-home.com.tr/yetkili-saticilar?product=KIS38A40NE,-,-,0,elektronik ısı göstergesi,otomatik defrost,4 adet yüksekliği ayarlanabilir- 1 adet yarım raf olarak kullanılabilir- toplam 5 adet emniyetli cam raf,ilave dışarıya çekilebilir çekmece,
KIL38A40NE,arsiv,arsiv,ankastre soğutucu- comfort,//media3.bosch-home.com/Product_Shots/600x600/MCSA031055_KIL38A40FF_def.jpg,0,https://www.bosch-home.com.tr/urun-listesi/arsiv/KIL38A40NE?breadcrumb=null,0,0,-,,-,https://www.bosch-home.com.tr/yetkili-saticilar?product=KIL38A40NE,-,-,0,LED üzerinden okunabilir elektronik ısı ayarı,otomatik defrost,4 adet yüksekliği ayarlanabilir- 1 adet yarım raf olarak kullanılabilir- toplam 5 adet emniyetli cam raf,2 adet teleskopik raf sistemli saydam sebzelik- ilave dışarıya çekilebilir çekmece,
KGU40623NE,arsiv,arsiv,kombi buzdolabı- No Frost,//media3.bosch-home.com/Product_Shots/600x600/MCSA029360_KGU40623NE_def.jpg,0,https://www.bosch-home.com.tr/urun-listesi/arsiv/KGU40623NE?breadcrumb=null,0,0,-,,-,https://www.bosch-home.com.tr/yetkili-saticilar?product=KGU40623NE,-,-,0,bombeli- parlak dış yüzey,dijital olarak okunabilir- elektronik ısı ayarı,otomatik defrost sistemi,fan yardımı ile dinamik soğutma,
KGU40622NE,arsiv,arsiv,kombi buzdolabı- No Frost,//media3.bosch-home.com/Product_Shots/600x600/MCSA017444_KGU40622NE_def.jpg,0,https://www.bosch-home.com.tr/urun-listesi/arsiv/KGU40622NE?breadcrumb=null,0,0,-,,-,https://www.bosch-home.com.tr/yetkili-saticilar?product=KGU40622NE,-,-,0,soft line tasarım- bombeli; yüksek kapı,toplam net hacim: 366 l,elektronik olarak ayrılmış- kesin ısı ayarı- dışarıdan okunabilir,otomatik defrost sistemi,
KGN86AI40N,arsiv,arsiv,NoFrost- Alttan donduruculu buzdolabı,//media3.bosch-home.com/Product_Shots/600x600/MCSA01081064_F8260_KGN86AI30N_670987_def.jpg,0,https://www.bosch-home.com.tr/urun-listesi/arsiv/KGN86AI40N?breadcrumb=null,0,0,Kendi serisinin En Büyük Net Hacmine ve VitaFresh plus tazelik sistemine sahip NoFrost XXL kombi buzdolabı- yiyecekleriniz için çok daha fazla saklama kapasitesi sunarken iki kata kadar daha uzun süre taze kalmalarını sağlar.,,-,https://www.bosch-home.com.tr/yetkili-saticilar?product=KGN86AI40N,-,Serie | 6,1482879600,A+++ enerji sınıfı ile A enerji sınıfı buzdolaplarına göre %60 daha az enerji harcar.,Ayarlanabilir nem kontrol mekanizmasına sahip sürgülü ve tamamen kapanabilen VitaFresh plus çekmecesi sayesinde meyve ve sebzeler en uygun nem oranında iki katına kadar daha uzun süre taze kalır.,"Ayarlanabilir sıcaklık mekanizması sayesinde VitaFresh plus ""<>"" 0°C çekmecesinde kahvaltılıklarınız- et ve balık gibi hassas yiyecekleriniz 2 kata kadar daha uzun süre taze kaldığı gibi ihtiyaç duyulmadığında çekmeceler kolayca çıkartılıp buzdolabınızda daha fazla kullanım alanı yaratılabilir.",Optimum konuma yerleştirilmiş LED yan aydınlatma- meyve ve sebze çekmecesini aydınlatan LED spot aydınlatmayla birlikte buzdolabında çok daha aydınlık bir iç ortam sağlar.,Özel fonksiyon ayarlarına sahip kapıya entegre LCD elektronik hem buzdolabı hem de dondurucu sıcaklığını kolayca ayarlamayı sağlar.
KGN76AI30N,arsiv,arsiv,NoFrost- Kombi buzdolabı,//media3.bosch-home.com/Product_Shots/600x600/MCSA01081051_F8259_KGN76AI30N_670974_def.jpg,0,https://www.bosch-home.com.tr/urun-listesi/arsiv/KGN76AI30N?breadcrumb=null,0,0,578 litre geniç iç hacme ve VitaFresh plus tazelik sistemine sahip NoFrost XL kombi buzdolabı- yiyecekleriniz için çok daha fazla saklama kapasitesi sunarken iki kata kadar daha uzun süre taze kalmalarını sağlar.,,-,https://www.bosch-home.com.tr/yetkili-saticilar?product=KGN76AI30N,-,Serie | 6,1482879600,A++ enerji sınıfı ile A enerji sınıfı buzdolaplarına göre %40 daha az enerji harcar.,Ayarlanabilir nem kontrol mekanizmasına sahip sürgülü ve tamamen kapanabilen VitaFresh plus çekmecesi sayesinde meyve ve sebzeler en uygun nem oranında iki katına kadar daha uzun süre taze kalır.,"Ayarlanabilir sıcaklık mekanizması sayesinde VitaFresh plus ""<>"" 0°C çekmecesinde kahvaltılıklarınız- et ve balık gibi hassas yiyecekleriniz 2 kata kadar daha uzun süre taze kaldığı gibi ihtiyaç duyulmadığında çekmeceler kolayca çıkartılıp buzdolabınızda daha fazla kullanım alanı yaratılabilir.",Optimum konuma yerleştirilmiş LED yan aydınlatma- meyve ve sebze çekmecesini aydınlatan LED spot aydınlatmayla birlikte buzdolabında çok daha aydınlık bir iç ortam sağlar.,Özel fonksiyon ayarlarına sahip kapıya entegre LCD elektronik hem buzdolabı hem de dondurucu sıcaklığını kolayca ayarlamayı sağlar.
KGN57VW20N,arsiv,arsiv,NoFrost- Alttan donduruculu buzdolabı,//media3.bosch-home.com/Product_Shots/600x600/MCSA042001_KGN57X00NE_def.jpg,0,https://www.bosch-home.com.tr/urun-listesi/arsiv/KGN57VW20N?breadcrumb=null,0,0,505 litre iç hacme ve MultiBox tazelik sistemine sahip NoFrost kombi buzdolabı- yiyecekleriniz için daha uzun süre tazelik sunar.,,-,https://www.bosch-home.com.tr/yetkili-saticilar?product=KGN57VW20N,-,Serie | 2,1482879600,A+ enerji sınıfı ile A enerji sınıfı buzdolaplarına göre %20 daha az enerji harcar.,MultiBox çekmecesinin dalgalı tabanı sayesinde meyve ve sebzeler standart tazelik sistemlerine göre daha uzun süre taze kalır.,MultiAirflow hava akış sistemi sayesinde buzdolabının içerisindeki her noktada eşit soğutma sağlanır.,Oldukça parlak bir iç ortam aydınlatması sunar.,
KGN57SW34N,arsiv,arsiv,NoFrost- Kombi buzdolabı,//media3.bosch-home.com/Product_Shots/600x600/MCSA051939_KGN57S20NE_def.jpg,0,https://www.bosch-home.com.tr/urun-listesi/arsiv/KGN57SW34N?breadcrumb=null,0,0,A++ enerji sınıfında NoFrost kombi buzdolabı minimum enerji ile maksimum performans sağlarken meyve ve sebzeleri 2 kat daha uzun süre taze tutar.,,-,https://www.bosch-home.com.tr/yetkili-saticilar?product=KGN57SW34N,-,Serie | 8,0,Enerji verimliliği A+: Çok tasarruflu soğutma yapar,HydroFreshBox: Optimum nem oranının sağlanmasıyla meyve ve sebzeler iki kata kadar daha uzun süre taze kalır.,ChillerBox: Buzdolabının diğer bölümlerine göre daha soğuk olması sayesinde et ve balık gibi yiyecekleri 2 kata kadar daha uzun süre taze tutar.,FreshSense: Derin dondurucu içindeki sıcaklığın sabit tutulmasıyla yiyecekler daha uzun süre taze saklanır.,NoFrost: Buz oluşmasına karşı mükemmel koruma sayesinde zaman ve enerji tüketen buz çözdürme işlemine bir daha hiç gerek kalmaz.
KGN57SW32N,arsiv,arsiv,NoFrost- Alttan donduruculu buzdolabı,//media3.bosch-home.com/Product_Shots/600x600/MCSA051939_KGN57S20NE_def.jpg,0,https://www.bosch-home.com.tr/urun-listesi/arsiv/KGN57SW32N?breadcrumb=null,0,0,-,,-,https://www.bosch-home.com.tr/yetkili-saticilar?product=KGN57SW32N,-,-,0,-,,,,
KGN57SM32N,arsiv,arsiv,NoFrost- Alttan donduruculu buzdolabı,//media3.bosch-home.com/Product_Shots/600x600/MCSA046428_KGN57S70NE_def.jpg,0,https://www.bosch-home.com.tr/urun-listesi/arsiv/KGN57SM32N?breadcrumb=null,0,0,-,,-,https://www.bosch-home.com.tr/yetkili-saticilar?product=KGN57SM32N,-,-,0,-,,,,
KGN57SB34N,arsiv,arsiv,NoFrost- Kombi buzdolabı,//media3.bosch-home.com/Product_Shots/600x600/MCSA046427_KGN57S50NE_def.jpg,0,https://www.bosch-home.com.tr/urun-listesi/arsiv/KGN57SB34N?breadcrumb=null,0,0,A++ enerji sınıfında NoFrost kombi buzdolabı minimum enerji ile maksimum performans sağlarken meyve ve sebzeleri 2 kat daha uzun süre taze tutar.,,-,https://www.bosch-home.com.tr/yetkili-saticilar?product=KGN57SB34N,-,Serie | 8,0,Enerji verimliliği A++: Çok tasarruflu soğutma yapar,HydroFreshBox: Optimum nem oranının sağlanmasıyla meyve ve sebzeler iki kata kadar daha uzun süre taze kalır.,ChillerBox: Buzdolabının diğer bölümlerine göre daha soğuk olması sayesinde et ve balık gibi yiyecekleri 2 kata kadar daha uzun süre taze tutar.,FreshSense: Derin dondurucu içindeki sıcaklığın sabit tutulmasıyla yiyecekler daha uzun süre taze saklanır.,NoFrost: Buz oluşmasına karşı mükemmel koruma sayesinde zaman ve enerji tüketen buz çözdürme işlemine bir daha hiç gerek kalmaz.
KGN57S20NE,arsiv,arsiv,Alttan donduruculu buzdolabı,//media3.bosch-home.com/Product_Shots/600x600/MCSA051939_KGN57S20NE_def.jpg,0,https://www.bosch-home.com.tr/urun-listesi/arsiv/KGN57S20NE?breadcrumb=null,0,0,-,,-,https://www.bosch-home.com.tr/yetkili-saticilar?product=KGN57S20NE,-,-,0,-,,,,
KGN57PW36N,arsiv,arsiv,NoFrost- Kombi buzdolabı,//media3.bosch-home.com/Product_Shots/600x600/MCSA00738230_E4824_KGN57PW36N_388364_def.jpg,0,https://www.bosch-home.com.tr/urun-listesi/arsiv/KGN57PW36N?breadcrumb=null,0,0,Geniş hacimli NoFrost kombi buzdolapları HydroFresh ile meyve sebzeleri iki kata kadar daha uzun süre taze tutar.,,-,https://www.bosch-home.com.tr/yetkili-saticilar?product=KGN57PW36N,-,Serie | 8,0,HydroFreshBox: Optimum nem oranının sağlanmasıyla meyve ve sebzeler iki kata kadar daha uzun süre taze kalır.,ChillerBox: Buzdolabının diğer bölümlerine göre daha soğuk olması sayesinde et ve balık gibi yiyecekleri 2 kata kadar daha uzun süre taze tutar.,FreshSense: Derin dondurucu içindeki sıcaklığın sabit tutulmasıyla yiyecekler daha uzun süre taze saklanır.,NoFrost: Buz oluşmasına karşı mükemmel koruma sayesinde zaman ve enerji tüketen buz çözdürme işlemine bir daha hiç gerek kalmaz.,MultiAirflow: buzdolabı içindeki her noktada eşit oranda soğukluk sağlanır-böylece gıdalar daha uzun süre taze kalır.
KGN57PI36N,arsiv,arsiv,NoFrost- Kombi buzdolabı,//media3.bosch-home.com/Product_Shots/600x600/MCSA00710546_E3701_KGN57PI34N_370056_def.jpg,0,https://www.bosch-home.com.tr/urun-listesi/arsiv/KGN57PI36N?breadcrumb=null,0,0,Geniş hacimli NoFrost kombi buzdolapları HydroFresh ile meyve sebzeleri iki kata kadar daha uzun süre taze tutar.,,-,https://www.bosch-home.com.tr/yetkili-saticilar?product=KGN57PI36N,-,Serie | 8,0,HydroFreshBox: Optimum nem oranının sağlanmasıyla meyve ve sebzeler iki kata kadar daha uzun süre taze kalır.,ChillerBox: Buzdolabının diğer bölümlerine göre daha soğuk olması sayesinde et ve balık gibi yiyecekleri 2 kata kadar daha uzun süre taze tutar.,FreshSense: Derin dondurucu içindeki sıcaklığın sabit tutulmasıyla yiyecekler daha uzun süre taze saklanır.,NoFrost: Buz oluşmasına karşı mükemmel koruma sayesinde zaman ve enerji tüketen buz çözdürme işlemine bir daha hiç gerek kalmaz.,MultiAirflow: buzdolabı içindeki her noktada eşit oranda soğukluk sağlanır-böylece gıdalar daha uzun süre taze kalır.
KGN57PI32N,arsiv,arsiv,NoFrost- Alttan donduruculu buzdolabı,//media3.bosch-home.com/Product_Shots/600x600/no-picture-available.jpg,0,https://www.bosch-home.com.tr/urun-listesi/arsiv/KGN57PI32N?breadcrumb=null,0,0,-,,-,https://www.bosch-home.com.tr/yetkili-saticilar?product=KGN57PI32N,-,-,0,-,,,,
KGN57AW25N,arsiv,arsiv,NoFrost- Alttan donduruculu buzdolabı,//media3.bosch-home.com/Product_Shots/600x600/MCSA00569604_D7645_KGN57AW25N_205124_def.jpg,0,https://www.bosch-home.com.tr/urun-listesi/arsiv/KGN57AW25N?breadcrumb=null,0,0,505 litre iç hacme ve VitaFresh plus tazelik sistemine sahip NoFrost kombi buzdolabı- yiyecekleriniz için geniş hacim ve iki kata kadar daha uzun süre tazelik sunar.,,-,https://www.bosch-home.com.tr/yetkili-saticilar?product=KGN57AW25N,-,Serie | 6,1482879600,A+ enerji sınıfı ile A enerji sınıfı buzdolaplarına göre %20 daha az enerji harcar.,Ayarlanabilir nem kontrol mekanizmasına sahip sürgülü ve tamamen kapanabilen VitaFresh plus çekmecesi sayesinde meyve ve sebzeler en uygun nem oranında iki katına kadar daha uzun süre taze kalır.,"Ayarlanabilir sıcaklık mekanizması sayesinde VitaFresh plus ""<>"" 0°C çekmecesinde kahvaltılıklarınız- et ve balık gibi hassas yiyecekleriniz 2 kata kadar daha uzun süre taze kaldığı gibi ihtiyaç duyulmadığında çekmeceler kolayca çıkartılıp buzdolabınızda daha fazla kullanım alanı yaratılabilir.",Optimum konumu sayesinde aydınlık bir iç ortam sunarken gölgelenmeyi de engelleyen LED aydınlatmanın cihazın ömrü boyunca değiştirilmesi gerekmez.,Kapıya entegre LED elektronik sayesinde hem buzdolabı hem de dondurucu sıcaklığı kolayca ayarlanabilir.
KGN57AW24N,arsiv,arsiv,NoFrost- Kombi buzdolabı,//media3.bosch-home.com/Product_Shots/600x600/MCSA00565530_E0760_KGN57AW24N_199603_def.jpg,0,https://www.bosch-home.com.tr/urun-listesi/arsiv/KGN57AW24N?breadcrumb=null,0,0,Geniş hacimli NoFrost kombi buzdolapları HydroFresh ile meyve sebzeleri iki kat kadar daha uzun süre taze tutar.,,-,https://www.bosch-home.com.tr/yetkili-saticilar?product=KGN57AW24N,-,Serie | 6,0,HydroFreshBox: Optimum nem oranının sağlanmasıyla meyve ve sebzeler iki kata kadar daha uzun süre taze kalır.,ChillerBox: Buzdolabının diğer bölümlerine göre daha soğuk olması sayesinde et ve balık gibi yiyecekleri 2 kata kadar daha uzun süre taze tutar.,FreshSense: Derin dondurucu içindeki sıcaklığın sabit tutulmasıyla yiyecekler daha uzun süre taze saklanır.,NoFrost: Buz oluşmasına karşı mükemmel koruma sayesinde zaman ve enerji tüketen buz çözdürme işlemine bir daha hiç gerek kalmaz.,MultiAirflow: buzdolabı içindeki her noktada eşit oranda soğukluk sağlanır-böylece gıdalar daha uzun süre taze kalır.
KGN57AW22N,arsiv,arsiv,NoFrost- Alttan donduruculu buzdolabı,//media3.bosch-home.com/Product_Shots/600x600/MCSA046142_KGN57A01NE_def.jpg,0,https://www.bosch-home.com.tr/urun-listesi/arsiv/KGN57AW22N?breadcrumb=null,0,0,-,,-,https://www.bosch-home.com.tr/yetkili-saticilar?product=KGN57AW22N,-,-,0,-,,,,
KGN57AL24N,arsiv,arsiv,NoFrost- Kombi buzdolabı,//media3.bosch-home.com/Product_Shots/600x600/MCSA00571301_D8149_KGN57AL24N_207232_def.jpg,0,https://www.bosch-home.com.tr/urun-listesi/arsiv/KGN57AL24N?breadcrumb=null,0,0,Geniş hacimli NoFrost kombi buzdolapları HydroFresh ile meyve sebzeleri iki kat kadar daha uzun süre taze tutar.,,-,https://www.bosch-home.com.tr/yetkili-saticilar?product=KGN57AL24N,-,Serie | 6,0,HydroFreshBox: Optimum nem oranının sağlanmasıyla meyve ve sebzeler iki kata kadar daha uzun süre taze kalır.,ChillerBox: Buzdolabının diğer bölümlerine göre daha soğuk olması sayesinde et ve balık gibi yiyecekleri 2 kata kadar daha uzun süre taze tutar.,FreshSense: Derin dondurucu içindeki sıcaklığın sabit tutulmasıyla yiyecekler daha uzun süre taze saklanır.,NoFrost: buz oluşmasına karşı mükemmel koruma sayesinde zaman ve enerji tüketen buz çözdürme işlemine bir daha hiç gerek kalmaz.,MultiAirflow: buzdolabı içindeki her noktada eşit oranda soğukluk sağlanır-böylece gıdalar daha uzun süre taze kalır.
KGN57AL22N,arsiv,arsiv,NoFrost- Alttan donduruculu buzdolabı,//media3.bosch-home.com/Product_Shots/600x600/MCSA046145_KGN57A61NE_def.jpg,0,https://www.bosch-home.com.tr/urun-listesi/arsiv/KGN57AL22N?breadcrumb=null,0,0,-,,-,https://www.bosch-home.com.tr/yetkili-saticilar?product=KGN57AL22N,-,-,0,-,,,,
KGN57AB24N,arsiv,arsiv,NoFrost- Kombi buzdolabı,//media3.bosch-home.com/Product_Shots/600x600/MCSA00571299_D8148_KGN57AB24N_207231_def.jpg,0,https://www.bosch-home.com.tr/urun-listesi/arsiv/KGN57AB24N?breadcrumb=null,0,0,Geniş hacimli NoFrost kombi buzdolapları HydroFresh ile meyve sebzeleri iki kat kadar daha uzun süre taze tutar.,,-,https://www.bosch-home.com.tr/yetkili-saticilar?product=KGN57AB24N,-,Serie | 6,0,HydroFreshBox: Optimum nem oranının sağlanmasıyla meyve ve sebzeler iki kata kadar daha uzun süre taze kalır.,ChillerBox: Buzdolabının diğer bölümlerine göre daha soğuk olması sayesinde et ve balık gibi yiyecekleri 2 kata kadar daha uzun süre taze tutar.,FreshSense: Derin dondurucu içindeki sıcaklığın sabit tutulmasıyla yiyecekler daha uzun süre taze saklanır.,NoFrost: Buz oluşmasına karşı mükemmel koruma sayesinde zaman ve enerji tüketen buz çözdürme işlemine bir daha hiç gerek kalmaz.,MultiAirflow: buzdolabı içindeki her noktada eşit oranda soğukluk sağlanır-böylece gıdalar daha uzun süre taze kalır.
KGN56VL30N,alttan donduruculu buzdolaplari,buzdolaplari derin dondurucular,NoFrost- Alttan donduruculu buzdolabı,//media3.bosch-home.com/Product_Shots/600x600/MCSA00922379_F4712_KGN56VL30N_552978_def.jpg,3999,https://www.bosch-home.com.tr/urun-listesi/buzdolaplari-derin-dondurucular/buzdolaplari/alttan-donduruculu-buzdolaplari/KGN56VL30N?breadcrumb=null,0,0,559 litre geniç iç hacme ve VitaFresh tazelik sistemine sahip NoFrost kombi buzdolabı- yiyecekleriniz için çok daha fazla saklama kapasitesi sunarken daha uzun süre taze kalmalarını sağlar!,3.999-00 TL,5.287-00 TL,https://www.bosch-home.com.tr/yetkili-saticilar?product=KGN56VL30N,-,Serie | 4,1482879600,Ayarlanabilir nem kontrol mekanizması sayesinde VitaFresh çekmecesinde meyve ve sebzeler daha uzun süre taze kalır.,"Buzdolabının diğer bölümlerine göre daha soğuk olan VitaFresh ""<>"" 0°C çekmecesi sayesinde kahvaltılıklarınız- et ve balık gibi hassas yiyecekleriniz 2 kata kadar daha uzun süre taze kalır.",Optimum konumu sayesinde aydınlık bir iç ortam sunarken gölgelenmeyi de engelleyen LED aydınlatmanın cihazın ömrü boyunca değiştirilmesi gerekmez.,Kapıya entegre LED elektronik sayesinde hem buzdolabı hem de dondurucu sıcaklığı kolayca ayarlanabilir.,
KGN56PW30N,arsiv,arsiv,NoFrost- Alttan donduruculu buzdolabı,//media3.bosch-home.com/Product_Shots/600x600/MCSA00922378_F4711_KGN56PW30N_552977_def.jpg,0,https://www.bosch-home.com.tr/urun-listesi/arsiv/KGN56PW30N?breadcrumb=null,0,0,554 litre geniç iç hacme ve VitaFresh pro tazelik sistemine sahip NoFrost kombi buzdolabı- yiyecekleriniz için çok daha fazla saklama kapasitesi sunarken üç kata kadar daha uzun süre taze kalmalarını sağlar!,,-,https://www.bosch-home.com.tr/yetkili-saticilar?product=KGN56PW30N,-,Serie | 8,1483311600,Hem sıcaklık hem de nem kontrolü sayesinde VitaFresh pro 0°C tazelik sistemi meyve- sebze ve et- balık gibi yiyeceklerinizi 3 kata kadar daha uzun süre taze saklar.,Optimum konuma yerleştirilmiş LED yan aydınlatma- meyve ve sebze çekmecesini aydınlatan LED spot aydınlatmayla birlikte buzdolabında çok daha aydınlık bir iç ortam sağlar.,Özel fonksiyon ayarlarına sahip kapıya entegre LCD elektronik hem buzdolabı hem de dondurucu sıcaklığını kolayca ayarlamayı sağlar.,Buzdolabının içine ve dışına yerleştirilmiş sensörler sürekli olarak sıcaklık ölçümü yaparak dalgalanmaları en aza indirip çok daha uzun süre tazeliği garantilerler.,Şık tasarlanmış kapı kolları ile buzdolabınızı çok daha rahat kullanabilirsiniz.
KGN56PI30N,arsiv,arsiv,NoFrost- Alttan donduruculu buzdolabı,//media3.bosch-home.com/Product_Shots/600x600/MCSA00922376_F4709_KGN56PI30N_552975_def.jpg,0,https://www.bosch-home.com.tr/urun-listesi/arsiv/KGN56PI30N?breadcrumb=null,0,0,554 litre geniç iç hacme ve VitaFresh pro tazelik sistemine sahip NoFrost kombi buzdolabı- yiyecekleriniz için çok daha fazla saklama kapasitesi sunarken üç kata kadar daha uzun süre taze kalmalarını sağlar!,,-,https://www.bosch-home.com.tr/yetkili-saticilar?product=KGN56PI30N,-,Serie | 8,1482879600,Hem sıcaklık hem de nem kontrolü sayesinde VitaFresh pro 0°C tazelik sistemi meyve- sebze ve et- balık gibi yiyeceklerinizi 3 kata kadar daha uzun süre taze saklar.,Optimum konuma yerleştirilmiş LED yan aydınlatma- meyve ve sebze çekmecesini aydınlatan LED spot aydınlatmayla birlikte buzdolabında çok daha aydınlık bir iç ortam sağlar.,Özel fonksiyon ayarlarına sahip kapıya entegre LCD elektronik hem buzdolabı hem de dondurucu sıcaklığını kolayca ayarlamayı sağlar.,Buzdolabının içine ve dışına yerleştirilmiş sensörler sürekli olarak sıcaklık ölçümü yaparak dalgalanmaları en aza indirip çok daha uzun süre tazeliği garantilerler.,Şık tasarlanmış kapı kolları ile buzdolabınızı çok daha rahat kullanabilirsiniz.
KGN56AW25N,arsiv,arsiv,NoFrost- Kombi buzdolabı,//media3.bosch-home.com/Product_Shots/600x600/MCSA00571291_D8144_KGN56AW25N_207227_def.jpg,0,https://www.bosch-home.com.tr/urun-listesi/arsiv/KGN56AW25N?breadcrumb=null,0,0,Geniş hacimli NoFrost kombi buzdolapları HydroFresh ile meyve sebzeleri iki kat kadar daha uzun süre taze tutar.,,-,https://www.bosch-home.com.tr/yetkili-saticilar?product=KGN56AW25N,-,Serie | 6,0,HydroFreshBox: Optimum nem oranının sağlanmasıyla meyve ve sebzeler iki kata kadar daha uzun süre taze kalır.,ChillerBox: Buzdolabının diğer bölümlerine göre daha soğuk olması sayesinde et ve balık gibi yiyecekleri 2 kata kadar daha uzun süre taze tutar.,FreshSense: Derin dondurucu içindeki sıcaklığın sabit tutulmasıyla yiyecekler daha uzun süre taze saklanır.,NoFrost: Buz oluşmasına karşı mükemmel koruma sayesinde zaman ve enerji tüketen buz çözdürme işlemine bir daha hiç gerek kalmaz.,MultiAirflow: buzdolabı içindeki her noktada eşit oranda soğukluk sağlanır-böylece gıdalar daha uzun süre taze kalır.
KGN56AI40N,arsiv,arsiv,NoFrost- Kombi buzdolabı,//media3.bosch-home.com/Product_Shots/600x600/MCSA00861010_F2723_KGN56AI40N_496299_def.jpg,0,https://www.bosch-home.com.tr/urun-listesi/arsiv/KGN56AI40N?breadcrumb=null,0,0,559 litre geniç iç hacme ve VitaFresh plus tazelik sistemine sahip NoFrost kombi buzdolabı- yiyecekleriniz için çok daha fazla saklama kapasitesi sunarken iki kata kadar daha uzun süre taze kalmalarını sağlar!,,-,https://www.bosch-home.com.tr/yetkili-saticilar?product=KGN56AI40N,-,Serie | 6,1482879600,A+++ enerji sınıfı ile A enerji sınıfı buzdolaplarına göre %60 daha az enerji harcar.,Ayarlanabilir nem kontrol mekanizmasına sahip sürgülü ve tamamen kapanabilen VitaFresh plus çekmecesi sayesinde meyve ve sebzeler en uygun nem oranında iki katına kadar daha uzun süre taze kalır.,"Ayarlanabilir sıcaklık mekanizması sayesinde VitaFresh plus ""<>"" 0°C çekmecesinde kahvaltılıklarınız- et ve balık gibi hassas yiyecekleriniz 2 kata kadar daha uzun süre taze kaldığı gibi ihtiyaç duyulmadığında çekmeceler kolayca çıkartılıp buzdolabınızda daha fazla kullanım alanı yaratılabilir.",Optimum konuma yerleştirilmiş LED yan aydınlatma- meyve ve sebze çekmecesini aydınlatan LED spot aydınlatmayla birlikte buzdolabında çok daha aydınlık bir iç ortam sağlar.,Özel fonksiyon ayarlarına sahip kapıya entegre LCD elektronik hem buzdolabı hem de dondurucu sıcaklığını kolayca ayarlamayı sağlar.
KGN56AI30N,arsiv,arsiv,NoFrost- Alttan donduruculu buzdolabı,//media3.bosch-home.com/Product_Shots/600x600/MCSA01015376_F7043_KGN56AI30N_638483_def.jpg,0,https://www.bosch-home.com.tr/urun-listesi/arsiv/KGN56AI30N?breadcrumb=null,0,0,559 litre geniç iç hacme ve VitaFresh plus tazelik sistemine sahip NoFrost kombi buzdolabı- yiyecekleriniz için çok daha fazla saklama kapasitesi sunarken iki kata kadar daha uzun süre taze kalmalarını sağlar!,,-,https://www.bosch-home.com.tr/yetkili-saticilar?product=KGN56AI30N,-,Serie | 6,1482879600,Ayarlanabilir nem kontrol mekanizmasına sahip sürgülü ve tamamen kapanabilen VitaFresh plus çekmecesi sayesinde meyve ve sebzeler en uygun nem oranında iki katına kadar daha uzun süre taze kalır.,"Ayarlanabilir sıcaklık mekanizması sayesinde VitaFresh plus ""<>"" 0°C çekmecesinde kahvaltılıklarınız- et ve balık gibi hassas yiyecekleriniz 2 kata kadar daha uzun süre taze kaldığı gibi ihtiyaç duyulmadığında çekmeceler kolayca çıkartılıp buzdolabınızda daha fazla kullanım alanı yaratılabilir.",Optimum konuma yerleştirilmiş LED yan aydınlatma- meyve ve sebze çekmecesini aydınlatan LED spot aydınlatmayla birlikte buzdolabında çok daha aydınlık bir iç ortam sağlar.,Özel fonksiyon ayarlarına sahip kapıya entegre LCD elektronik hem buzdolabı hem de dondurucu sıcaklığını kolayca ayarlamayı sağlar.,
KGN56AI25N,arsiv,arsiv,NoFrost- Kombi buzdolabı,//media3.bosch-home.com/Product_Shots/600x600/MCSA00571293_D8145_KGN56AI25N_207228_def.jpg,0,https://www.bosch-home.com.tr/urun-listesi/arsiv/KGN56AI25N?breadcrumb=null,0,0,Geniş hacimli NoFrost kombi buzdolapları HydroFresh ile meyve sebzeleri iki kat kadar daha uzun süre taze tutar.,,-,https://www.bosch-home.com.tr/yetkili-saticilar?product=KGN56AI25N,-,Serie | 6,0,HydroFreshBox: Optimum nem oranının sağlanmasıyla meyve ve sebzeler iki kata kadar daha uzun süre taze kalır.,ChillerBox: Buzdolabının diğer bölümlerine göre daha soğuk olması sayesinde et ve balık gibi yiyecekleri 2 kata kadar daha uzun süre taze tutar.,FreshSense: Derin dondurucu içindeki sıcaklığın sabit tutulmasıyla yiyecekler daha uzun süre taze saklanır.,NoFrost: Buz oluşmasına karşı mükemmel koruma sayesinde zaman ve enerji tüketen buz çözdürme işlemine bir daha hiç gerek kalmaz.,MultiAirflow: buzdolabı içindeki her noktada eşit oranda soğukluk sağlanır-böylece gıdalar daha uzun süre taze kalır.
KGN56A01NE,arsiv,arsiv,Parlak beyaz dış yüzey- Beyaz dış yüzey,//media3.bosch-home.com/Product_Shots/600x600/MCSA029409_KGN56A00NE_def.jpg,0,https://www.bosch-home.com.tr/urun-listesi/arsiv/KGN56A01NE?breadcrumb=null,0,0,-,,-,https://www.bosch-home.com.tr/yetkili-saticilar?product=KGN56A01NE,-,Serie | 6,0,-,,,,
KGN53VW20N,arsiv,arsiv,NoFrost- Alttan donduruculu buzdolabı,//media3.bosch-home.com/Product_Shots/600x600/MCSA041998_KGN53X00NE_def.jpg,0,https://www.bosch-home.com.tr/urun-listesi/arsiv/KGN53VW20N?breadcrumb=null,0,0,NoFrost kombi buzdolabı geniş hacmiyle yiyeceklerinize daha fazla alan sunduğu gibi NoFrost özelliği sayesinde buz çözdürme işlemine bir daha hiç gerek kalmaz.,,-,https://www.bosch-home.com.tr/yetkili-saticilar?product=KGN53VW20N,-,Serie | 4,0,Sebzeliklerin dalgalı tabanı meyve ve sebzeleri su yoğuşmasına karşı korur.,NoFrost: buz oluşmasına karşı mükemmel koruma sayesinde zaman ve enerji tüketen buz çözdürme işlemine bir daha hiç gerek kalmaz.,MultiAirflow: buzdolabı içindeki her noktada eşit oranda soğukluk sağlanır-böylece gıdalar daha uzun süre taze kalır.,AirFresh filtre düzenli hava akımı sayesinde yoğun kokulu gıdalardan gelen kokunun buzdolabınn içinde yayılmasını engeller.,
KGN46A00NE,arsiv,arsiv,kombi buzdolabı- No Frost,//media3.bosch-home.com/Product_Shots/600x600/MCSA029905_KGN46A00NE_def.jpg,0,https://www.bosch-home.com.tr/urun-listesi/arsiv/KGN46A00NE?breadcrumb=null,0,0,-,,-,https://www.bosch-home.com.tr/yetkili-saticilar?product=KGN46A00NE,-,-,0,LED üzerinden okunabilir- birbirinden ayrılmış- elektronik ısı ayarı,otomatik defrost sistemi,temiz hava filtresi,Super Cooling (Süper Soğutma) fonksiyonu,
KGN34VI20N,arsiv,arsiv,NoFrost- Kombi buzdolabı,//media3.bosch-home.com/Product_Shots/600x600/MCSA00600565_D8759_KGN34VI20N_236958_def.jpg,0,https://www.bosch-home.com.tr/urun-listesi/arsiv/KGN34VI20N?breadcrumb=null,0,0,NoFrost kombi buzdolabında zaman ve enerji tüketen buz çözdürme işlemine bir daha hiç gerek kalmadığı gibi CrisperBox sayesinde meyve ve sebzeler daha uzun süre taze kalır.,,-,https://www.bosch-home.com.tr/yetkili-saticilar?product=KGN34VI20N,-,Serie | 4,0,CrisperBox: Nem ayarı sayesinde meyve ve sebzeler daha uzun süre taze kalır.,NoFrost: Buz oluşmasına karşı mükemmel koruma sayesinde zaman ve enerji tüketen buz çözdürme işlemine bir daha hiç gerek kalmaz.,MultiAirflow: buzdolabı içindeki her noktada eşit oranda soğukluk sağlanır-böylece gıdalar daha uzun süre taze kalır.,,
KDV58AL30N,arsiv,arsiv,Üstten donduruculu,//media3.bosch-home.com/Product_Shots/600x600/MCSA049649_KDV58AL30N_def.jpg,0,https://www.bosch-home.com.tr/urun-listesi/arsiv/KDV58AL30N?breadcrumb=null,0,0,Geniş hacimli buzdolabı ChillerBox ve CrisperBox sayesinde meyve- sebze- balık ve et gibi yiyecekler için daha uzun süre tazelik sağlar.,,-,https://www.bosch-home.com.tr/yetkili-saticilar?product=KDV58AL30N,-,Serie | 6,0,Geniş hacimli buzdolapları yiyecekler için çok daha fazla alan sunar.,ChillerBox: Buzdolabının diğer bölümlerine göre daha soğuk olması sayesinde et ve balık gibi yiyecekleri 2 kat daha uzun süre taze tutar.,CrisperBox: Nem ayarı sayesinde meyve ve sebzeler daha uzun süre taze kalır.,LowFrost: Daha az karlanma sayesinde daha az buz çözdürme işlemine ihtiyaç duyulur. Zaman ve enerji tasarrufu sağlar.,FlexShelf: Katlanıp açılabilen bu bölme ihtiyaç duyulduğunda buzdolabı içerisinde daha fazla alan yaratır.
KDV52X60NE,arsiv,arsiv,çift kapılı buzdolabı,//media3.bosch-home.com/Product_Shots/600x600/MCSA029804_KDV52X60NE_def.jpg,0,https://www.bosch-home.com.tr/urun-listesi/arsiv/KDV52X60NE?breadcrumb=null,0,0,-,,-,https://www.bosch-home.com.tr/yetkili-saticilar?product=KDV52X60NE,-,-,0,yüksek kapı- gümüş,fan yardımı ile dinamik soğutma,otomatik defrost,4 adet yüksekliği ayarlanabilir- toplam 5 adet emniyetli cam raf,
KDV52X00NE,arsiv,arsiv,çift kapılı buzdolabı,//media3.bosch-home.com/Product_Shots/600x600/MCSA029772_KDV52X00NE_def.jpg,0,https://www.bosch-home.com.tr/urun-listesi/arsiv/KDV52X00NE?breadcrumb=null,0,0,-,,-,https://www.bosch-home.com.tr/yetkili-saticilar?product=KDV52X00NE,-,-,0,yüksek kapı,fan yardımı ile dinamik soğutma,otomatik defrost,4 adet yüksekliği ayarlanabilir- toplam 5 adet emniyetli cam raf,
KDV43VW20N,arsiv,arsiv,Üstten donduruculu,//media3.bosch-home.com/Product_Shots/600x600/MCSA00666647_E2325_KDV43VW20N_318840_def.jpg,0,https://www.bosch-home.com.tr/urun-listesi/arsiv/KDV43VW20N?breadcrumb=null,0,0,A+ enerji sınıfında geniş hacimli buzdolabı CrisperBox ile meyve ve sebzeleri daha uzun süre taze tutar.,,-,https://www.bosch-home.com.tr/yetkili-saticilar?product=KDV43VW20N,-,Serie | 4,0,Geniş hacmi sayesinde buzdolabı yiyecekleriniz için daha fazla alan sağlar.,CrisperBox: Nem ayarı sayesinde meyve ve sebzeler daha uzun süre taze kalır.,LowFrost: Daha az karlanma sayesinde daha az buz çözdürme işlemine ihtiyaç duyulur. Zaman ve enerji tasarrufu sağlar.,Cihazın ömrü boyunca sorunsuz çalışan LED aydınlatma buzdolabının içinde homojen bir aydınlatma sağlar ve parlama yapmaz.,
KDV42X00NE,arsiv,arsiv,çift kapılı buzdolabı,//media3.bosch-home.com/Product_Shots/600x600/MCSA029764_KDV42X00NE_def.jpg,0,https://www.bosch-home.com.tr/urun-listesi/arsiv/KDV42X00NE?breadcrumb=null,0,0,-,,-,https://www.bosch-home.com.tr/yetkili-saticilar?product=KDV42X00NE,-,-,0,parlak dış yüzey,fan yardımı ile dinamik soğutma,otomatik defrost,4 adet yüksekliği ayarlanabilir- toplam 5 adet emniyetli cam raf,
KDV42V00NE,arsiv,arsiv,çift kapılı buzdolabı,//media3.bosch-home.com/Product_Shots/600x600/MCSA029751_KDV42V00NE_def.jpg,0,https://www.bosch-home.com.tr/urun-listesi/arsiv/KDV42V00NE?breadcrumb=null,0,0,-,,-,https://www.bosch-home.com.tr/yetkili-saticilar?product=KDV42V00NE,-,-,0,yüksek kapı,otomatik defrost,4 adet yüksekliği ayarlanabilir- toplam 5 adet emniyetli cam raf,2 adet saydam sebzelik,
KDV39V00NE,arsiv,arsiv,çift kapılı buzdolabı,//media3.bosch-home.com/Product_Shots/600x600/MCSA029766_KDV39V00NE_def.jpg,0,https://www.bosch-home.com.tr/urun-listesi/arsiv/KDV39V00NE?breadcrumb=null,0,0,-,,-,https://www.bosch-home.com.tr/yetkili-saticilar?product=KDV39V00NE,-,-,0,yüksek kapı,otomatik defrost,4 adet yüksekliği ayarlanabilir- toplam 5 adet emniyetli cam raf,2 adet saydam sebzelik,
KDV33VW30N,arsiv,arsiv,LowFrost- Üstten donduruculu buzdolabı,//media3.bosch-home.com/Product_Shots/600x600/MCSA049696_KDV33VW30N_def.jpg,0,https://www.bosch-home.com.tr/urun-listesi/arsiv/KDV33VW30N?breadcrumb=null,0,0,303 litre iç hacme ve VitaFresh tazelik sistemine sahip LowFrost üstten donduruculu buzdolabı- yiyecekleriniz için daha uzun süre tazelik sunar.,,-,https://www.bosch-home.com.tr/yetkili-saticilar?product=KDV33VW30N,-,Serie | 4,1482879600,Ayarlanabilir nem kontrol mekanizması sayesinde VitaFresh çekmecesinde meyve ve sebzeler daha uzun süre taze kalır.,Optimum konumu sayesinde aydınlık bir iç ortam sunarken gölgelenmeyi de engelleyen LED aydınlatmanın cihazın ömrü boyunca değiştirilmesi gerekmez.,,,
KDV33V00NE,arsiv,arsiv,çift kapılı buzdolabı,//media3.bosch-home.com/Product_Shots/600x600/MCSA031511_KDV33V00NE_def.jpg,0,https://www.bosch-home.com.tr/urun-listesi/arsiv/KDV33V00NE?breadcrumb=null,0,0,-,,-,https://www.bosch-home.com.tr/yetkili-saticilar?product=KDV33V00NE,-,-,0,yüksekliği ayarlanabilir ön ayaklar- tekerlekli arka ayaklar,Otomatik defrost,4 adet yüksekliği ayarlanabilir- toplam 5 adet emniyetli cam raf,Şeffaf sebzelik,
KDV29VW30N,arsiv,arsiv,Üstten donduruculu,//media3.bosch-home.com/Product_Shots/600x600/MCSA049694_KDV29VW30N_def.jpg,0,https://www.bosch-home.com.tr/urun-listesi/arsiv/KDV29VW30N?breadcrumb=null,0,0,A++ buzdolapları minimum enerji ile maksimum performans sağlarken CrisperBox sayesinde meyve ve sebzeleri daha uzun süre taze tutar.,,-,https://www.bosch-home.com.tr/yetkili-saticilar?product=KDV29VW30N,-,Serie | 4,0,Enerji verimliliği A+: Çok tasarruflu soğutma yapar,CrisperBox: Nem ayarı sayesinde meyve ve sebzeler daha uzun süre taze kalır.,LowFrost: Daha az karlanma sayesinde daha az buz çözdürme işlemine ihtiyaç duyulur. Zaman ve enerji tasarrufu sağlar.,Cihazın ömrü boyunca sorunsuz çalışan LED aydınlatma buzdolabının içinde homojen bir aydınlatma sağlar ve parlama yapmaz.,
KDN74AL20N,arsiv,arsiv,NoFrost- Üstten donduruculu,//media3.bosch-home.com/Product_Shots/600x600/MCSA00471241_D3799_KDN74AL20N_96190_def.jpg,0,https://www.bosch-home.com.tr/urun-listesi/arsiv/KDN74AL20N?breadcrumb=null,0,0,XXL NoFrost buzdolabı yiyecekleriniz için ekstra fazla alan sağlarken ChillerBox sayesinde et ve balık gibi yiyecekleri 2 kat daha uzun süre taze tutar.,,-,https://www.bosch-home.com.tr/yetkili-saticilar?product=KDN74AL20N,-,Serie | 4,0,Geniş hacimli buzdolapları yiyecekler için çok daha fazla alan sunar.,ChillerBox: Buzdolabının diğer bölümlerine göre daha soğuk olması sayesinde et ve balık gibi yiyecekleri 2 kata kadar daha uzun süre taze tutar.,CrisperBox: Nem ayarı sayesinde meyve ve sebzeler daha uzun süre taze kalır.,Kapıya entegre dijital elektronik-buzdolabının kapağı açılmadan kolayca kullanılabilir.,NoFrost: buz oluşmasına karşı mükemmel koruma sayesinde zaman ve enerji tüketen buz çözdürme işlemine bir daha hiç gerek kalmaz.
KDN64VL20N,arsiv,arsiv,NoFrost- Üstten donduruculu,//media3.bosch-home.com/Product_Shots/600x600/MCSA00418932_D0989_KDN64VL20N_45120_def.jpg,0,https://www.bosch-home.com.tr/urun-listesi/arsiv/KDN64VL20N?breadcrumb=null,0,0,XXL NoFrost buzdolabı yiyecekleriniz için ekstra fazla alan sağlarken ChillerBox sayesinde et ve balık gibi yiyecekleri 2 kat daha uzun süre taze tutar.,,-,https://www.bosch-home.com.tr/yetkili-saticilar?product=KDN64VL20N,-,Serie | 4,0,Geniş hacimli buzdolapları yiyecekler için çok daha fazla alan sunar.,ChillerBox: Buzdolabının diğer bölümlerine göre daha soğuk olması sayesinde et ve balık gibi yiyecekleri 2 kata kadar daha uzun süre taze tutar.,CrisperBox: Nem ayarı sayesinde meyve ve sebzeler daha uzun süre taze kalır.,Kapıya entegre dijital elektronik-buzdolabının kapağı açılmadan kolayca kullanılabilir.,NoFrost: buz oluşmasına karşı mükemmel koruma sayesinde zaman ve enerji tüketen buz çözdürme işlemine bir daha hiç gerek kalmaz.
KDN59AW35N,arsiv,arsiv,NoFrost- Üstten donduruculu buzdolabı,//media3.bosch-home.com/Product_Shots/600x600/MCSA00587750_D8258_KDN59AW35N_225693_def.jpg,0,https://www.bosch-home.com.tr/urun-listesi/arsiv/KDN59AW35N?breadcrumb=null,0,0,550 litre iç hacme ve VitaFresh plus tazelik sistemine sahip NoFrost üstten donduruculu buzdolabı- yiyecekleriniz için daha fazla saklama kapasitesi ve iki kata kadar daha uzun süre tazelik sunar.,,-,https://www.bosch-home.com.tr/yetkili-saticilar?product=KDN59AW35N,-,Serie | 6,1482879600,Ayarlanabilir nem kontrol mekanizmasına sahip sürgülü ve tamamen kapanabilen VitaFresh plus çekmecesi sayesinde meyve ve sebzeler en uygun nem oranında iki katına kadar daha uzun süre taze kalır.,"Ayarlanabilir sıcaklık mekanizması sayesinde VitaFresh plus ""<>"" 0°C çekmecesinde kahvaltılıklarınız- et ve balık gibi hassas yiyecekleriniz 2 kata kadar daha uzun süre taze kaldığı gibi ihtiyaç duyulmadığında çekmeceler kolayca çıkartılıp buzdolabınızda daha fazla kullanım alanı yaratılabilir.",Optimum konumu sayesinde aydınlık bir iç ortam sunarken gölgelenmeyi de engelleyen LED aydınlatmanın cihazın ömrü boyunca değiştirilmesi gerekmez.,Kapıya entegre LED elektronik sayesinde hem buzdolabı hem de dondurucu sıcaklığı kolayca ayarlanabilir.,
KDN56VW25N,arsiv,arsiv,NoFrost- Üstten donduruculu,//media3.bosch-home.com/Product_Shots/600x600/no-picture-available.jpg,0,https://www.bosch-home.com.tr/urun-listesi/arsiv/KDN56VW25N?breadcrumb=null,0,0,507 litre iç hacme ve VitaFresh tazelik sistemine sahip NoFrost üstten donduruculu buzdolabı- yiyecekleriniz için daha fazla saklama kapasitesi ve uzun süre tazelik sunar.,,-,https://www.bosch-home.com.tr/yetkili-saticilar?product=KDN56VW25N,-,Serie | 4,1482879600,A+ enerji sınıfı ile A enerji sınıfı buzdolaplarına göre %20 daha az enerji harcar.,Ayarlanabilir nem kontrol mekanizması sayesinde VitaFresh çekmecesinde meyve ve sebzeler daha uzun süre taze kalır.,"Buzdolabının diğer bölümlerine göre daha soğuk olan VitaFresh ""<>"" 0°C çekmecesi sayesinde kahvaltılıklarınız- et ve balık gibi hassas yiyecekleriniz 2 kata kadar daha uzun süre taze kalır.",Optimum konumu sayesinde aydınlık bir iç ortam sunarken gölgelenmeyi de engelleyen LED aydınlatmanın cihazın ömrü boyunca değiştirilmesi gerekmez.,Kapıya entegre LED elektronik sayesinde hem buzdolabı hem de dondurucu sıcaklığı kolayca ayarlanabilir.
KDN56VI35N,arsiv,arsiv,NoFrost- Üstten donduruculu buzdolabı,//media3.bosch-home.com/Product_Shots/600x600/MCSA00666087_F3874_KDN56VI35N_318392_def.jpg,0,https://www.bosch-home.com.tr/urun-listesi/arsiv/KDN56VI35N?breadcrumb=null,0,0,507 litre iç hacme ve VitaFresh tazelik sistemine sahip NoFrost üstten donduruculu buzdolabı- yiyecekleriniz için daha fazla saklama kapasitesi ve uzun süre tazelik sunar.,,-,https://www.bosch-home.com.tr/yetkili-saticilar?product=KDN56VI35N,-,Serie | 4,1482879600,Ayarlanabilir nem kontrol mekanizması sayesinde VitaFresh çekmecesinde meyve ve sebzeler daha uzun süre taze kalır.,"Buzdolabının diğer bölümlerine göre daha soğuk olan VitaFresh ""<>"" 0°C çekmecesi sayesinde kahvaltılıklarınız- et ve balık gibi hassas yiyecekleriniz 2 kata kadar daha uzun süre taze kalır.",Optimum konumu sayesinde aydınlık bir iç ortam sunarken gölgelenmeyi de engelleyen LED aydınlatmanın cihazın ömrü boyunca değiştirilmesi gerekmez.,Kapıya entegre LED elektronik sayesinde hem buzdolabı hem de dondurucu sıcaklığı kolayca ayarlanabilir.,
KDN56VI30N,arsiv,arsiv,NoFrost- Üstten donduruculu,//media3.bosch-home.com/Product_Shots/600x600/MCSA00562277_D7104_KDN56VI30N_195783_def.jpg,0,https://www.bosch-home.com.tr/urun-listesi/arsiv/KDN56VI30N?breadcrumb=null,0,0,NoFrost buzdolabı A++ enerji sınıfı sayesinde minimum enerji ile maksimum perfromans sağlarken ChillerBox yardımıyla et ve balık gibi yiyecekleri iki katına kadar daha uzun süre taze tutar.,,-,https://www.bosch-home.com.tr/yetkili-saticilar?product=KDN56VI30N,-,Serie | 4,0,ChillerBox: Buzdolabının diğer bölümlerine göre daha soğuk olması sayesinde et ve balık gibi yiyecekleri 2 kata kadar daha uzun süre taze tutar.,NoFrost: Buz oluşmasına karşı mükemmel koruma sayesinde zaman ve enerji tüketen buz çözdürme işlemine bir daha hiç gerek kalmaz.,CrisperBox: Nem ayarı sayesinde meyve ve sebzeler daha uzun süre taze kalır.,IceTwister: kolayca çıkarılıp doldurulabilir - istediğiniz miktarda buz için.,Çekilebilen cam raflar sayesinde buzdolabındaki her şeye rahatça ulaşılabilir- yiyecekler kolayca alınıp geri konulabilir.
KDN56SQ40N,arsiv,arsiv,NoFrost- Üstten donduruculu,//media3.bosch-home.com/Product_Shots/600x600/MCSA053008_KDN56SQ40N_def.jpg,0,https://www.bosch-home.com.tr/urun-listesi/arsiv/KDN56SQ40N?breadcrumb=null,0,0,A+++ enerji sınıfında geniş hacimli Glass Edition NoFrost buzdolabı düşük enerji tüketiminin yanında tasarımıyla mutfağınızda dikkat çeker.,,-,https://www.bosch-home.com.tr/yetkili-saticilar?product=KDN56SQ40N,-,Serie | 8,0,HydroFreshBox: Optimum nem oranının sağlanmasıyla meyve ve sebzeler iki kata kadar daha uzun süre taze kalır.,ChillerBox: Buzdolabının diğer bölümlerine göre daha soğuk olması sayesinde et ve balık gibi yiyecekleri 2 kata kadar daha uzun süre taze tutar.,NoFrost: Buz oluşmasına karşı mükemmel koruma sayesinde zaman ve enerji tüketen buz çözdürme işlemine bir daha hiç gerek kalmaz.,Kapıya entegre dijital elektronik-buzdolabının kapağı açılmadan kolayca kullanılabilir.,Çıkarılabilir kahvaltı kutusu kapalı yapısı sayesinde kokuların karışmasını engelleyerek kahvaltılılklarınızı muhafaza etmenizi sağlar.
KDN56SM32N,arsiv,arsiv,NoFrost- Üstten donduruculu buzdolabı,//media3.bosch-home.com/Product_Shots/600x600/MCSA00582382_D8045_KDN56SM32N_220377_def.jpg,0,https://www.bosch-home.com.tr/urun-listesi/arsiv/KDN56SM32N?breadcrumb=null,0,0,507 litre iç hacme ve VitaFresh plus tazelik sistemine sahip NoFrost üstten donduruculu buzdolabı- yiyecekleriniz için daha fazla saklama kapasitesi ve iki kata kadar daha uzun süre tazelik sunar.,,-,https://www.bosch-home.com.tr/yetkili-saticilar?product=KDN56SM32N,-,Serie | 6,1482879600,A++ enerji sınıfı ile A enerji sınıfı buzdolaplarına göre %40 daha az enerji harcar.,Ayarlanabilir nem kontrol mekanizmasına sahip sürgülü ve tamamen kapanabilen VitaFresh plus çekmecesi sayesinde meyve ve sebzeler en uygun nem oranında iki katına kadar daha uzun süre taze kalır.,"Ayarlanabilir sıcaklık mekanizması sayesinde VitaFresh plus ""<>"" 0°C çekmecesinde kahvaltılıklarınız- et ve balık gibi hassas yiyecekleriniz 2 kata kadar daha uzun süre taze kaldığı gibi ihtiyaç duyulmadığında çekmeceler kolayca çıkartılıp buzdolabınızda daha fazla kullanım alanı yaratılabilir.",Optimum konumu sayesinde aydınlık bir iç ortam sunarken gölgelenmeyi de engelleyen LED aydınlatmanın cihazın ömrü boyunca değiştirilmesi gerekmez.,Cam kapılı Glassdoor serisi buzdolapları mutfağınıza şıklık katar.
KDN56SB40N,arsiv,arsiv,NoFrost- Üstten donduruculu buzdolabı,//media3.bosch-home.com/Product_Shots/600x600/MCSA00927029_F5284_KDN56SB40N_557855_def.jpg,0,https://www.bosch-home.com.tr/urun-listesi/arsiv/KDN56SB40N?breadcrumb=null,0,0,507 litre iç hacme ve VitaFresh plus tazelik sistemine sahip NoFrost üstten donduruculu buzdolabı- yiyecekleriniz için daha fazla saklama kapasitesi ve iki kata kadar daha uzun süre tazelik sunar.,,-,https://www.bosch-home.com.tr/yetkili-saticilar?product=KDN56SB40N,-,Serie | 6,1482879600,A+++ enerji sınıfı ile A enerji sınıfı buzdolaplarına göre %60 daha az enerji harcar.,Ayarlanabilir nem kontrol mekanizmasına sahip sürgülü ve tamamen kapanabilen VitaFresh plus çekmecesi sayesinde meyve ve sebzeler en uygun nem oranında iki katına kadar daha uzun süre taze kalır.,"Ayarlanabilir sıcaklık mekanizması sayesinde VitaFresh plus ""<>"" 0°C çekmecesinde kahvaltılıklarınız- et ve balık gibi hassas yiyecekleriniz 2 kata kadar daha uzun süre taze kaldığı gibi ihtiyaç duyulmadığında çekmeceler kolayca çıkartılıp buzdolabınızda daha fazla kullanım alanı yaratılabilir.",Optimum konumu sayesinde aydınlık bir iç ortam sunarken gölgelenmeyi de engelleyen LED aydınlatmanın cihazın ömrü boyunca değiştirilmesi gerekmez.,Özel fonksiyon ayarlarına sahip kapıya entegre LCD elektronik hem buzdolabı hem de dondurucu sıcaklığını kolayca ayarlamayı sağlar.
KDN56NW20N,arsiv,arsiv,NoFrost- Üstten donduruculu buzdolabı,//media3.bosch-home.com/Product_Shots/600x600/MCSA00583040_A2_KDN56NW20N_offen_2_def.jpg,0,https://www.bosch-home.com.tr/urun-listesi/arsiv/KDN56NW20N?breadcrumb=null,0,0,507 litre iç hacme ve VitaFresh tazelik sistemine sahip NoFrost üstten donduruculu buzdolabı- yiyecekleriniz için daha fazla saklama kapasitesi ve uzun süre tazelik sunar.,,-,https://www.bosch-home.com.tr/yetkili-saticilar?product=KDN56NW20N,-,Serie | 4,1482879600,Ayarlanabilir nem kontrol mekanizması sayesinde VitaFresh çekmecesinde meyve ve sebzeler daha uzun süre taze kalır.,"Buzdolabının diğer bölümlerine göre daha soğuk olan VitaFresh ""<>"" 0°C çekmecesi sayesinde kahvaltılıklarınız- et ve balık gibi hassas yiyecekleriniz 2 kata kadar daha uzun süre taze kalır.",Optimum konumu sayesinde aydınlık bir iç ortam sunarken gölgelenmeyi de engelleyen LED aydınlatmanın cihazın ömrü boyunca değiştirilmesi gerekmez.,A+ enerji sınıfı ile A enerji sınıfı buzdolaplarına göre %20 daha az enerji harcar.,
KDN56AW35N,arsiv,arsiv,NoFrost- Üstten donduruculu,//media3.bosch-home.com/Product_Shots/600x600/MCSA00579289_D8255_KDN56AW35N_216330_def.jpg,0,https://www.bosch-home.com.tr/urun-listesi/arsiv/KDN56AW35N?breadcrumb=null,0,0,A++ enerji sınıfında geniş hacimli NoFrost buzdolabı HydroFresh sayesinde meyve ve sebzeleri iki kat daha uzun süre taze tutar.,,-,https://www.bosch-home.com.tr/yetkili-saticilar?product=KDN56AW35N,-,Serie | 6,0,HydroFreshBox: Optimum nem oranının sağlanmasıyla meyve ve sebzeler iki kata kadar daha uzun süre taze kalır.,NoFrost: Buz oluşmasına karşı mükemmel koruma sayesinde zaman ve enerji tüketen buz çözdürme işlemine bir daha hiç gerek kalmaz.,ChillerBox: Buzdolabının diğer bölümlerine göre daha soğuk olması sayesinde et ve balık gibi yiyecekleri 2 kata kadar daha uzun süre taze tutar.,Kapıya entegre dijital elektronik-buzdolabının kapağı açılmadan kolayca kullanılabilir.,Buzdolabı ve derin dondurucu bölümleri için birbirinden ayrılmış sıcaklık ayarı.
KDN56AW32N,arsiv,arsiv,NoFrost- Üstten donduruculu,//media3.bosch-home.com/Product_Shots/600x600/MCSA050700_KDN56AW30N_def.jpg,0,https://www.bosch-home.com.tr/urun-listesi/arsiv/KDN56AW32N?breadcrumb=null,0,0,507 litre iç hacme ve VitaFresh plus tazelik sistemine sahip NoFrost üstten donduruculu buzdolabı- yiyecekleriniz için daha fazla saklama kapasitesi ve iki kata kadar daha uzun süre tazelik sunar.,,-,https://www.bosch-home.com.tr/yetkili-saticilar?product=KDN56AW32N,-,Serie | 6,1482879600,A++ enerji sınıfı ile A enerji sınıfı buzdolaplarına göre %40 daha az enerji harcar.,Ayarlanabilir nem kontrol mekanizmasına sahip sürgülü ve tamamen kapanabilen VitaFresh plus çekmecesi sayesinde meyve ve sebzeler en uygun nem oranında iki katına kadar daha uzun süre taze kalır.,"Ayarlanabilir sıcaklık mekanizması sayesinde VitaFresh plus ""<>"" 0°C çekmecesinde kahvaltılıklarınız- et ve balık gibi hassas yiyecekleriniz 2 kata kadar daha uzun süre taze kaldığı gibi ihtiyaç duyulmadığında çekmeceler kolayca çıkartılıp buzdolabınızda daha fazla kullanım alanı yaratılabilir.",Optimum konumu sayesinde aydınlık bir iç ortam sunarken gölgelenmeyi de engelleyen LED aydınlatmanın cihazın ömrü boyunca değiştirilmesi gerekmez.,Kapıya entegre LED elektronik sayesinde hem buzdolabı hem de dondurucu sıcaklığı kolayca ayarlanabilir.
KDN56AI32N,arsiv,arsiv,NoFrost- Üstten donduruculu,//media3.bosch-home.com/Product_Shots/600x600/MCSA00594198_D8031_KDN56AI32N_223485_def.jpg,0,https://www.bosch-home.com.tr/urun-listesi/arsiv/KDN56AI32N?breadcrumb=null,0,0,A++ enerji sınıfında geniş hacimli NoFrost buzdolabı HydroFresh sayesinde meyve ve sebzeleri iki kat daha uzun süre taze tutar.,,-,https://www.bosch-home.com.tr/yetkili-saticilar?product=KDN56AI32N,-,Serie | 6,0,HydroFreshBox: Optimum nem oranının sağlanmasıyla meyve ve sebzeler iki kata kadar daha uzun süre taze kalır.,NoFrost: Buz oluşmasına karşı mükemmel koruma sayesinde zaman ve enerji tüketen buz çözdürme işlemine bir daha hiç gerek kalmaz.,ChillerBox: Buzdolabının diğer bölümlerine göre daha soğuk olması sayesinde et ve balık gibi yiyecekleri 2 kata kadar daha uzun süre taze tutar.,Kapıya entegre dijital elektronik-buzdolabının kapağı açılmadan kolayca kullanılabilir.,Buzdolabı ve derin dondurucu bölümleri için birbirinden ayrılmış sıcaklık ayarı.
KDN53NW23N,ustten donduruculu buzdolaplari,buzdolaplari derin dondurucular,NoFrost- Üstten donduruculu buzdolabı,//media3.bosch-home.com/Product_Shots/600x600/MCSA01997020_H2671_KDN53NW22N_1393545_def.jpg,0,https://www.bosch-home.com.tr/urun-listesi/buzdolaplari-derin-dondurucular/buzdolaplari/ustten-donduruculu-buzdolaplari/KDN53NW23N?breadcrumb=null,0,0,454 litre iç hacme ve VitaFresh tazelik sistemine sahip NoFrost üstten donduruculu buzdolabı- yiyecekleriniz için daha uzun süre tazelik sunar.,,-,https://www.bosch-home.com.tr/yetkili-saticilar?product=KDN53NW23N,-,Serie | 4,1554069600,Ayarlanabilir nem kontrol mekanizması sayesinde VitaFresh çekmecesinde meyve ve sebzeler daha uzun süre taze kalır.,Optimum konumu sayesinde aydınlık bir iç ortam sunarken gölgelenmeyi de engelleyen LED aydınlatmanın cihazın ömrü boyunca değiştirilmesi gerekmez.,A+ enerji sınıfı ile A enerji sınıfı buzdolaplarına göre %20 daha az enerji harcar.,,
KDN53NW20N,arsiv,arsiv,NoFrost- Üstten donduruculu buzdolabı,//media3.bosch-home.com/Product_Shots/600x600/MCSA048432_KDN36V04NE_def.jpg,0,https://www.bosch-home.com.tr/urun-listesi/arsiv/KDN53NW20N?breadcrumb=null,0,0,454 litre iç hacme ve VitaFresh tazelik sistemine sahip NoFrost üstten donduruculu buzdolabı- yiyecekleriniz için daha uzun süre tazelik sunar.,,-,https://www.bosch-home.com.tr/yetkili-saticilar?product=KDN53NW20N,-,Serie | 4,1482879600,A+ enerji sınıfı ile A enerji sınıfı buzdolaplarına göre %20 daha az enerji harcar.,Ayarlanabilir nem kontrol mekanizması sayesinde VitaFresh çekmecesinde meyve ve sebzeler daha uzun süre taze kalır.,"Buzdolabının diğer bölümlerine göre daha soğuk olan VitaFresh ""<>"" 0°C çekmecesi sayesinde kahvaltılıklarınız- et ve balık gibi hassas yiyecekleriniz 2 kata kadar daha uzun süre taze kalır.",Optimum konumu sayesinde aydınlık bir iç ortam sunarken gölgelenmeyi de engelleyen LED aydınlatmanın cihazın ömrü boyunca değiştirilmesi gerekmez.,
KDN53NL23N,ustten donduruculu buzdolaplari,buzdolaplari derin dondurucular,NoFrost- Üstten donduruculu buzdolabı,//media3.bosch-home.com/Product_Shots/600x600/MCSA01997104_H2658_KDN53NL22N_1393581_STP_CMYK_def.jpg,0,https://www.bosch-home.com.tr/urun-listesi/buzdolaplari-derin-dondurucular/buzdolaplari/ustten-donduruculu-buzdolaplari/KDN53NL23N?breadcrumb=null,0,0,454 litre iç hacme ve VitaFresh tazelik sistemine sahip NoFrost üstten donduruculu buzdolabı- yiyecekleriniz için daha uzun süre tazelik sunar.,,-,https://www.bosch-home.com.tr/yetkili-saticilar?product=KDN53NL23N,-,Serie | 4,1554069600,Ayarlanabilir nem kontrol mekanizması sayesinde VitaFresh çekmecesinde meyve ve sebzeler daha uzun süre taze kalır.,Optimum konumu sayesinde aydınlık bir iç ortam sunarken gölgelenmeyi de engelleyen LED aydınlatmanın cihazın ömrü boyunca değiştirilmesi gerekmez.,A+ enerji sınıfı ile A enerji sınıfı buzdolaplarına göre %20 daha az enerji harcar.,,
KDN53NL20N,arsiv,arsiv,NoFrost- Üstten donduruculu,//media3.bosch-home.com/Product_Shots/600x600/MCSA01712622_G4646_KDN53NL20N_1154614_def.jpg,0,https://www.bosch-home.com.tr/urun-listesi/arsiv/KDN53NL20N?breadcrumb=null,0,0,454 litre iç hacme ve VitaFresh tazelik sistemine sahip NoFrost üstten donduruculu buzdolabı- yiyecekleriniz için daha uzun süre tazelik sunar.,,-,https://www.bosch-home.com.tr/yetkili-saticilar?product=KDN53NL20N,-,Serie | 4,1482879600,A+ enerji sınıfı ile A enerji sınıfı buzdolaplarına göre %20 daha az enerji harcar.,Ayarlanabilir nem kontrol mekanizması sayesinde VitaFresh çekmecesinde meyve ve sebzeler daha uzun süre taze kalır.,"Buzdolabının diğer bölümlerine göre daha soğuk olan VitaFresh ""<>"" 0°C çekmecesi sayesinde kahvaltılıklarınız- et ve balık gibi hassas yiyecekleriniz 2 kata kadar daha uzun süre taze kalır.",Optimum konumu sayesinde aydınlık bir iç ortam sunarken gölgelenmeyi de engelleyen LED aydınlatmanın cihazın ömrü boyunca değiştirilmesi gerekmez.,
KDN49X60NE,arsiv,arsiv,KDN49X60NE- AntiBacteria,//media3.bosch-home.com/Product_Shots/600x600/MCSA029331_KDN49X60NE_def.jpg,0,https://www.bosch-home.com.tr/urun-listesi/arsiv/KDN49X60NE?breadcrumb=null,0,0,-,,-,https://www.bosch-home.com.tr/yetkili-saticilar?product=KDN49X60NE,-,-,0,HighDoor (yüksek kapı)- Bombeli - Gümüş dış yüzey,LED üzerinden okunabilir- elektronik ısı ayarı,otomatik defrost sistemi,Multi Airflow,
KDN49V05NE,arsiv,arsiv,KDN49V05NE,//media3.bosch-home.com/Product_Shots/600x600/MCSA035853_KDN49V03NE_def.jpg,0,https://www.bosch-home.com.tr/urun-listesi/arsiv/KDN49V05NE?breadcrumb=null,0,0,-,,-,https://www.bosch-home.com.tr/yetkili-saticilar?product=KDN49V05NE,-,-,0,-,,,,
KDN49V00NE,arsiv,arsiv,çift kapılı buzdolabı- NoFrost,//media3.bosch-home.com/Product_Shots/600x600/MCSA029322_KDN49V00NE_def.jpg,0,https://www.bosch-home.com.tr/urun-listesi/arsiv/KDN49V00NE?breadcrumb=null,0,0,-,,-,https://www.bosch-home.com.tr/yetkili-saticilar?product=KDN49V00NE,-,-,0,HighDoor (yüksek kapı)- Bombeli,LED üzerinden okunabilir- elektronik ısı ayarı,otomatik defrost sistemi,Multi Airflow,
KDN49A70NE,arsiv,arsiv,çift kapılı buzdolabı- NoFrost,//media3.bosch-home.com/Product_Shots/600x600/MCSA028887_KDN49A70NE_def.jpg,0,https://www.bosch-home.com.tr/urun-listesi/arsiv/KDN49A70NE?breadcrumb=null,0,0,-,,-,https://www.bosch-home.com.tr/yetkili-saticilar?product=KDN49A70NE,-,-,0,HighDoor (yüksek kapı)- Bombeli Çelik dış yüzey kapı,LED üzerinden okunabilir- birbirinden ayrılmış- elektronik ısı ayarı,otomatik defrost sistemi,temiz hava filtresi,
KDN49A00NE,arsiv,arsiv,çift kapılı buzdolabı- NoFrost,//media3.bosch-home.com/Product_Shots/600x600/MCSA028845_KDN49A00NE_def.jpg,0,https://www.bosch-home.com.tr/urun-listesi/arsiv/KDN49A00NE?breadcrumb=null,0,0,-,,-,https://www.bosch-home.com.tr/yetkili-saticilar?product=KDN49A00NE,-,-,0,HighDoor (yüksek kapı)- Bombeli,LED üzerinden okunabilir- birbirinden ayrılmış- elektronik ısı ayarı,otomatik defrost sistemi,temiz hava filtresi,
KDN46VI20N,arsiv,arsiv,NoFrost- Üstten donduruculu buzdolabı,//media3.bosch-home.com/Product_Shots/600x600/MCSA00402846_C9685_KDN46VI20_28601_def.jpg,0,https://www.bosch-home.com.tr/urun-listesi/arsiv/KDN46VI20N?breadcrumb=null,0,0,401 litre iç hacme ve VitaFresh tazelik sistemine sahip NoFrost üstten donduruculu buzdolabı- yiyecekleriniz için daha uzun süre tazelik sunar.,,-,https://www.bosch-home.com.tr/yetkili-saticilar?product=KDN46VI20N,-,Serie | 4,1482879600,A+ enerji sınıfı ile A enerji sınıfı buzdolaplarına göre %20 daha az enerji harcar.,Ayarlanabilir nem kontrol mekanizması sayesinde VitaFresh çekmecesinde meyve ve sebzeler daha uzun süre taze kalır.,"Buzdolabının diğer bölümlerine göre daha soğuk olan VitaFresh ""<>"" 0°C çekmecesi sayesinde kahvaltılıklarınız- et ve balık gibi hassas yiyecekleriniz 2 kata kadar daha uzun süre taze kalır.",Optimum konumu sayesinde aydınlık bir iç ortam sunarken gölgelenmeyi de engelleyen LED aydınlatmanın cihazın ömrü boyunca değiştirilmesi gerekmez.,
KDN46AW32N,arsiv,arsiv,NoFrost- Üstten donduruculu,//media3.bosch-home.com/Product_Shots/600x600/MCSA050654_KDN46AW30N_def.jpg,0,https://www.bosch-home.com.tr/urun-listesi/arsiv/KDN46AW32N?breadcrumb=null,0,0,401 litre iç hacme ve VitaFresh plus tazelik sistemine sahip NoFrost üstten donduruculu buzdolabı- yiyecekleriniz için iki kata kadar daha uzun süre tazelik sunar.,,-,https://www.bosch-home.com.tr/yetkili-saticilar?product=KDN46AW32N,-,Serie | 6,1482879600,A++ enerji sınıfı ile A enerji sınıfı buzdolaplarına göre %40 daha az enerji harcar.,Ayarlanabilir nem kontrol mekanizmasına sahip sürgülü ve tamamen kapanabilen VitaFresh plus çekmecesi sayesinde meyve ve sebzeler en uygun nem oranında iki katına kadar daha uzun süre taze kalır.,"Ayarlanabilir sıcaklık mekanizması sayesinde VitaFresh plus ""<>"" 0°C çekmecesinde kahvaltılıklarınız- et ve balık gibi hassas yiyecekleriniz 2 kata kadar daha uzun süre taze kaldığı gibi ihtiyaç duyulmadığında çekmeceler kolayca çıkartılıp buzdolabınızda daha fazla kullanım alanı yaratılabilir.",Optimum konumu sayesinde aydınlık bir iç ortam sunarken gölgelenmeyi de engelleyen LED aydınlatmanın cihazın ömrü boyunca değiştirilmesi gerekmez.,Kapıya entegre LED elektronik sayesinde hem buzdolabı hem de dondurucu sıcaklığı kolayca ayarlanabilir.
KDN46AI32N,arsiv,arsiv,NoFrost- Üstten donduruculu,//media3.bosch-home.com/Product_Shots/600x600/MCSA00594409_D8035_KDN46AI32N_223481_def.jpg,0,https://www.bosch-home.com.tr/urun-listesi/arsiv/KDN46AI32N?breadcrumb=null,0,0,A++ enerji sınıfında geniş hacimli NoFrost buzdolabı HydroFresh sayesinde meyve ve sebzeleri iki kat daha uzun süre taze tutar.,,-,https://www.bosch-home.com.tr/yetkili-saticilar?product=KDN46AI32N,-,Serie | 6,0,HydroFreshBox: Optimum nem oranının sağlanmasıyla meyve ve sebzeler iki kata kadar daha uzun süre taze kalır.,NoFrost: Buz oluşmasına karşı mükemmel koruma sayesinde zaman ve enerji tüketen buz çözdürme işlemine bir daha hiç gerek kalmaz.,ChillerBox: Buzdolabının diğer bölümlerine göre daha soğuk olması sayesinde et ve balık gibi yiyecekleri 2 kata kadar daha uzun süre taze tutar.,Kapıya entegre dijital elektronik-buzdolabının kapağı açılmadan kolayca kullanılabilir.,Buzdolabı ve derin dondurucu bölümleri için birbirinden ayrılmış sıcaklık ayarı.
KDN45V00NE,arsiv,arsiv,çift kapılı buzdolabı- NoFrost,//media3.bosch-home.com/Product_Shots/600x600/MCSA029348_KDN45V00NE_def.jpg,0,https://www.bosch-home.com.tr/urun-listesi/arsiv/KDN45V00NE?breadcrumb=null,0,0,-,,-,https://www.bosch-home.com.tr/yetkili-saticilar?product=KDN45V00NE,-,-,0,HighDoor (yüksek kapı)- Bombeli,LED üzerinden okunabilir- elektronik ısı ayarı,otomatik defrost sistemi,Multi Airflow,
KDN40X70NE,arsiv,arsiv,çift kapılı buzdolabı- Kolay temizlenebilinir Inox dış yüzey,//media3.bosch-home.com/Product_Shots/600x600/MCSA026281_KDN40X70NE_def.jpg,0,https://www.bosch-home.com.tr/urun-listesi/arsiv/KDN40X70NE?breadcrumb=null,0,0,-,,-,https://www.bosch-home.com.tr/yetkili-saticilar?product=KDN40X70NE,-,-,0,HighDoor (yüksek kapı)- Bombeli -,LED üzerinden okunabilir- elektronik ısı ayarı,otomatik defrost sistemi,Multi Airflow,
KDN40V00NE,arsiv,arsiv,çift kapılı buzdolabı- No Frost,//media3.bosch-home.com/Product_Shots/600x600/MCSA029349_KDN40V00NE_def.jpg,0,https://www.bosch-home.com.tr/urun-listesi/arsiv/KDN40V00NE?breadcrumb=null,0,0,-,,-,https://www.bosch-home.com.tr/yetkili-saticilar?product=KDN40V00NE,-,-,0,yüksek kapı- bombeli,LED üzerinden okunabilir elektronik ısı ayarı,otomatik defrost sistemi,yüksekliği ayarlanabilir ön ayaklar- tekerlekli arka ayaklar,
KDN40A60NE,arsiv,arsiv,çift kapılı buzdolabı- NoFrost,//media3.bosch-home.com/Product_Shots/600x600/MCSA028844_KDN40A60NE_def.jpg,0,https://www.bosch-home.com.tr/urun-listesi/arsiv/KDN40A60NE?breadcrumb=null,0,0,-,,-,https://www.bosch-home.com.tr/yetkili-saticilar?product=KDN40A60NE,-,-,0,HighDoor (yüksek kapı)- Bombeli Gümüş dış yüzey kapı,LED üzerinden okunabilir- birbirinden ayrılmış- elektronik ısı ayarı,otomatik defrost sistemi,temiz hava filtresi,
KDN40A00NE,arsiv,arsiv,çift kapılı buzdolabı- No Frost,//media3.bosch-home.com/Product_Shots/600x600/MCSA028840_KDN40A00NE_def.jpg,0,https://www.bosch-home.com.tr/urun-listesi/arsiv/KDN40A00NE?breadcrumb=null,0,0,-,,-,https://www.bosch-home.com.tr/yetkili-saticilar?product=KDN40A00NE,-,-,0,yüksek kapı- bombeli,LED üzerinden okunabilir- birbirinden ayrılmış- elektronik ısı ayarı,otomatik defrost sistemi,temiz hava filtresi,
KDN36V00NE,arsiv,arsiv,çift kapılı buzdolabı- No Frost,//media3.bosch-home.com/Product_Shots/600x600/MCSA026709_KDN36V00NE_def.jpg,0,https://www.bosch-home.com.tr/urun-listesi/arsiv/KDN36V00NE?breadcrumb=null,0,0,-,,-,https://www.bosch-home.com.tr/yetkili-saticilar?product=KDN36V00NE,-,-,0,yüksek kapı- bombeli,LED üzerinden okunabilir elektronik ısı ayarı,otomatik defrost sistemi,multi air flow,
KDN30V00NE,arsiv,arsiv,çift kapılı buzdolabı- No Frost,//media3.bosch-home.com/Product_Shots/600x600/MCSA029325_KDN30V00NE_def.jpg,0,https://www.bosch-home.com.tr/urun-listesi/arsiv/KDN30V00NE?breadcrumb=null,0,0,-,,-,https://www.bosch-home.com.tr/yetkili-saticilar?product=KDN30V00NE,-,-,0,yüksek kapı- bombeli,LED üzerinden okunabilir elektronik ısı ayarı,otomatik defrost sistemi,multi air flow,
KDD74AL20N,arsiv,arsiv,NoFrost- Üstten donduruculu buzdolabı,//media3.bosch-home.com/Product_Shots/600x600/MCSA00471234_D3798_KDD74AL20N_96184_def.jpg,0,https://www.bosch-home.com.tr/urun-listesi/arsiv/KDD74AL20N?breadcrumb=null,0,0,598 litre iç hacme ve VitaFresh tazelik sistemine sahip NoFrost üstten donduruculu XXL buzdolabı- kalabalık aileler ve haftalık alışveriş yapanlar için daha fazla saklama kapasitesi sunarken yiyeceklerin daha uzun süre taze kalmalarını sağlar.,,-,https://www.bosch-home.com.tr/yetkili-saticilar?product=KDD74AL20N,Inox görünümlü kapılar,Serie | 4,1482879600,Ayarlanabilir nem kontrol mekanizması sayesinde VitaFresh çekmecesinde meyve ve sebzeler daha uzun süre taze kalır.,"Buzdolabının diğer bölümlerine göre daha soğuk olan VitaFresh ""<>"" 0°C çekmecesi sayesinde kahvaltılıklarınız- et ve balık gibi hassas yiyecekleriniz 2 kata kadar daha uzun süre taze kalır.",Optimum konumu sayesinde aydınlık bir iç ortam sunarken gölgelenmeyi de engelleyen LED aydınlatmanın cihazın ömrü boyunca değiştirilmesi gerekmez.,Kapıya entegre LED elektronik sayesinde hem buzdolabı hem de dondurucu sıcaklığı kolayca ayarlanabilir.,A+ enerji sınıfı ile A enerji sınıfı buzdolaplarına göre %20 daha az enerji harcar.
KAN62V70NE,arsiv,arsiv,Gardırop tipi buzdolabı,//media3.bosch-home.com/Product_Shots/600x600/MCSA044800_KAN62V40TI_def.jpg,0,https://www.bosch-home.com.tr/urun-listesi/arsiv/KAN62V70NE?breadcrumb=null,0,0,Gardrop tipi NoFrost buzdolabı çözdürme işlemine gerek duymaz ve kapı elektroniği sayesinde modern bir görünüm sunar.,,-,https://www.bosch-home.com.tr/yetkili-saticilar?product=KAN62V70NE,-,Serie | 4,0,NoFrost: Buz oluşmasına karşı mükemmel koruma sayesinde zaman ve enerji tüketen buz çözdürme işlemine bir daha hiç gerek kalmaz.,TouchControl paneli üzerinden sıcaklık ayarları kolayca görülebilir ve değiştirilebilir.,Sebzeliklerin dalgalı tabanı meyve ve sebzeleri su yoğuşmasına karşı korur.,IceTwister: kolayca çıkarılıp doldurulabilir - istediğiniz miktarda buz için.,
KAN58A70NE,arsiv,arsiv,gardırop tipi soğutucu,//media3.bosch-home.com/Product_Shots/600x600/MCSA024725_KAN58A70_def.jpg,0,https://www.bosch-home.com.tr/urun-listesi/arsiv/KAN58A70NE?breadcrumb=null,0,0,-,,-,https://www.bosch-home.com.tr/yetkili-saticilar?product=KAN58A70NE,Kolay temizlenebilinir Inox dış yüzey,Serie | 6,0,enerji sınıfı: NO_FEATURE enerji tüketimi (kWh/yıl):590,toplam net hacim: 531 l,NoFrost,dijital ısı göstergesi ile soğutucu ve derin dondurucu bölmeleri için elektronik olarak ayrıştırılmış ısı kontrolü- su filtresi- çocuk kilidi,
KAN58A50NE,arsiv,arsiv,gardırop tipi soğutucu,//media3.bosch-home.com/Product_Shots/600x600/MCSA033647_KAN58A50NE_def.jpg,0,https://www.bosch-home.com.tr/urun-listesi/arsiv/KAN58A50NE?breadcrumb=null,0,0,-,,-,https://www.bosch-home.com.tr/yetkili-saticilar?product=KAN58A50NE,-,Serie | 6,0,Softline dizayn- Siyah renk dış yüzey,enerji sınıfı: X enerji tüketimi (kWh/yıl):590,toplam net hacim: 531 l,dijital ısı göstergesi ile soğutucu ve derin dondurucu bölmeleri için elektronik olarak ayrıştırılmış ısı kontrolü- su filtresi- çocuk kilidi,
KAD62A71NE,arsiv,arsiv,Gardırop tipi buzdolabı,//media3.bosch-home.com/Product_Shots/600x600/MCSA048237_KAD62A71_def.jpg,0,https://www.bosch-home.com.tr/urun-listesi/arsiv/KAD62A71NE?breadcrumb=null,0,0,-,,-,https://www.bosch-home.com.tr/yetkili-saticilar?product=KAD62A71NE,Kolay temizlenebilir inox,-,0,-,,,,
IXO4,arsiv,arsiv,IXO4,//media3.bosch-home.com/Product_Shots/600x600/no-picture-available.jpg,0,https://www.bosch-home.com.tr/urun-listesi/arsiv/IXO4?breadcrumb=null,0,0,-,,-,https://www.bosch-home.com.tr/yetkili-saticilar?product=IXO4,-,-,0,-,,,,
HSV745020T,arsiv,arsiv,HSV745020T Beyaz,//media3.bosch-home.com/Product_Shots/600x600/MCSA024938_HSV745020T_def.jpg,0,https://www.bosch-home.com.tr/urun-listesi/arsiv/HSV745020T?breadcrumb=null,0,0,-,,-,https://www.bosch-home.com.tr/yetkili-saticilar?product=HSV745020T,-,-,0,Multi Fonksiyolu fırın,2 normal- 1 güçlü- 1 ekonomik ocak gözü,Düğmeden otomatik ateşleme,Çelik ocak ızgarası,
HSV694020T,arsiv,arsiv,HSV694020T beyaz,//media3.bosch-home.com/Product_Shots/600x600/MCSA024949_HSV694020T_def.jpg,0,https://www.bosch-home.com.tr/urun-listesi/arsiv/HSV694020T?breadcrumb=null,0,0,-,,-,https://www.bosch-home.com.tr/yetkili-saticilar?product=HSV694020T,-,-,0,Elektro Fanlı Fırın,4 gözü gazlı (2 normal- 1 ekonomik- 1 WOK ),Düğmeden otomatik ateşleme,Çelik ocak ızgarası,
HSV64C020T,arsiv,arsiv,HSV64C020T beyaz,//media3.bosch-home.com/Product_Shots/600x600/MCSA024944_HSV64C020T_def.jpg,0,https://www.bosch-home.com.tr/urun-listesi/arsiv/HSV64C020T?breadcrumb=null,0,0,-,,-,https://www.bosch-home.com.tr/yetkili-saticilar?product=HSV64C020T,-,-,0,Elektro Fanlı Fırın,3 gözü gazlı (1 normal - 1 ekonomik - 1 güçlü) ve 1 elektrikli ocak gözü,Düğmeden otomatik ateşleme,Çelik ocak ızgarası,
HSV624050T,arsiv,arsiv,HSV624050T paslanmaz çelik,//media3.bosch-home.com/Product_Shots/600x600/MCSA024941_HSV624050T_def.jpg,0,https://www.bosch-home.com.tr/urun-listesi/arsiv/HSV624050T?breadcrumb=null,0,0,-,,-,https://www.bosch-home.com.tr/yetkili-saticilar?product=HSV624050T,-,-,0,Elektro Fanlı Fırın,4 gözü gazlı (2 normal- 1 güçlü- 1 ekonomik),Düğmeden otomatik ateşleme,Çelik ocak ızgarası,
HSV624020T,arsiv,arsiv,HSV624020T beyaz,//media3.bosch-home.com/Product_Shots/600x600/MCSA024940_HSV624020T_def.jpg,0,https://www.bosch-home.com.tr/urun-listesi/arsiv/HSV624020T?breadcrumb=null,0,0,-,,-,https://www.bosch-home.com.tr/yetkili-saticilar?product=HSV624020T,-,-,0,Elektro Fanlı Fırın,4 gözü gazlı (2 normal- 1 ekonomik- 1 WOK ),Düğmeden otomatik ateşleme,Çelik ocak ızgarası,
HSV594020T,arsiv,arsiv,HSV594020T beyaz,//media3.bosch-home.com/Product_Shots/600x600/MCSA024931_HSV594020T_def.jpg,0,https://www.bosch-home.com.tr/urun-listesi/arsiv/HSV594020T?breadcrumb=null,0,0,-,,-,https://www.bosch-home.com.tr/yetkili-saticilar?product=HSV594020T,-,-,0,Turbo Fırın,4 gözü gazlı (2 normal- 1 güçlü- 1 ekonomik),Düğmeden otomatik ateşleme,Çelik ocak ızgarası,
HSV52C020T,arsiv,arsiv,HSV52C020T beyaz,//media3.bosch-home.com/Product_Shots/600x600/MCSA024935_HSV52C020T_def.jpg,0,https://www.bosch-home.com.tr/urun-listesi/arsiv/HSV52C020T?breadcrumb=null,0,0,-,,-,https://www.bosch-home.com.tr/yetkili-saticilar?product=HSV52C020T,-,-,0,Turbo Fırın,3 gözü gazlı (1 normal - 1 ekonomik - 1 güçlü) ve 1 elektrikli ocak gözü,Düğmeden otomatik ateşleme,Çelik ocak ızgarası,
HSV524020T,arsiv,arsiv,HSV524020T beyaz,//media3.bosch-home.com/Product_Shots/600x600/MCSA024934_HSV524020T_def.jpg,0,https://www.bosch-home.com.tr/urun-listesi/arsiv/HSV524020T?breadcrumb=null,0,0,-,,-,https://www.bosch-home.com.tr/yetkili-saticilar?product=HSV524020T,-,-,0,Turbo Fırın,4 gözü gazlı (2 normal- 1 güçlü- 1 ekonomik),Düğmeden otomatik ateşleme,Çelik ocak ızgarası,
HSN152F,arsiv,arsiv,60 cm genişliğinde elektrikli solo fırın,//media3.bosch-home.com/Product_Shots/600x600/MCSA017207_HSN152F_def.jpg,0,https://www.bosch-home.com.tr/urun-listesi/arsiv/HSN152F?breadcrumb=null,0,0,-,,-,https://www.bosch-home.com.tr/yetkili-saticilar?product=HSN152F,-,-,0,Cam seramik ocak,4 hızlı ısınan ocak gözü,2 li atıl ısı göstergesi,Konvensiyonel fırın (statik)- klasik üst ve alt ısıtma- büyük yüzeyli ızgara,
HSE420120,arsiv,arsiv,Solo firin,//media3.bosch-home.com/Product_Shots/600x600/MCSA044013_HSE420120_def.jpg,0,https://www.bosch-home.com.tr/urun-listesi/arsiv/HSE420120?breadcrumb=null,0,0,4 pişirme programına sahip elektrikli solo fırın size tüm yemekleriniz için ideal ayarı sunar.,,-,https://www.bosch-home.com.tr/yetkili-saticilar?product=HSE420120,-,Serie | 2,0,A -20%: A sınıfından %20 daha az enerji tüketimiyle en iyi pişirme sonuçları.,Katlanabilir kapı: fırının kolay açılıp kapanması için,,,
HSC140652,arsiv,arsiv,Sıcak tutma çekmecesi,//media3.bosch-home.com/Product_Shots/600x600/MCSA037029_HSC140652_def.jpg,0,https://www.bosch-home.com.tr/urun-listesi/arsiv/HSC140652?breadcrumb=null,0,0,Çok fonksiyonlu 14 cm'lik sıcak tutma çekmecesi: tabaklarınıza ön ısıtma yapmak- yiyeceklerinizi sıcak tutmak için ideal,,-,https://www.bosch-home.com.tr/yetkili-saticilar?product=HSC140652,-,Serie | 8,0,Kolay temizlik: temper cam için kolay temizlik,,,,
HSC140650,arsiv,arsiv,paslanmaz çelik,//media3.bosch-home.com/Product_Shots/600x600/MCSA009353_HSC140650_def.jpg,0,https://www.bosch-home.com.tr/urun-listesi/arsiv/HSC140650?breadcrumb=null,0,0,-,,-,https://www.bosch-home.com.tr/yetkili-saticilar?product=HSC140650,-,-,0,Yiyecek maddelerini çözme ve sıcak tutmada- ayrıca servis takımlarını sıcak tutmada kullanılır,Sert cam iç hacim,30 to 80° C arası ısı ayarı (Cam yüzeydeki ısı),Çelik iç hacim,
HRG656XS2,arsiv,arsiv,HRG656XS2- paslanmaz çelik,//media3.bosch-home.com/Product_Shots/600x600/MCSA00766700_411048_HSG636BS1_def.jpg,0,https://www.bosch-home.com.tr/urun-listesi/arsiv/HRG656XS2?breadcrumb=null,0,0,PerfectBake- PerfectRoast ve buhar destekli pişirme özelliğine sahip ankastre fırın: sensörleri ve buhar desteği sayesinde otomatik olarak mükemmel yemekler hazırlar,,-,https://www.bosch-home.com.tr/yetkili-saticilar?product=HRG656XS2,-,Serie | 8,0,4D hot Air: her raf seviyesinde mükemmel sonuçlar için homojen ısı dağılımı,DishAssist: sayısız yemek türü için otomatik olarak ayarlanmış program- ısı ve zaman ayarı.,TFT dokunmatik ekran: yüksek çözünürlüklü ekran- control ring sayesinde kolay kullanım,EcoClean Direct: kirleri emen özel kaplama sayesinde artık temizliğe gerek yok,A enerji sınıfı: Düşük enerji tüketimi ile mükemmel pişirme
HMT8956EU,arsiv,arsiv,Izgaralı mikrodalga,//media3.bosch-home.com/Product_Shots/600x600/MCSA018604_HMT8956_def.jpg,0,https://www.bosch-home.com.tr/urun-listesi/arsiv/HMT8956EU?breadcrumb=null,0,0,-,,-,https://www.bosch-home.com.tr/yetkili-saticilar?product=HMT8956EU,Çelik,-,0,50 cm genişliğinde asma dolap (minimum 30 cm derinlik),üst dolap için uygun,Inventer teknolojili,Elektronik tuşlar ve gömülebilir düğmeler sayesinde kolay kullanım,
HMT873L,arsiv,arsiv,Izgaralı mikrodalga,//media3.bosch-home.com/Product_Shots/600x600/MCSA029852_HMT873L_def.jpg,0,https://www.bosch-home.com.tr/urun-listesi/arsiv/HMT873L?breadcrumb=null,0,0,-,,-,https://www.bosch-home.com.tr/yetkili-saticilar?product=HMT873L,-,-,0,Kolay ve problemsiz kumanda ve ayarlama,900 W-Mikrodalga 5 gücü 900/600/360/180/90 W,1250 W gücünde ızgara,Mikrodalga ile kombineli ızgara 600/360/180/90 W,
HMT872L,arsiv,arsiv,Izgaralı mikrodalga,//media3.bosch-home.com/Product_Shots/600x600/MCSA012898_HMT872L_def.jpg,0,https://www.bosch-home.com.tr/urun-listesi/arsiv/HMT872L?breadcrumb=null,0,0,-,,-,https://www.bosch-home.com.tr/yetkili-saticilar?product=HMT872L,-,-,0,Kolay ve problemsiz kumanda ve ayarlama,900 W-Mikrodalga 5 gücü 900/600/360/180/90 W,1250 W gücünde ızgara,Mikrodalga ile kombineli ızgara 600/360/180/90 W,
HMT85GL53,arsiv,arsiv,Izgaralı mikrodalga,//media3.bosch-home.com/Product_Shots/600x600/MCSA036965_HMT85GL53_def.jpg,0,https://www.bosch-home.com.tr/urun-listesi/arsiv/HMT85GL53?breadcrumb=null,0,0,38 cm yüksekliğinde ankastre mikro dalga fırın: ekstra hızlı buz çözme- ısıtma ve yiyecek hazırlama için mükemmel çözüm,,-,https://www.bosch-home.com.tr/yetkili-saticilar?product=HMT85GL53,-,Serie | 8,0,AutoPilot 10: 10 pre-set otomatik program sayesinde mükemmel pişirme,Otomatik ağırlık kontrolü: kolayca programı ve ağırlığı seçtiğinizde güç otomatik olarak ayarlanır,Izgara fonksiyonu: güçlü ızgarası sayesinde hızlı ve kolay ızgara yapabilirsiniz,Side-opening kapı: sağa veya sola açılan kapı,
HMT84M651,arsiv,arsiv,Mikrodalga,//media3.bosch-home.com/Product_Shots/600x600/MCSA039090_HMT84M651_def.jpg,0,https://www.bosch-home.com.tr/urun-listesi/arsiv/HMT84M651?breadcrumb=null,0,0,38 cm yüksekliğinde ankastre mikro dalga fırın: ekstra hızlı buz çözme- ısıtma ve yiyecek hazırlama için mükemmel çözüm,,-,https://www.bosch-home.com.tr/yetkili-saticilar?product=HMT84M651,-,Serie | 2,0,AutoPilot 7: 7 pre-set otomatik program sayesinde mükemmel pişirme,Otomatik ağırlık kontrolü: kolayca programı ve ağırlığı seçtiğinizde güç otomatik olarak ayarlanır,Side-opening kapı: sağa veya sola açılan kapı,,
HMT84G651,arsiv,arsiv,Izgaralı mikrodalga,//media3.bosch-home.com/Product_Shots/600x600/MCSA038760_HMT84G651_def.jpg,0,https://www.bosch-home.com.tr/urun-listesi/arsiv/HMT84G651?breadcrumb=null,0,0,38 cm yüksekliğinde ankastre mikro dalga fırın: ekstra hızlı buz çözme- ısıtma ve yiyecek hazırlama için mükemmel çözüm,,-,https://www.bosch-home.com.tr/yetkili-saticilar?product=HMT84G651,-,Serie | 2,0,AutoPilot 8: 8 pre-set otomatik program sayesinde mükemmel pişirme,Otomatik ağırlık kontrolü: kolayca programı ve ağırlığı seçtiğinizde güç otomatik olarak ayarlanır,Izgara fonksiyonu: güçlü ızgarası sayesinde hızlı ve kolay ızgara yapabilirsiniz,Side-opening kapı: sağa veya sola açılan kapı,
HMT75M654,arsiv,arsiv,Ankastre mikrodalga,//media3.bosch-home.com/Product_Shots/600x600/MCSA00722230_E4043_HMT75M654B_375473_def.jpg,0,https://www.bosch-home.com.tr/urun-listesi/arsiv/HMT75M654?breadcrumb=null,0,0,38 cm yüksekliğinde ankastre mikro dalga fırın: ekstra hızlı buz çözme- ısıtma ve yiyecek hazırlama için mükemmel çözüm,,-,https://www.bosch-home.com.tr/yetkili-saticilar?product=HMT75M654,-,Serie | 6,0,Sola doğru açılabilen kapı,Çerçevesiz dizayn: Mutfağa kolay montaj- uyumlu birleştirme ve kolay temizlik,AutoPilot 7: 7 pre-set otomatik program sayesinde mükemmel pişirme,Sola doğru açılabilen kapı,
HMT75M621,arsiv,arsiv,Mikrodalga,//media3.bosch-home.com/Product_Shots/600x600/MCSA039110_HMT75M621_def.jpg,0,https://www.bosch-home.com.tr/urun-listesi/arsiv/HMT75M621?breadcrumb=null,0,0,38 cm yüksekliğinde ankastre mikro dalga fırın: ekstra hızlı buz çözme- ısıtma ve yiyecek hazırlama için mükemmel çözüm,,-,https://www.bosch-home.com.tr/yetkili-saticilar?product=HMT75M621,-,Serie | 2,0,AutoPilot 7: 7 pre-set otomatik program sayesinde mükemmel pişirme,Otomatik ağırlık kontrolü: kolayca programı ve ağırlığı seçtiğinizde güç otomatik olarak ayarlanır,Side-opening kapı: sağa veya sola açılan kapı,,
HMT702C,arsiv,arsiv,Mikrodalga,//media3.bosch-home.com/Product_Shots/600x600/MCSA012840_HMT702C_def.jpg,0,https://www.bosch-home.com.tr/urun-listesi/arsiv/HMT702C?breadcrumb=null,0,0,-,,-,https://www.bosch-home.com.tr/yetkili-saticilar?product=HMT702C,-,-,0,Asma dolap altına monte edilebilir (asgari derinlik 32 cm),5 kademeli (800/600/360/180/90 W) 800 W gücünde mikrodalga,60 dk. kadar zaman ayarlı,Yandan açılır geniş ön kapak,
HKP110150F,arsiv,arsiv,Midi Fırın,//media3.bosch-home.com/Product_Shots/600x600/MCSA00644605_294231_HKP110150Q_def.jpg,0,https://www.bosch-home.com.tr/urun-listesi/arsiv/HKP110150F?breadcrumb=null,0,0,Solo Midi Fırın: küçük alanlarda bile ızgara ve pişirme yapmanızı sağlar,,-,https://www.bosch-home.com.tr/yetkili-saticilar?product=HKP110150F,-,Serie | 2,0,,,,,
HKP110120,arsiv,arsiv,Midi Fırın,//media3.bosch-home.com/Product_Shots/600x600/MCSA00644606_294232_HKP110120Q_def.jpg,0,https://www.bosch-home.com.tr/urun-listesi/arsiv/HKP110120?breadcrumb=null,0,0,Solo Midi Fırın: küçük alanlarda bile ızgara ve pişirme yapmanızı sağlar,,-,https://www.bosch-home.com.tr/yetkili-saticilar?product=HKP110120,-,Serie | 2,0,,,,,
HGV79W320T,arsiv,arsiv,Multifonksiyon fırın,//media3.bosch-home.com/Product_Shots/600x600/MCSA044084_HGV74W320T_def.jpg,0,https://www.bosch-home.com.tr/urun-listesi/arsiv/HGV79W320T?breadcrumb=null,0,0,Elektrikli solo fırın- 8 pişirme programı ve gazlı ocak.,,-,https://www.bosch-home.com.tr/yetkili-saticilar?product=HGV79W320T,-,Serie | 2,0,Wok ocak gözü: 3.6 kW'a kadar kuvvetli pişirme,Ekran: sıcaklık ve saati gösteren elektronik ekran,3D HotAir Plus: optimum ısı dağılımı sayesinde aynı anda 3 tepside mükemmel pişirme,A -20%: A sınıfından %20 daha verimli enerji sınıfı ile en iyi pişirme sonuçları,Hızlı ön ısıtma: aynı enerji ile %30 daha hızlı ısıtma performansı
HGV795320T,arsiv,arsiv,Multifonksiyon fırın,//media3.bosch-home.com/Product_Shots/600x600/MCSA044093_HGV745320T_def.jpg,0,https://www.bosch-home.com.tr/urun-listesi/arsiv/HGV795320T?breadcrumb=null,0,0,Elektrikli solo fırın- 8 pişirme programı ve gazlı ocak.,,-,https://www.bosch-home.com.tr/yetkili-saticilar?product=HGV795320T,-,Serie | 2,0,Ekran: sıcaklık ve saati gösteren elektronik ekran,3D HotAir Plus: optimum ısı dağılımı sayesinde aynı anda 3 tepside mükemmel pişirme,A -20%: A sınıfından %20 daha verimli enerji sınıfı ile en iyi pişirme sonuçları,Hızlı ön ısıtma: aynı enerji ile %30 daha hızlı ısıtma performansı,
HGV795220T,arsiv,arsiv,Multifonksiyon fırın,//media3.bosch-home.com/Product_Shots/600x600/MCSA044068_HGV725220T_def.jpg,0,https://www.bosch-home.com.tr/urun-listesi/arsiv/HGV795220T?breadcrumb=null,0,0,Elektrikli solo fırın- 8 pişirme programı ve gazlı ocak.,,-,https://www.bosch-home.com.tr/yetkili-saticilar?product=HGV795220T,Gazlı ocak,Serie | 2,0,3D HotAir Plus: Optimum ısı dağılımı sayesinde aynı anda 3 tepside de mükemmel sonuçlar,A -20%: A sınıfından %20 daha az enerji tüketimiyle en iyi pişirme sonuçları.,Katlanabilir kapı: fırının kolay açılıp kapanması için,Hızlı ön ısıtma: aynı enerji ile %30 daha hızlı ısıtma,
HGV74X456T,arsiv,arsiv,Solo gaz kombinasyonlu fırın,//media3.bosch-home.com/Product_Shots/600x600/MCSA00458373_83002_HGV74X456T_def.jpg,0,https://www.bosch-home.com.tr/urun-listesi/arsiv/HGV74X456T?breadcrumb=null,0,0,Elektrikli solo fırın- 8 pişirme programı ve gazlı ocak.,,-,https://www.bosch-home.com.tr/yetkili-saticilar?product=HGV74X456T,-,Serie | 2,0,Wok ocak gözü: 3.6 kW'a kadar güçlü pişirme,Ekran: saat ve sıcaklık değerlerini gösteren elektronik ekran,3D HotAir Plus: Optimum ısı dağılımı sayesinde aynı anda 3 tepside de mükemmel sonuçlar,A -20%: A sınıfından %20 daha az enerji tüketimiyle en iyi pişirme sonuçları.,SoftClose : Özel menteşe sistemi sayesinde yavaşça kapanan kapı.
HGV74W356T,arsiv,arsiv,Solo gaz kombinasyonlu fırın,//media3.bosch-home.com/Product_Shots/600x600/MCSA00477403_101120_HGV74W356T_def.jpg,0,https://www.bosch-home.com.tr/urun-listesi/arsiv/HGV74W356T?breadcrumb=null,0,0,Elektrikli solo fırın- 8 pişirme programı ve gazlı ocak.,,-,https://www.bosch-home.com.tr/yetkili-saticilar?product=HGV74W356T,-,-,0,Wok ocak gözü: 3.6 kW'a kadar güçlü pişirme,Ekran: saat ve sıcaklık değerlerini gösteren elektronik ekran,3D HotAir Plus: Optimum ısı dağılımı sayesinde aynı anda 3 tepside de mükemmel sonuçlar,A -20%: A sınıfından %20 daha az enerji tüketimiyle en iyi pişirme sonuçları.,SoftClose : Özel menteşe sistemi sayesinde yavaşça kapanan kapı.
HGV74W320T,arsiv,arsiv,Multifonksiyon fırın,//media3.bosch-home.com/Product_Shots/600x600/MCSA044084_HGV74W320T_def.jpg,0,https://www.bosch-home.com.tr/urun-listesi/arsiv/HGV74W320T?breadcrumb=null,0,0,Elektrikli solo fırın- 8 pişirme programı ve gazlı ocak.,,-,https://www.bosch-home.com.tr/yetkili-saticilar?product=HGV74W320T,Gazlı ocak,Serie | 2,0,Wok ocak gözü: 3.6 kW'a kadar güçlü pişirme,Ekran: saat ve sıcaklık değerlerini gösteren elektronik ekran,3D HotAir Plus: Optimum ısı dağılımı sayesinde aynı anda 3 tepside de mükemmel sonuçlar,A -20%: A sınıfından %20 daha az enerji tüketimiyle en iyi pişirme sonuçları.,Katlanabilir kapı: fırının kolay açılıp kapanması için
HGV74D353T,arsiv,arsiv,Solo gaz kombinasyonlu fırın,//media3.bosch-home.com/Product_Shots/600x600/MCSA00458371_82999_HGV74D353T_def.jpg,0,https://www.bosch-home.com.tr/urun-listesi/arsiv/HGV74D353T?breadcrumb=null,0,0,Elektrikli solo fırın- 8 pişirme programı ve gazlı ocak.,,-,https://www.bosch-home.com.tr/yetkili-saticilar?product=HGV74D353T,-,Serie | 2,0,Ekran: saat ve sıcaklık değerlerini gösteren elektronik ekran,3D HotAir Plus: Optimum ısı dağılımı sayesinde aynı anda 3 tepside de mükemmel sonuçlar,A -20%: A sınıfından %20 daha az enerji tüketimiyle en iyi pişirme sonuçları.,SoftClose : Özel menteşe sistemi sayesinde yavaşça kapanan kapı.,Hızlı ön ısıtma: aynı enerji ile %30 daha hızlı ısıtma
HGV745360T,arsiv,arsiv,Multifonksiyon fırın,//media3.bosch-home.com/Product_Shots/600x600/MCSA044094_HGV745360T_def.jpg,0,https://www.bosch-home.com.tr/urun-listesi/arsiv/HGV745360T?breadcrumb=null,0,0,Elektrikli solo fırın- 8 pişirme programı ve gazlı ocak.,,-,https://www.bosch-home.com.tr/yetkili-saticilar?product=HGV745360T,Gazlı ocak,Serie | 2,0,Ekran: saat ve sıcaklık değerlerini gösteren elektronik ekran,3D HotAir Plus: Optimum ısı dağılımı sayesinde aynı anda 3 tepside de mükemmel sonuçlar,A -20%: A sınıfından %20 daha az enerji tüketimiyle en iyi pişirme sonuçları.,Katlanabilir kapı: fırının kolay açılıp kapanması için,Hızlı ön ısıtma: aynı enerji ile %30 daha hızlı ısıtma
HGV725220T,arsiv,arsiv,Multifonksiyon fırın,//media3.bosch-home.com/Product_Shots/600x600/MCSA044068_HGV725220T_def.jpg,0,https://www.bosch-home.com.tr/urun-listesi/arsiv/HGV725220T?breadcrumb=null,0,0,Elektrikli solo fırın- 8 pişirme programı ve gazlı ocak.,,-,https://www.bosch-home.com.tr/yetkili-saticilar?product=HGV725220T,Gazlı ocak,Serie | 2,0,3D HotAir Plus: Optimum ısı dağılımı sayesinde aynı anda 3 tepside de mükemmel sonuçlar,A -20%: A sınıfından %20 daha az enerji tüketimiyle en iyi pişirme sonuçları.,Hızlı ön ısıtma: aynı enerji ile %30 daha hızlı ısıtma,,
HGV69W123T,arsiv,arsiv,Solo gaz kombinasyonlu fırın,//media3.bosch-home.com/Product_Shots/600x600/MCSA00458336_82931_HGV62W123T_def.jpg,0,https://www.bosch-home.com.tr/urun-listesi/arsiv/HGV69W123T?breadcrumb=null,0,0,Elektrikli solo fırın- 7 pişirme programı ve gazlı ocak.,,-,https://www.bosch-home.com.tr/yetkili-saticilar?product=HGV69W123T,-,Serie | 2,0,Wok ocak gözü: 3.6 kW'a kadar güçlü pişirme,A (-10%): A sınıfından %10 daha verimli,,,
HGV695223T,arsiv,arsiv,Multifonksiyonel Fırın,//media3.bosch-home.com/Product_Shots/600x600/MCSA00650054_298667_HGV625223T_def.jpg,0,https://www.bosch-home.com.tr/urun-listesi/arsiv/HGV695223T?breadcrumb=null,0,0,Elektrikli solo fırın- 7 pişirme programı ve gazlı ocak.,,-,https://www.bosch-home.com.tr/yetkili-saticilar?product=HGV695223T,-,Serie | 2,1511996400,Katlanabilir kapı: fırının kolay açılıp kapanması için,,,,
HGV64W323T,arsiv,arsiv,Solo gaz kombinasyonlu fırın,//media3.bosch-home.com/Product_Shots/600x600/MCSA00458364_82983_HGV64W323T_def.jpg,0,https://www.bosch-home.com.tr/urun-listesi/arsiv/HGV64W323T?breadcrumb=null,0,0,Elektrikli solo fırın- 7 pişirme programı ve gazlı ocak.,,-,https://www.bosch-home.com.tr/yetkili-saticilar?product=HGV64W323T,-,Serie | 2,0,Wok ocak gözü: 3.6 kW'a kadar güçlü pişirme,A (-10%): A sınıfından %10 daha verimli,,,
HGV64D323T,arsiv,arsiv,Solo gaz kombinasyonlu fırın,//media3.bosch-home.com/Product_Shots/600x600/MCSA00458357_82968_HGV64D323T_def.jpg,0,https://www.bosch-home.com.tr/urun-listesi/arsiv/HGV64D323T?breadcrumb=null,0,0,Elektrikli solo fırın- 7 pişirme programı ve gazlı ocak.,,-,https://www.bosch-home.com.tr/yetkili-saticilar?product=HGV64D323T,-,Serie | 2,0,A (-10%): A sınıfından %10 daha verimli,Katlanabilir kapı: fırının kolay açılıp kapanması için,,,
HGV625253T,arsiv,arsiv,Solo gaz kombinasyonlu fırın,//media3.bosch-home.com/Product_Shots/600x600/MCSA00476800_101067_HGV625253H_def.jpg,0,https://www.bosch-home.com.tr/urun-listesi/arsiv/HGV625253T?breadcrumb=null,0,0,Elektrikli solo fırın- 7 pişirme programı ve gazlı ocak.,,-,https://www.bosch-home.com.tr/yetkili-saticilar?product=HGV625253T,-,Serie | 2,0,A (-10%): A sınıfından %10 daha verimli,Katlanabilir kapı: fırının kolay açılıp kapanması için,,,
HGV625223T,arsiv,arsiv,Multifonksiyonel Fırın,//media3.bosch-home.com/Product_Shots/600x600/MCSA00650054_298667_HGV625223T_def.jpg,0,https://www.bosch-home.com.tr/urun-listesi/arsiv/HGV625223T?breadcrumb=null,0,0,Elektrikli solo fırın- 7 pişirme programı ve gazlı ocak.,,-,https://www.bosch-home.com.tr/yetkili-saticilar?product=HGV625223T,-,Serie | 2,1511996400,Katlanabilir kapı: fırının kolay açılıp kapanması için,,,,
HGV595123T,arsiv,arsiv,Solo gaz kombinasyonlu fırın,//media3.bosch-home.com/Product_Shots/600x600/MCSA00458305_82897_HGV525123T_def.jpg,0,https://www.bosch-home.com.tr/urun-listesi/arsiv/HGV595123T?breadcrumb=null,0,0,Elektrikli solo fırın- 2 pişirme programı ve gazlı ocak.,,-,https://www.bosch-home.com.tr/yetkili-saticilar?product=HGV595123T,-,Serie | 2,0,3D HotAir Plus: Optimum ısı dağılımı sayesinde aynı anda 3 tepside de mükemmel sonuçlar,A -20%: A sınıfından %20 daha az enerji tüketimiyle en iyi pişirme sonuçları.,Katlanabilir kapı: fırının kolay açılıp kapanması için,,
HGV593124T,arsiv,arsiv,Turbo Fırın,//media3.bosch-home.com/Product_Shots/600x600/MCSA00641812_292054_HGV523123T_def.jpg,0,https://www.bosch-home.com.tr/urun-listesi/arsiv/HGV593124T?breadcrumb=null,0,0,Elektrikli solo fırın- 2 pişirme programı ve gazlı ocak.,,-,https://www.bosch-home.com.tr/yetkili-saticilar?product=HGV593124T,-,Serie | 2,0,3D HotAir Plus: Optimum ısı dağılımı sayesinde aynı anda 3 tepside de mükemmel sonuçlar,A -20%: A sınıfından %20 daha az enerji tüketimiyle en iyi pişirme sonuçları.,Katlanabilir kapı: fırının kolay açılıp kapanması için,,
HGV52D153T,arsiv,arsiv,Turbo Fırın,//media3.bosch-home.com/Product_Shots/600x600/MCSA00650038_298663_HGV52D153T_def.jpg,0,https://www.bosch-home.com.tr/urun-listesi/arsiv/HGV52D153T?breadcrumb=null,0,0,Elektrikli solo fırın- 3 pişirme programı ve gazlı ocak.,,-,https://www.bosch-home.com.tr/yetkili-saticilar?product=HGV52D153T,-,Serie | 2,0,3D HotAir Plus: Optimum ısı dağılımı sayesinde aynı anda 3 tepside de mükemmel sonuçlar,A -20%: A sınıfından %20 daha az enerji tüketimiyle en iyi pişirme sonuçları.,Katlanabilir kapı: fırının kolay açılıp kapanması için,,
HGV52D123T,arsiv,arsiv,Solo gaz kombinasyonlu fırın,//media3.bosch-home.com/Product_Shots/600x600/MCSA00458321_82914_HGV52D123T_def.jpg,0,https://www.bosch-home.com.tr/urun-listesi/arsiv/HGV52D123T?breadcrumb=null,0,0,Elektrikli solo fırın- 3 pişirme programı ve gazlı ocak.,,-,https://www.bosch-home.com.tr/yetkili-saticilar?product=HGV52D123T,-,Serie | 2,0,3D HotAir Plus: Optimum ısı dağılımı sayesinde aynı anda 3 tepside de mükemmel sonuçlar,A -20%: A sınıfından %20 daha az enerji tüketimiyle en iyi pişirme sonuçları.,Katlanabilir kapı: fırının kolay açılıp kapanması için,,
HGV525123T,arsiv,arsiv,Solo gaz kombinasyonlu fırın,//media3.bosch-home.com/Product_Shots/600x600/MCSA00458305_82897_HGV525123T_def.jpg,0,https://www.bosch-home.com.tr/urun-listesi/arsiv/HGV525123T?breadcrumb=null,0,0,Elektrikli solo fırın- 2 pişirme programı ve gazlı ocak.,,-,https://www.bosch-home.com.tr/yetkili-saticilar?product=HGV525123T,-,Serie | 2,0,3D HotAir Plus: Optimum ısı dağılımı sayesinde aynı anda 3 tepside de mükemmel sonuçlar,Katlanabilir kapı: fırının kolay açılıp kapanması için,,,
HGV523123T,arsiv,arsiv,Solo gaz kombinasyonlu fırın,//media3.bosch-home.com/Product_Shots/600x600/MCSA00641812_292054_HGV523123T_def.jpg,0,https://www.bosch-home.com.tr/urun-listesi/arsiv/HGV523123T?breadcrumb=null,0,0,-,,-,https://www.bosch-home.com.tr/yetkili-saticilar?product=HGV523123T,-,Serie | 2,0,3D HotAir Plus: Optimum ısı dağılımı sayesinde aynı anda 3 tepside de mükemmel sonuçlar,A (-20%): Düşük enerji tüketimiyle en iyi pişirme sonuçları.,,,
HEZ394300,arsiv,arsiv,Bağlantı çubuğu,//media3.bosch-home.com/Product_Shots/600x600/no-picture-available.jpg,0,https://www.bosch-home.com.tr/urun-listesi/arsiv/HEZ394300?breadcrumb=null,0,0,-,,-,https://www.bosch-home.com.tr/yetkili-saticilar?product=HEZ394300,-,-,0,Ankastre dominolar için bağlantı çıtası,,,,
HEZ317000,aksesuarlar,pisirme grubu,Firin aksesuari,//media3.bosch-home.com/Product_Shots/600x600/MCSA020262_HEZ317000_def.jpg,0,https://www.bosch-home.com.tr/urun-listesi/pisirme-grubu/aksesuarlar/HEZ317000?breadcrumb=null,0,0,-,,-,https://www.bosch-home.com.tr/yetkili-saticilar?product=HEZ317000,-,-,0,35cm çapında bulaşık makinesinde yıkanabilen pizza tepsisi,,,,
HEZ298114,aksesuarlar,pisirme grubu,Küçük tencere halkası,//media3.bosch-home.com/Product_Shots/600x600/MCSA041717_HEZ298114_def.jpg,0,https://www.bosch-home.com.tr/urun-listesi/pisirme-grubu/aksesuarlar/HEZ298114?breadcrumb=null,0,0,-,,-,https://www.bosch-home.com.tr/yetkili-saticilar?product=HEZ298114,-,-,0,-,,,,
HEV43W350E,arsiv,arsiv,Gazlı ve elektrikli kombine tezgahaltı ankastre fırın,//media3.bosch-home.com/Product_Shots/600x600/MCSA016572_HEV43W350E_def.jpg,0,https://www.bosch-home.com.tr/urun-listesi/arsiv/HEV43W350E?breadcrumb=null,0,0,-,,-,https://www.bosch-home.com.tr/yetkili-saticilar?product=HEV43W350E,-,-,0,Multifonksiyonel Fırın,Yan duvarlar- arka duvar ve fırın tavanı ecoClean temizleme sistemli,Granit emaye geniş iç hacim,Tamamen cam iç kapak,
HEV43W350,arsiv,arsiv,Tezgahaltı fırın,//media3.bosch-home.com/Product_Shots/600x600/MCSA016590_HEV43W350_def.jpg,0,https://www.bosch-home.com.tr/urun-listesi/arsiv/HEV43W350?breadcrumb=null,0,0,-,,-,https://www.bosch-home.com.tr/yetkili-saticilar?product=HEV43W350,-,-,0,Multifonksiyonel Fırın,Fırın arka duvarında EcoClean temizlik sistemi,Granit emaye geniş iç hacim,Vario ızgara,
HCE754853,arsiv,arsiv,Solo elektrikli fırın,//media3.bosch-home.com/Product_Shots/600x600/MCSA00450869_76255_HCE754853_def.jpg,0,https://www.bosch-home.com.tr/urun-listesi/arsiv/HCE754853?breadcrumb=null,0,0,Elektrikli solo fırın: 10 pişirme programı ve cam seramik ocak- kolay temizlik,,-,https://www.bosch-home.com.tr/yetkili-saticilar?product=HCE754853,-,Serie | 4,0,Ekran ve AutoPilot: sıcaklığı ve zamanı gösteren elektronik ekran ve 40 adet tanımlanmış otomatik program,3D HotAir Plus: Optimum ısı dağılımı sayesinde aynı anda 3 tepside de mükemmel sonuçlar,HotAir Eco: tek tepside yapılan pişirme için enerji verimli pişirme programı,A -30 %: A sınıfından %30 daha verimli- minimum enerji tüketimi ile mükemmel pişirme sonuçları,Hızlı ön ısıtma: aynı enerji ile %30 daha hızlı ısıtma
HCE743350E,arsiv,arsiv,Solo elektrikli fırın,//media3.bosch-home.com/Product_Shots/600x600/MCSA043991_HCE743350E_def.jpg,0,https://www.bosch-home.com.tr/urun-listesi/arsiv/HCE743350E?breadcrumb=null,0,0,Elektrikli solo fırın: 8 pişirme programı ve cam seramik ocak- kolay temizlik,,-,https://www.bosch-home.com.tr/yetkili-saticilar?product=HCE743350E,-,Serie | 4,0,Ekran: saat ve sıcaklık değerlerini gösteren elektronik ekran,3D HotAir Plus: Optimum ısı dağılımı sayesinde aynı anda 3 tepside de mükemmel sonuçlar,A -20%: A sınıfından %20 daha az enerji tüketimiyle en iyi pişirme sonuçları.,Hızlı ön ısıtma: aynı enerji ile %30 daha hızlı ısıtma,
HCE722120,arsiv,arsiv,Solo elektrikli ocak,//media3.bosch-home.com/Product_Shots/600x600/MCSA043983_HCE722120_def.jpg,0,https://www.bosch-home.com.tr/urun-listesi/arsiv/HCE722120?breadcrumb=null,0,0,-,,-,https://www.bosch-home.com.tr/yetkili-saticilar?product=HCE722120,-,Serie | 4,0,Cam seramik ocak,Multifonksiyon,4 HighSpeed elektrikli ocak gözü (1 adet çift halkalı ocak gözü- 1 adet oval ocak gözü),Sol ön: Standart ocak gözü 1.8 kW,
HCE422120,arsiv,arsiv,Statik fırın,//media3.bosch-home.com/Product_Shots/600x600/MCSA043981_HCE422120_def.jpg,0,https://www.bosch-home.com.tr/urun-listesi/arsiv/HCE422120?breadcrumb=null,0,0,-,,-,https://www.bosch-home.com.tr/yetkili-saticilar?product=HCE422120,Cam seramik ocak,Serie | 4,0,4 HighSpeed elektrikli ocak gözü,4' lü artık ısı göstergesi,Sol ön: Standart ocak gözü 1.2 kW,Sol arka: Standart ocak gözü 1.8 kW,
HBX33R51,arsiv,arsiv,Ankastre fırın,//media3.bosch-home.com/Product_Shots/600x600/MCSA00470952_95886_HBX33R51_def.jpg,0,https://www.bosch-home.com.tr/urun-listesi/arsiv/HBX33R51?breadcrumb=null,0,0,-,,-,https://www.bosch-home.com.tr/yetkili-saticilar?product=HBX33R51,-,-,0,XXL ve granit emaye geniş fırın iç hacmi,Elektronik saat,Güçlü fırın içi aydınlatma,Soğuk hava fanı,
HBR33B550,arsiv,arsiv,Ankastre fırın,//media3.bosch-home.com/Product_Shots/600x600/MCSA037475_HBR33B550_def.jpg,0,https://www.bosch-home.com.tr/urun-listesi/arsiv/HBR33B550?breadcrumb=null,0,0,Kendi kendine temizlik sistemine sahip ankastre fırın.,,-,https://www.bosch-home.com.tr/yetkili-saticilar?product=HBR33B550,-,Serie | 8,0,EcoClean : Özel yüzeye sahip fırın duvarları sayesinde yağı ve kiri yok eder.,3D HotAir Plus: Optimum ısı dağılımı sayesinde aynı anda 3 tepside de mükemmel sonuçlar,A -20%: A sınıfından %20 daha az enerji tüketimiyle en iyi pişirme sonuçları.,Side-opening Kapı: sağa açılan kapı,
HBN880750,arsiv,arsiv,Ankastre fırın,//media3.bosch-home.com/Product_Shots/600x600/MCSA006719_HBN880750_def.jpg,0,https://www.bosch-home.com.tr/urun-listesi/arsiv/HBN880750?breadcrumb=null,0,0,-,,-,https://www.bosch-home.com.tr/yetkili-saticilar?product=HBN880750,-,-,0,800 W gücünde mikrodalga entegre,Pyrolitik kendi kendini temizleme sistemi,Multifonksiyonel yoğun ıstma,EPS sistemli,
HBN560551J,arsiv,arsiv,Ankastre fırın,//media3.bosch-home.com/Product_Shots/600x600/MCSA029132_HBN560551J_def.jpg,0,https://www.bosch-home.com.tr/urun-listesi/arsiv/HBN560551J?breadcrumb=null,0,0,-,,-,https://www.bosch-home.com.tr/yetkili-saticilar?product=HBN560551J,-,-,0,3D premium multifonksiyonel ısıtma,EcoClean temizlik sistemi,EPS sistemli,Sembol göstergeler,
HBN560550J,arsiv,arsiv,Ankastre fırın,//media3.bosch-home.com/Product_Shots/600x600/MCSA015029_HBN560550J_def.jpg,0,https://www.bosch-home.com.tr/urun-listesi/arsiv/HBN560550J?breadcrumb=null,0,0,-,,-,https://www.bosch-home.com.tr/yetkili-saticilar?product=HBN560550J,-,-,0,EcoClean temizleme sistemi,3D premium multifonksiyonel ısıtma sistemi,EPS sistemi,Sembol göstergeler,
HBN539E3T,arsiv,arsiv,Ankastre fırın,//media3.bosch-home.com/Product_Shots/600x600/MCSA00758320_402811_HBN539E3T_def.jpg,0,https://www.bosch-home.com.tr/urun-listesi/arsiv/HBN539E3T?breadcrumb=null,0,0,Sıcak hava fonksiyonuna sahip fırın: eş zamanlı olarak 2 seviyeye kadar mükemmel pişirme,,-,https://www.bosch-home.com.tr/yetkili-saticilar?product=HBN539E3T,-,Serie | 2,0,HotAir: ısının eş zamanlı olarak 2 tepsiye de optimum şekilde iletilmesini sağlar,A -20%: A sınıfından %20 daha az enerji tüketimiyle en iyi pişirme sonuçları.,,,
HBN539E1T,arsiv,arsiv,Ankastre fırın,//media3.bosch-home.com/Product_Shots/600x600/MCSA053278_HBN532E3T_def.jpg,0,https://www.bosch-home.com.tr/urun-listesi/arsiv/HBN539E1T?breadcrumb=null,0,0,Sıcak hava fonksiyonuna sahip fırın: eş zamanlı olarak 2 seviyeye kadar mükemmel pişirme,,-,https://www.bosch-home.com.tr/yetkili-saticilar?product=HBN539E1T,-,Serie | 2,0,HotAir: ısının eş zamanlı olarak 2 tepsiye de optimum şekilde iletilmesini sağlar,Katlanabilir kapı: fırının kolay açılıp kapanabilmesi için,A -20%: A sınıfından %20 daha az enerji tüketimiyle en iyi pişirme sonuçları.,,
HBN501E1T,arsiv,arsiv,Ankastre fırın,//media3.bosch-home.com/Product_Shots/600x600/MCSA00758318_402810_HBN501E1T_def.jpg,0,https://www.bosch-home.com.tr/urun-listesi/arsiv/HBN501E1T?breadcrumb=null,0,0,Sıcak hava fonksiyonuna sahip fırın: eş zamanlı olarak 2 seviyeye kadar mükemmel pişirme,,-,https://www.bosch-home.com.tr/yetkili-saticilar?product=HBN501E1T,-,Serie | 2,0,HotAir: ısının eş zamanlı olarak 2 tepsiye de optimum şekilde iletilmesini sağlar,A -20%: A sınıfından %20 daha az enerji tüketimiyle en iyi pişirme sonuçları.,,,
HBN43W320,arsiv,arsiv,Ankastre fırın,//media3.bosch-home.com/Product_Shots/600x600/MCSA016584_HBN43W320_def.jpg,0,https://www.bosch-home.com.tr/urun-listesi/arsiv/HBN43W320?breadcrumb=null,0,0,-,,-,https://www.bosch-home.com.tr/yetkili-saticilar?product=HBN43W320,-,-,0,Multifonksiyonel Fırın,EcoClean (fırın arka duvarı),Granit emaye geniş iç hacim,Vario ızgara,
HBN370651E,arsiv,arsiv,Ankastre fırın,//media3.bosch-home.com/Product_Shots/600x600/MCSA029126_HBN370651E_def.jpg,0,https://www.bosch-home.com.tr/urun-listesi/arsiv/HBN370651E?breadcrumb=null,0,0,-,,-,https://www.bosch-home.com.tr/yetkili-saticilar?product=HBN370651E,-,-,0,3D Premium Multifonksiyonel Fırın,Otomatik hızlı ön ısıtma,TouchControl (dokunmatik tuşlar),Diyalog elektronik,
HBN370650,arsiv,arsiv,Ankastre fırın,//media3.bosch-home.com/Product_Shots/600x600/MCSA007826_HBN370650_def.jpg,0,https://www.bosch-home.com.tr/urun-listesi/arsiv/HBN370650?breadcrumb=null,0,0,-,,-,https://www.bosch-home.com.tr/yetkili-saticilar?product=HBN370650,-,-,0,Multifonksiyonel ısıtma,Multifonksiyonel yoğun ıstma,Sembol göstergeler,30-300° C arasında hassas ısıtma,
HBN330550,arsiv,arsiv,Ankastre fırın,//media3.bosch-home.com/Product_Shots/600x600/MCSA007261_HBN330550_def.jpg,0,https://www.bosch-home.com.tr/urun-listesi/arsiv/HBN330550?breadcrumb=null,0,0,-,,-,https://www.bosch-home.com.tr/yetkili-saticilar?product=HBN330550,-,-,0,3D premium multifonksiyonel ısıtma sistemi,XXL ve granit emaye geniş fırın iç hacmi,Manuel hızlı ön ısıtma,Çocuk emniyet tuşu,
HBN330520,arsiv,arsiv,Ankastre fırın,//media3.bosch-home.com/Product_Shots/600x600/MCSA006836_HBN330520_def.jpg,0,https://www.bosch-home.com.tr/urun-listesi/arsiv/HBN330520?breadcrumb=null,0,0,-,,-,https://www.bosch-home.com.tr/yetkili-saticilar?product=HBN330520,-,-,0,3D premium multifonksiyonel ısıtma sistemi,XXL ve granit emaye geniş fırın iç hacmi,Manuel hızlı ön ısıtma,Çocuk emniyet tuşu,
HBN230N60,arsiv,arsiv,HBN230N60 Siyah,//media3.bosch-home.com/Product_Shots/600x600/MCSA020699_HBN230N60_def.jpg,0,https://www.bosch-home.com.tr/urun-listesi/arsiv/HBN230N60?breadcrumb=null,0,0,-,,-,https://www.bosch-home.com.tr/yetkili-saticilar?product=HBN230N60,-,-,0,Multifonksiyonel Fırın,Granit emaye geniş iç hacim,Nostalji saat,Güçlü fırın içi aydınlatma,
HBL33B550,arsiv,arsiv,Ankastre fırın,//media3.bosch-home.com/Product_Shots/600x600/MCSA037462_HBL33B550_def.jpg,0,https://www.bosch-home.com.tr/urun-listesi/arsiv/HBL33B550?breadcrumb=null,0,0,Kendi kendine temizlik sistemine sahip ankastre fırın.,,-,https://www.bosch-home.com.tr/yetkili-saticilar?product=HBL33B550,-,Serie | 8,0,EcoClean : Özel yüzeye sahip fırın duvarları sayesinde yağı ve kiri yok eder.,3D HotAir Plus: Optimum ısı dağılımı sayesinde aynı anda 3 tepside de mükemmel sonuçlar,A -20%: A sınıfından %20 daha az enerji tüketimiyle en iyi pişirme sonuçları.,Side-opening Kapı: sola açılan kapı,
HBG76B650,arsiv,arsiv,Ankastre fırın,//media3.bosch-home.com/Product_Shots/600x600/MCSA042869_HBA76R650_def.jpg,0,https://www.bosch-home.com.tr/urun-listesi/arsiv/HBG76B650?breadcrumb=null,0,0,Otomatik programlara sahip akıllı fırın: minimum eforla mükemmel pişirme,,-,https://www.bosch-home.com.tr/yetkili-saticilar?product=HBG76B650,-,Serie | 8,0,AutoPilot40: pre-set otomatik programlar sayesinde tüm yemekler için mükemmel pişirme,Pirolitik temizleme sistemi: Tek bir düğmeye bastığınızda fırınınız otomatik olarak kendi kendini temizler,3D HotAir Plus: Optimum ısı dağılımı sayesinde aynı anda 3 tepside de mükemmel sonuçlar,SoftClose : Özel menteşe sistemi sayesinde yavaşça kapanan kapı.,HotAir Eco: tek tepside yapılan pişirme için enerji verimli pişirme programı
HBG73B550,arsiv,arsiv,Ankastre fırın,//media3.bosch-home.com/Product_Shots/600x600/MCSA051681_HBG73B550_def.jpg,0,https://www.bosch-home.com.tr/urun-listesi/arsiv/HBG73B550?breadcrumb=null,0,0,Otomatik kendini temizleme sistemi: temizlik için harcanan zamandan ve efordan tasarruf etmenizi sağlar,,-,https://www.bosch-home.com.tr/yetkili-saticilar?product=HBG73B550,-,Serie | 8,0,Pirolitik temizleme sistemi: Tek bir düğmeye bastığınızda fırınınız otomatik olarak kendi kendini temizler,3D HotAir Plus: Optimum ısı dağılımı sayesinde aynı anda 3 tepside de mükemmel sonuçlar,SoftClose : Özel menteşe sistemi sayesinde yavaşça kapanan kapı.,HotAir Eco: tek tepside yapılan pişirme için enerji verimli pişirme programı,A -30 %: A sınıfından %30 daha verimli- minimum enerji tüketimi ile mükemmel pişirme sonuçları
HBG73B530,arsiv,arsiv,Ankastre fırın,//media3.bosch-home.com/Product_Shots/600x600/MCSA051679_HBG73B530_def.jpg,0,https://www.bosch-home.com.tr/urun-listesi/arsiv/HBG73B530?breadcrumb=null,0,0,Ankastre self-cleaning ColorGlass fırın: temizlik için harcadığınız zaman ve efordan tasarruf sağlar,,-,https://www.bosch-home.com.tr/yetkili-saticilar?product=HBG73B530,-,Serie | 8,0,Pirolitik temizleme sistemi: Tek bir düğmeye bastığınızda fırınınız otomatik olarak kendi kendini temizler,ColorGlass: paslanmaz çeliğe alternatif olarak kuvars renkli cam,3D HotAir Plus: Optimum ısı dağılımı sayesinde aynı anda 3 tepside de mükemmel sonuçlar,SoftClose : Özel menteşe sistemi sayesinde yavaşça kapanan kapı.,HotAir Eco: tek tepside yapılan pişirme için enerji verimli pişirme programı
HBG656LS1,arsiv,arsiv,HBG656LS1- paslanmaz çelik,//media3.bosch-home.com/Product_Shots/600x600/MCSA00766674_411035_HBG636BS1_def.jpg,0,https://www.bosch-home.com.tr/urun-listesi/arsiv/HBG656LS1?breadcrumb=null,0,0,PerfectBake ve PerfectRoast özelliklerine sahip ankastre fırın: otomatik olarak mükemmel pişirme ve rosto sonuçları alabilirsiniz.,,-,https://www.bosch-home.com.tr/yetkili-saticilar?product=HBG656LS1,-,Serie | 8,0,PerfectBakeSensörü ve PerfectRoast et termometresi: mükemmel pişirme ve rosto sonuçları almanın en kolay yolu.,4D hot Air: her raf seviyesinde mükemmel sonuçlar için homojen ısı dağılımı,DishAssist: sayısız yemek türü için otomatik olarak ayarlanmış program- ısı ve zaman ayarı.,TFT dokunmatik ekran: yüksek çözünürlüklü ekran- control ring sayesinde kolay kullanım,EcoClean Direct: kirleri emen özel kaplama sayesinde artık temizliğe gerek yok
HBG56R651T,arsiv,arsiv,Ankastre fırın,//media3.bosch-home.com/Product_Shots/600x600/MCSA00425941_MCSA037510_HBA36B650_def.jpg,0,https://www.bosch-home.com.tr/urun-listesi/arsiv/HBG56R651T?breadcrumb=null,0,0,Otomatik programlara sahip akıllı fırın: minimum eforla mükemmel pişirme,,-,https://www.bosch-home.com.tr/yetkili-saticilar?product=HBG56R651T,-,Serie | 8,0,AutoPilot40: pre-set otomatik programlar sayesinde tüm yemekler için mükemmel pişirme,EcoClean : Özel yüzeye sahip fırın duvarları sayesinde yağı ve kiri yok eder.,3D HotAir Plus: Optimum ısı dağılımı sayesinde aynı anda 3 tepside de mükemmel sonuçlar,SoftClose : Özel menteşe sistemi sayesinde yavaşça kapanan kapı.,HotAir Eco: tek tepside yapılan pişirme için enerji verimli pişirme programı
HBG56B650T,arsiv,arsiv,Ankastre fırın,//media3.bosch-home.com/Product_Shots/600x600/MCSA00425941_MCSA037510_HBA36B650_def.jpg,0,https://www.bosch-home.com.tr/urun-listesi/arsiv/HBG56B650T?breadcrumb=null,0,0,Otomatik programlara sahip akıllı fırın: minimum eforla mükemmel pişirme,,-,https://www.bosch-home.com.tr/yetkili-saticilar?product=HBG56B650T,-,Serie | 8,0,AutoPilot40: pre-set otomatik programlar sayesinde tüm yemekler için mükemmel pişirme,EcoClean : Özel yüzeye sahip fırın duvarları sayesinde yağı ve kiri yok eder.,3D HotAir Plus: Optimum ısı dağılımı sayesinde aynı anda 3 tepside de mükemmel sonuçlar,SoftClose : Özel menteşe sistemi sayesinde yavaşça kapanan kapı.,HotAir Eco: tek tepside yapılan pişirme için enerji verimli pişirme programı
HBG53R550,arsiv,arsiv,Ankastre fırın,//media3.bosch-home.com/Product_Shots/600x600/MCSA037721_HBA53B550C_def.jpg,0,https://www.bosch-home.com.tr/urun-listesi/arsiv/HBG53R550?breadcrumb=null,0,0,Kendi kendine temizlik sistemine sahip ankastre fırın.,,-,https://www.bosch-home.com.tr/yetkili-saticilar?product=HBG53R550,-,Serie | 8,0,EcoClean : Özel yüzeye sahip fırın duvarları sayesinde yağı ve kiri yok eder.,3D HotAir Plus: Optimum ısı dağılımı sayesinde aynı anda 3 tepside de mükemmel sonuçlar,SoftClose : Özel menteşe sistemi sayesinde yavaşça kapanan kapı.,A -20%: A sınıfından %20 daha az enerji tüketimiyle en iyi pişirme sonuçları.,
HBG43T420,arsiv,arsiv,Ankastre fırın,//media3.bosch-home.com/Product_Shots/600x600/MCSA037733_HBA43S420E_def.jpg,0,https://www.bosch-home.com.tr/urun-listesi/arsiv/HBG43T420?breadcrumb=null,0,0,ColorGlass ankastre fırın: daha kolay temizlik,,-,https://www.bosch-home.com.tr/yetkili-saticilar?product=HBG43T420,-,Serie | 6,0,EcoClean : Özel yüzeye sahip fırın duvarları sayesinde yağı ve kiri yok eder.,ColorGlass: paslanmaz çeliğe alternatif beyaz cam kapı ve kontrol paneli,SoftClose : Özel menteşe sistemi sayesinde yavaşça kapanan kapı.,A enerji sınıfı : DÜşük enerji tüketimiyle mükemmel sonuç.,
HBG43S460E,arsiv,arsiv,Ankastre fırın,//media3.bosch-home.com/Product_Shots/600x600/MCSA040149_HBA43S460E_def.jpg,0,https://www.bosch-home.com.tr/urun-listesi/arsiv/HBG43S460E?breadcrumb=null,0,0,ColorGlass ankastre fırın: daha kolay temizlik,,-,https://www.bosch-home.com.tr/yetkili-saticilar?product=HBG43S460E,-,Serie | 6,0,EcoClean : Özel yüzeye sahip fırın duvarları sayesinde yağı ve kiri yok eder.,ColorGlass: paslanmaz çeliğe alternatif siyah ön cam,SoftClose : Özel menteşe sistemi sayesinde yavaşça kapanan kapı.,A enerji sınıfı : DÜşük enerji tüketimiyle mükemmel sonuç.,
HBG43R460,arsiv,arsiv,Ankastre fırın,//media3.bosch-home.com/Product_Shots/600x600/MCSA040149_HBA43S460E_def.jpg,0,https://www.bosch-home.com.tr/urun-listesi/arsiv/HBG43R460?breadcrumb=null,0,0,ColorGlass ankastre fırın: daha kolay temizlik,,-,https://www.bosch-home.com.tr/yetkili-saticilar?product=HBG43R460,-,Serie | 6,0,EcoClean : Özel yüzeye sahip fırın duvarları sayesinde yağı ve kiri yok eder.,ColorGlass: paslanmaz çeliğe alternatif siyah ön cam,SoftClose : Özel menteşe sistemi sayesinde yavaşça kapanan kapı.,A enerji sınıfı : DÜşük enerji tüketimiyle mükemmel sonuç.,
HBG43R450,arsiv,arsiv,Ankastre fırın,//media3.bosch-home.com/Product_Shots/600x600/MCSA037755_HBA43S450E_def.jpg,0,https://www.bosch-home.com.tr/urun-listesi/arsiv/HBG43R450?breadcrumb=null,0,0,Kendi kendine temizlik sistemine sahip ankastre fırın.,,-,https://www.bosch-home.com.tr/yetkili-saticilar?product=HBG43R450,-,Serie | 6,0,EcoClean : Özel yüzeye sahip fırın duvarları sayesinde yağı ve kiri yok eder.,SoftClose : Özel menteşe sistemi sayesinde yavaşça kapanan kapı.,A enerji sınıfı : DÜşük enerji tüketimiyle mükemmel sonuç.,,
HBG43R420,arsiv,arsiv,Ankastre fırın,//media3.bosch-home.com/Product_Shots/600x600/MCSA037733_HBA43S420E_def.jpg,0,https://www.bosch-home.com.tr/urun-listesi/arsiv/HBG43R420?breadcrumb=null,0,0,ColorGlass ankastre fırın: daha kolay temizlik,,-,https://www.bosch-home.com.tr/yetkili-saticilar?product=HBG43R420,-,Serie | 6,0,EcoClean : Özel yüzeye sahip fırın duvarları sayesinde yağı ve kiri yok eder.,ColorGlass: paslanmaz çeliğe alternatif beyaz cam kapı ve kontrol paneli,SoftClose : Özel menteşe sistemi sayesinde yavaşça kapanan kapı.,A enerji sınıfı : DÜşük enerji tüketimiyle mükemmel sonuç.,
HBG43R150T,arsiv,arsiv,Ankastre fırın,//media3.bosch-home.com/Product_Shots/600x600/MCSA00685269_339404_HBG43R150T_def.jpg,0,https://www.bosch-home.com.tr/urun-listesi/arsiv/HBG43R150T?breadcrumb=null,0,0,Kendi kendine temizlik sistemine sahip ankastre fırın.,,-,https://www.bosch-home.com.tr/yetkili-saticilar?product=HBG43R150T,-,Serie | 6,0,EcoClean : Özel yüzeye sahip fırın duvarları sayesinde yağı ve kiri yok eder.,SoftClose : Özel menteşe sistemi sayesinde yavaşça kapanan kapı.,A enerji sınıfı : DÜşük enerji tüketimiyle mükemmel sonuç.,,
HBG38U750,arsiv,arsiv,Ankastre fırın,//media3.bosch-home.com/Product_Shots/600x600/MCSA035163_HBA38B750_def.jpg,0,https://www.bosch-home.com.tr/urun-listesi/arsiv/HBG38U750?breadcrumb=null,0,0,Otomatik programlara sahip akıllı fırın: minimum eforla mükemmel pişirme,,-,https://www.bosch-home.com.tr/yetkili-saticilar?product=HBG38U750,-,Serie | 8,0,AutoPilot68: pre-set otomatik programlar sayesinde tüm yemekler için mükemmel pişirme,EcoClean : Özel yüzeye sahip fırın duvarları sayesinde yağı ve kiri yok eder.,3D HotAir Plus: Optimum ısı dağılımı sayesinde aynı anda 3 tepside de mükemmel sonuçlar,SoftClose : Özel menteşe sistemi sayesinde yavaşça kapanan kapı.,HotAir Eco: tek tepside yapılan pişirme için enerji verimli pişirme programı
HBG33B555,arsiv,arsiv,Ankastre fırın,//media3.bosch-home.com/Product_Shots/600x600/MCSA037488_HBA33B550_def.jpg,0,https://www.bosch-home.com.tr/urun-listesi/arsiv/HBG33B555?breadcrumb=null,0,0,Kendi kendine temizlik sistemine sahip ankastre fırın.,,-,https://www.bosch-home.com.tr/yetkili-saticilar?product=HBG33B555,-,Serie | 8,0,EcoClean : Özel yüzeye sahip fırın duvarları sayesinde yağı ve kiri yok eder.,3D HotAir Plus: Optimum ısı dağılımı sayesinde aynı anda 3 tepside de mükemmel sonuçlar,SoftClose : Özel menteşe sistemi sayesinde yavaşça kapanan kapı.,A -20%: A sınıfından %20 daha az enerji tüketimiyle en iyi pişirme sonuçları.,
HBG33B550,arsiv,arsiv,Ankastre fırın,//media3.bosch-home.com/Product_Shots/600x600/MCSA037488_HBA33B550_def.jpg,0,https://www.bosch-home.com.tr/urun-listesi/arsiv/HBG33B550?breadcrumb=null,0,0,Kendi kendine temizlik sistemine sahip ankastre fırın.,,-,https://www.bosch-home.com.tr/yetkili-saticilar?product=HBG33B550,-,Serie | 8,0,EcoClean : Özel yüzeye sahip fırın duvarları sayesinde yağı ve kiri yok eder.,3D HotAir Plus: Optimum ısı dağılımı sayesinde aynı anda 3 tepside de mükemmel sonuçlar,SoftClose : Özel menteşe sistemi sayesinde yavaşça kapanan kapı.,A -20%: A sınıfından %20 daha az enerji tüketimiyle en iyi pişirme sonuçları.,
HBG23B450E,arsiv,arsiv,Ankastre fırın,//media3.bosch-home.com/Product_Shots/600x600/MCSA037746_HBA23B450E_def.jpg,0,https://www.bosch-home.com.tr/urun-listesi/arsiv/HBG23B450E?breadcrumb=null,0,0,Kendi kendine temizlik sistemine sahip ankastre fırın.,,-,https://www.bosch-home.com.tr/yetkili-saticilar?product=HBG23B450E,-,Serie | 6,0,EcoClean : Özel yüzeye sahip fırın duvarları sayesinde yağı ve kiri yok eder.,SoftClose : Özel menteşe sistemi sayesinde yavaşça kapanan kapı.,A enerji sınıfı : DÜşük enerji tüketimiyle mükemmel sonuç.,,
HBC86K753,arsiv,arsiv,mikrodalga + fırın,//media3.bosch-home.com/Product_Shots/600x600/MCSA037211_HBC86K753_def.jpg,0,https://www.bosch-home.com.tr/urun-listesi/arsiv/HBC86K753?breadcrumb=null,0,0,Kombi fırın: entegre edilmiş mikrodalga özelliği sayesinde çok hızlı bir şekilde mükemmel pişirme sonuçları almanızı sağlar,,-,https://www.bosch-home.com.tr/yetkili-saticilar?product=HBC86K753,-,Serie | 8,0,EcoClean : Özel yüzeye sahip fırın duvarları sayesinde yağı ve kiri yok eder.,AutoPilot 70: 70 pre-set otomatik program sayesinde mükemmel pişirme,3D HotAir Plus: optimum ısı dağılımı sayesinde aynı anda 2 tepsiye kadar mükemmel pişirme,,
HBC33B550,arsiv,arsiv,Ankastre fırın,//media3.bosch-home.com/Product_Shots/600x600/MCSA039171_HBC33B550_def.jpg,0,https://www.bosch-home.com.tr/urun-listesi/arsiv/HBC33B550?breadcrumb=null,0,0,Kombi Fırın: küçük bir alanda mükemmel pişirme konforu,,-,https://www.bosch-home.com.tr/yetkili-saticilar?product=HBC33B550,-,Serie | 8,0,A enerji sınıfı : DÜşük enerji tüketimiyle mükemmel sonuç.,3D HotAir Plus: optimum ısı dağılımı sayesinde aynı anda 2 tepside de mükemmel sonuçlar,,,
HBB33C550,arsiv,arsiv,Ankastre fırın,//media3.bosch-home.com/Product_Shots/600x600/MCSA037488_HBA33B550_def.jpg,0,https://www.bosch-home.com.tr/urun-listesi/arsiv/HBB33C550?breadcrumb=null,0,0,-,,-,https://www.bosch-home.com.tr/yetkili-saticilar?product=HBB33C550,-,Serie | 8,0,Sürgülü fırın kapağı,elektronik saat,Gömülebilir düğmeler,Multifonksiyon 3D Plus (8 pişirme programı): Alt/üst ısıtma Alt ısıtma 3D sıcak hava Hava dolaşımlı ızgara Vario büyük yüzeyli ızgara Vario küçük yüzeyli ızgara Çözme Pizza programı,
HBA74R252E,arsiv,arsiv,Ankastre fırın,//media3.bosch-home.com/Product_Shots/600x600/MCSA00492164_103812_HBA64B251F_def.jpg,0,https://www.bosch-home.com.tr/urun-listesi/arsiv/HBA74R252E?breadcrumb=null,0,0,Otomatik kendini temizleme sistemi: temizlik için harcanan zamandan ve efordan tasarruf etmenizi sağlar,,-,https://www.bosch-home.com.tr/yetkili-saticilar?product=HBA74R252E,-,Serie | 6,0,Pirolitik temizleme sistemi: Tek bir düğmeye bastığınızda fırınınız otomatik olarak kendi kendini temizler,HotAir Eco: tek tepside yapılan pişirme için enerji verimli pişirme programı,A (-10%): A sınıfından %10 daha verimli,,
GTN34900NE,arsiv,arsiv,sandık tipi derindondurucu,//media3.bosch-home.com/Product_Shots/600x600/MCSA010199_GTN34900_def.jpg,0,https://www.bosch-home.com.tr/urun-listesi/arsiv/GTN34900NE?breadcrumb=null,0,0,-,,-,https://www.bosch-home.com.tr/yetkili-saticilar?product=GTN34900NE,-,-,0,yeni softline tasarımlı kapak,50mm kalın izolasyon,derin dondurucu bölmesi net hacim: 317 l,şok dondurma,
GTN27900NE,arsiv,arsiv,sandık tipi derindondurucu,//media3.bosch-home.com/Product_Shots/600x600/MCSA009848_GTN27900_def.jpg,0,https://www.bosch-home.com.tr/urun-listesi/arsiv/GTN27900NE?breadcrumb=null,0,0,-,,-,https://www.bosch-home.com.tr/yetkili-saticilar?product=GTN27900NE,-,-,0,yeni softline tasarımlı kapak,derin dondurucu bölmesi net hacim: 248 l,şok dondurma,termometre,
GSV33VW30N,arsiv,arsiv,Beyaz dış yüzey,//media3.bosch-home.com/Product_Shots/600x600/MCSA00454139_D4471_GSV33VW40_79323_def.jpg,0,https://www.bosch-home.com.tr/urun-listesi/arsiv/GSV33VW30N?breadcrumb=null,0,0,A++ enerji sınıfındaki derin dondurucu minimum enerji ile maksimum performans sağlarken elektronik sıcaklık kontrolü sayesinde kolayca istenilen sıcaklık ayarlanabilir.,,-,https://www.bosch-home.com.tr/yetkili-saticilar?product=GSV33VW30N,Çekmeceli derin dondurucu,Serie | 4,0,A++ derin dondurucular minimum enerji ile maksimum performans sağlar.,BigBox: Dondurulmuş büyük gıdalarınız için ekstra alan.,Elektronik sıcaklık kontrolü derin dondurucuyu kolayca istediğiniz sıcaklığa ayarlamanızı sağlar.,FreshSense: Derin dondurucu içindeki sıcaklığın sabit tutulmasıyla yiyecekler daha uzun süre taze saklanır.,90 ° açılabilen kapısı sayesinde yerleştirildiği her alanda kolayca kullanılabilir.
GSV33VW30,arsiv,arsiv,Beyaz dış yüzey,//media3.bosch-home.com/Product_Shots/600x600/MCSA00454139_D4471_GSV33VW40_79323_def.jpg,0,https://www.bosch-home.com.tr/urun-listesi/arsiv/GSV33VW30?breadcrumb=null,0,0,A++ enerji sınıfındaki derin dondurucu minimum enerji ile maksimum performans sağlarken elektronik sıcaklık kontrolü sayesinde kolayca istenilen sıcaklık ayarlanabilir.,,-,https://www.bosch-home.com.tr/yetkili-saticilar?product=GSV33VW30,Çekmeceli derin dondurucu,Serie | 4,0,A++ derin dondurucular minimum enerji ile maksimum performans sağlar.,BigBox: Dondurulmuş büyük gıdalarınız için ekstra alan.,Elektronik sıcaklık kontrolü derin dondurucuyu kolayca istediğiniz sıcaklığa ayarlamanızı sağlar.,FreshSense: Derin dondurucu içindeki sıcaklığın sabit tutulmasıyla yiyecekler daha uzun süre taze saklanır.,90 ° açılabilen kapısı sayesinde yerleştirildiği her alanda kolayca kullanılabilir.
GSV29VW30N,arsiv,arsiv,Beyaz dış yüzey,//media3.bosch-home.com/Product_Shots/600x600/MCSA00454194_D4472_GSV29VW30_79357_def.jpg,0,https://www.bosch-home.com.tr/urun-listesi/arsiv/GSV29VW30N?breadcrumb=null,0,0,A++ enerji sınıfındaki derin dondurucu minimum enerji ile maksimum performans sağlarken elektronik sıcaklık kontrolü sayesinde kolayca istenilen sıcaklık ayarlanabilir.,,-,https://www.bosch-home.com.tr/yetkili-saticilar?product=GSV29VW30N,Çekmeceli derin dondurucu,Serie | 4,0,A++ derin dondurucular minimum enerji ile maksimum performans sağlar.,BigBox: Dondurulmuş büyük gıdalarınız için ekstra alan.,Elektronik sıcaklık kontrolü derin dondurucuyu kolayca istediğiniz sıcaklığa ayarlamanızı sağlar.,FreshSense: Derin dondurucu içindeki sıcaklığın sabit tutulmasıyla yiyecekler daha uzun süre taze saklanır.,90 ° açılabilen kapısı sayesinde yerleştirildiği her alanda kolayca kullanılabilir.
GSV29VW30,arsiv,arsiv,Beyaz dış yüzey,//media3.bosch-home.com/Product_Shots/600x600/MCSA00454194_D4472_GSV29VW30_79357_def.jpg,0,https://www.bosch-home.com.tr/urun-listesi/arsiv/GSV29VW30?breadcrumb=null,0,0,A++ enerji sınıfındaki derin dondurucu minimum enerji ile maksimum performans sağlarken elektronik sıcaklık kontrolü sayesinde kolayca istenilen sıcaklık ayarlanabilir.,,-,https://www.bosch-home.com.tr/yetkili-saticilar?product=GSV29VW30,Çekmeceli derin dondurucu,Serie | 4,0,A++ derin dondurucular minimum enerji ile maksimum performans sağlar.,BigBox: Dondurulmuş büyük gıdalarınız için ekstra alan.,Elektronik sıcaklık kontrolü derin dondurucuyu kolayca istediğiniz sıcaklığa ayarlamanızı sağlar.,FreshSense: Derin dondurucu içindeki sıcaklığın sabit tutulmasıyla yiyecekler daha uzun süre taze saklanır.,90 ° açılabilen kapısı sayesinde yerleştirildiği her alanda kolayca kullanılabilir.
GSN54AW30,arsiv,arsiv,Beyaz,//media3.bosch-home.com/Product_Shots/600x600/MCSA052069_GSN54AW30_def.jpg,0,https://www.bosch-home.com.tr/urun-listesi/arsiv/GSN54AW30?breadcrumb=null,0,0,A++ enerji sınıfında NoFrost derin dondurucu FreshSense özelliği sayesinde dondurulmuş gıdalarınızı her zaman sabit sıcaklıkta saklar.,,-,https://www.bosch-home.com.tr/yetkili-saticilar?product=GSN54AW30,NoFrost- Çekmeceli derin dondurucu,Serie | 6,0,FreshSense: Derin dondurucu içindeki sıcaklığın sabit tutulmasıyla yiyecekler daha uzun süre taze saklanır.,Enerji verimliliği A++: çok tasarruflu soğutma yapar.,NoFrost: buz oluşmasına karşı mükemmel koruma sayesinde zaman ve enerji tüketen buz çözdürme işlemine bir daha hiç gerek kalmaz.,VarioZone: ihtiyaca göre düzenlenebilen raflar ve çekmeceler sayesinde daha fazla esneklik.,Cihazın ömrü boyunca çalışan LED aydınlatma buzdolabının içinde homojen bir aydınlatma sağlar ve parlama yapmaz.
GSN51AW30,arsiv,arsiv,Beyaz,//media3.bosch-home.com/Product_Shots/600x600/MCSA00454057_D3300_GSN51AW30_79276_def.jpg,0,https://www.bosch-home.com.tr/urun-listesi/arsiv/GSN51AW30?breadcrumb=null,0,0,A++ enerji sınıfında NoFrost derin dondurucu FreshSense özelliği sayesinde dondurulmuş gıdalarınızı her zaman sabit sıcaklıkta saklar.,,-,https://www.bosch-home.com.tr/yetkili-saticilar?product=GSN51AW30,NoFrost- Çekmeceli derin dondurucu,Serie | 6,0,FreshSense: Derin dondurucu içindeki sıcaklığın sabit tutulmasıyla yiyecekler daha uzun süre taze saklanır.,Enerji verimliliği A++: çok tasarruflu soğutma yapar.,NoFrost: buz oluşmasına karşı mükemmel koruma sayesinde zaman ve enerji tüketen buz çözdürme işlemine bir daha hiç gerek kalmaz.,VarioZone: ihtiyaca göre düzenlenebilen raflar ve çekmeceler sayesinde daha fazla esneklik.,Cihazın ömrü boyunca çalışan LED aydınlatma buzdolabının içinde homojen bir aydınlatma sağlar ve parlama yapmaz.
GSN33VW30,arsiv,arsiv,Beyaz,//media3.bosch-home.com/Product_Shots/600x600/MCSA00390814_C9916_GSN33VW30_10739_def.jpg,0,https://www.bosch-home.com.tr/urun-listesi/arsiv/GSN33VW30?breadcrumb=null,0,0,A++ enerji sınıfında NoFrost derin dondurucu minimum enerji ile maksimum performans sağlarken VarioZone sayesinde daha fazla esneklik sunar.,,-,https://www.bosch-home.com.tr/yetkili-saticilar?product=GSN33VW30,NoFrost- Çekmeceli derin dondurucu,Serie | 4,0,A++ enerji verimlilik sınıfı minimum enerji ile maksimum performans sağlar.,Elektronik sıcaklık kontrolü derin dondurucuyu kolayca istediğiniz sıcaklığa ayarlamanızı sağlar.,VarioZone: ihtiyaca göre düzenlenebilen raflar ve çekmeceler sayesinde daha fazla esneklik.,BigBox: Dondurulmuş büyük gıdalarınız için ekstra alan.,NoFrost: buz oluşmasına karşı mükemmel koruma sayesinde zaman ve enerji tüketen buz çözdürme işlemine bir daha hiç gerek kalmaz.
GSN29VW30,arsiv,arsiv,Beyaz,//media3.bosch-home.com/Product_Shots/600x600/MCSA050879_GSN29VW30_def.jpg,0,https://www.bosch-home.com.tr/urun-listesi/arsiv/GSN29VW30?breadcrumb=null,0,0,-,,-,https://www.bosch-home.com.tr/yetkili-saticilar?product=GSN29VW30,NoFrost- Çekmeceli derin dondurucu,Serie | 4,0,A++ enerji verimlilik sınıfı minimum enerji ile maksimum performans sağlar.,Elektronik sıcaklık kontrolü derin dondurucuyu kolayca istediğiniz sıcaklığa ayarlamanızı sağlar.,VarioZone: ihtiyaca göre düzenlenebilen raflar ve çekmeceler sayesinde daha fazla esneklik.,BigBox: Dondurulmuş büyük gıdalarınız için ekstra alan.,NoFrost: buz oluşmasına karşı mükemmel koruma sayesinde zaman ve enerji tüketen buz çözdürme işlemine bir daha hiç gerek kalmaz.
GSD30410NE,arsiv,arsiv,çekmeceli derindondurucu,//media3.bosch-home.com/Product_Shots/600x600/MCSA021944_GSD30410NE_def.jpg,0,https://www.bosch-home.com.tr/urun-listesi/arsiv/GSD30410NE?breadcrumb=null,0,0,-,,-,https://www.bosch-home.com.tr/yetkili-saticilar?product=GSD30410NE,-,-,0,yüksek kapı- soft line tasarım- bombeli,derin dondurucu bölmesi net hacim: 225 l,şok dondurma,2 adet şeffaf kapaklı derin dondurucu bölmesi,
GSD26410NE,arsiv,arsiv,çekmeceli derindondurucu,//media3.bosch-home.com/Product_Shots/600x600/MCSA021682_GSD26410NE_def.jpg,0,https://www.bosch-home.com.tr/urun-listesi/arsiv/GSD26410NE?breadcrumb=null,0,0,-,,-,https://www.bosch-home.com.tr/yetkili-saticilar?product=GSD26410NE,-,-,0,yüksek kapı- soft line tasarım- bombeli,derin dondurucu bölmesi net hacim: 202 l,şok dondurma,1 adet şeffaf kapaklı derin dondurucu bölmesi,
GSD1140NE,arsiv,arsiv,Çekmeceli ddondu.,//media3.bosch-home.com/Product_Shots/600x600/MCSA005729_GSD1140NE_def.jpg,0,https://www.bosch-home.com.tr/urun-listesi/arsiv/GSD1140NE?breadcrumb=null,0,0,-,,-,https://www.bosch-home.com.tr/yetkili-saticilar?product=GSD1140NE,-,-,0,soft line tasarım,derin dondurucu bölmesi net hacim: 90 l,şok dondurma,optik uyarı göstergesi,
GSD10N21NE,arsiv,arsiv,büro tipi derin dondurucu,//media3.bosch-home.com/Product_Shots/600x600/MCSA033481_GSD10N21NE_def.jpg,0,https://www.bosch-home.com.tr/urun-listesi/arsiv/GSD10N21NE?breadcrumb=null,0,0,-,,-,https://www.bosch-home.com.tr/yetkili-saticilar?product=GSD10N21NE,-,-,0,Sofline dizayn,üst tabla çıkarılabilir (tezgah altı),yüksekliği ayarlanabilir ön ayaklar,bütün derin dondurucu bölmelerinde dondurma özelliği,
GSD10N20NE,arsiv,arsiv,büro tipi derin dondurucu,//media3.bosch-home.com/Product_Shots/600x600/MCSA005729_GSD1140NE_def.jpg,0,https://www.bosch-home.com.tr/urun-listesi/arsiv/GSD10N20NE?breadcrumb=null,0,0,-,,-,https://www.bosch-home.com.tr/yetkili-saticilar?product=GSD10N20NE,-,-,0,soft line tasarım,bazasız kapı,üst tabla çıkarılabilir (tezgah altı),şok dondurma,
GCM34AW20N,arsiv,arsiv,Sandık tipi derindondurucu,//media3.bosch-home.com/Product_Shots/600x600/MCSA00418779_D0420_GCM34AW20N_45017_def.jpg,0,https://www.bosch-home.com.tr/urun-listesi/arsiv/GCM34AW20N?breadcrumb=null,0,0,Geniş hacimli derin dondurucu- yiyecekleriniz için ekstra fazla alan sunarken iç aydınlatması sayesinde optimum düzeyde bir aydınlatma sağlar.,,-,https://www.bosch-home.com.tr/yetkili-saticilar?product=GCM34AW20N,Beyaz dış yüzey,Serie | 4,0,Cihazın geniş hacmi sayesinde yiyecekleriniz için ekstra fazla alan sağlanır.,İç aydınlatma- cihazın içinde optimum düzeyde aydınlatma sağlar.,Defrost suyu çıkış oluğu defrost suyunun kolayca tahliye edilmesini sağlar.,Ekonomi modu tek bir tuşla her zaman optimum soğutma/dondurma sıcaklığına ulaşılmasını sağlar.,Süper dondurma özelliği sayesinde dondurucuya yeni yerleştirilmiş gıdaların daha hızlı dondurulması sağlanırken donmuş gıdaların zarar görmesi engellenmiş olur.
DWW09W850,arsiv,arsiv,Duvar tipi davlumbaz- 90 cm,//media3.bosch-home.com/Product_Shots/600x600/MCSA00426681_53132_DWW09W450_def.jpg,0,https://www.bosch-home.com.tr/urun-listesi/arsiv/DWW09W850?breadcrumb=null,0,0,Duvar tipi davlumbaz: duvara monte edilen davlumbaz mutfanığızı planlamanız için size özgürlük verir,,-,https://www.bosch-home.com.tr/yetkili-saticilar?product=DWW09W850,Çelik,Serie | 2,0,Emiş gücü: 780 m3/h- mutfağınızın kaliteli hava kalitesinde olmasını garanti eder,Halojen aydınlatma: ocağın optimum enerji verimliliği ile aydınlatılmasını sağlar,,,
DWW06W850,arsiv,arsiv,Duvar tipi davlumbaz- 60 cm,//media3.bosch-home.com/Product_Shots/600x600/MCSA00426679_53131_DWW06W450_def.jpg,0,https://www.bosch-home.com.tr/urun-listesi/arsiv/DWW06W850?breadcrumb=null,0,0,Duvar tipi davlumbaz: duvara monte edilen davlumbaz mutfanığızı planlamanız için size özgürlük verir,,-,https://www.bosch-home.com.tr/yetkili-saticilar?product=DWW06W850,Çelik,Serie | 2,0,Emiş gücü: 760 m3/h- mutfağınızın kaliteli hava kalitesinde olmasını garanti eder,Halojen aydınlatma: ocağın optimum enerji verimliliği ile aydınlatılmasını sağlar,,,
DWW06W460,arsiv,arsiv,Duvar tipi davlumbaz- 60 cm,//media3.bosch-home.com/Product_Shots/600x600/MCSA00426747_53179_DWW06W460_def.jpg,0,https://www.bosch-home.com.tr/urun-listesi/arsiv/DWW06W460?breadcrumb=null,0,0,Duvar tipi davlumbaz: duvara monte edilen davlumbaz mutfanığızı planlamanız için size özgürlük verir,,-,https://www.bosch-home.com.tr/yetkili-saticilar?product=DWW06W460,Siyah,Serie | 2,0,Emiş gücü: 370 m3/h- mutfağınızın kaliteli hava kalitesinde olmasını garanti eder,Halojen aydınlatma: ocağın optimum enerji verimliliği ile aydınlatılmasını sağlar,,,
DWW06W420,arsiv,arsiv,DWW06W420,//media3.bosch-home.com/Product_Shots/600x600/MCSA00426676_53129_DWW06W420_def.jpg,0,https://www.bosch-home.com.tr/urun-listesi/arsiv/DWW06W420?breadcrumb=null,0,0,Duvar tipi davlumbaz: duvara monte edilen davlumbaz mutfanığızı planlamanız için size özgürlük verir,,-,https://www.bosch-home.com.tr/yetkili-saticilar?product=DWW06W420,Duvar tipi davlumbaz- 60 cm,Serie | 2,0,Emiş gücü: 370 m3/h- mutfağınızın kaliteli hava kalitesinde olmasını garanti eder,Halojen aydınlatma: ocağın optimum enerji verimliliği ile aydınlatılmasını sağlar,,,
DWK09G660,arsiv,arsiv,Duvar tipi davlumbaz- 90 cm,//media3.bosch-home.com/Product_Shots/600x600/MCSA00568303_DWK09G660_def.jpg,0,https://www.bosch-home.com.tr/urun-listesi/arsiv/DWK09G660?breadcrumb=null,0,0,Duvar tipi davlumbaz: duvara monte edilen davlumbaz mutfanığızı planlamanız için size özgürlük verir,,-,https://www.bosch-home.com.tr/yetkili-saticilar?product=DWK09G660,Eğimli tasarım,Serie | 6,0,Emiş gücü: 690 m3/h- mutfağınızın kaliteli hava kalitesinde olmasını garanti eder,Halojen aydınlatma: ocağın optimum enerji verimliliği ile aydınlatılmasını sağlar,Yoğun hız ayarı: 6 dakika sonunda davlumbazı otomatik olarak normal hız ayarlarına getirir.,,
DWK06G620,arsiv,arsiv,Duvar tipi davlumbaz- 60 cm,//media3.bosch-home.com/Product_Shots/600x600/MCSA00568289_DWK06G620_def.jpg,0,https://www.bosch-home.com.tr/urun-listesi/arsiv/DWK06G620?breadcrumb=null,0,0,Duvar tipi davlumbaz: duvara monte edilen davlumbaz mutfanığızı planlamanız için size özgürlük verir,,-,https://www.bosch-home.com.tr/yetkili-saticilar?product=DWK06G620,Eğimli tasarım,Serie | 6,0,Emiş gücü: 600 m3/h- mutfağınızın kaliteli hava kalitesinde olmasını garanti eder,Halojen aydınlatma: ocağın optimum enerji verimliliği ile aydınlatılmasını sağlar,Yoğun hız ayarı: 6 dakika sonunda davlumbazı otomatik olarak normal hız ayarlarına getirir.,,
DWB099751,arsiv,arsiv,Çelik,//media3.bosch-home.com/Product_Shots/600x600/MCSA039061_DWB099751_def.jpg,0,https://www.bosch-home.com.tr/urun-listesi/arsiv/DWB099751?breadcrumb=null,0,0,-,,-,https://www.bosch-home.com.tr/yetkili-saticilar?product=DWB099751,Duvar tipi davlumbaz- 90 cm,Serie | 8,0,Hava çıkışlı ve hava dolaşımlı kullanıma uygun,Elektronik kumanda NO_FEATURE,3 güç kademesi ve 1 yoğun kademe,Emiş gücü (DIN/EN 61591 norm ölçümüne göre): max. 650 m3/h; Yoğun 770 m³/h,
DWB093553,arsiv,arsiv,Çelik,//media3.bosch-home.com/Product_Shots/600x600/MCSA043722_DWB093553_def.jpg,0,https://www.bosch-home.com.tr/urun-listesi/arsiv/DWB093553?breadcrumb=null,0,0,Duvar tipi davlumbaz: duvara monte edilen davlumbaz mutfanığızı planlamanız için size özgürlük verir,,-,https://www.bosch-home.com.tr/yetkili-saticilar?product=DWB093553,Duvar tipi davlumbaz- 90 cm,Serie | 2,0,Emiş gücü: 640 m3/h- mutfağınızın kaliteli hava kalitesinde olmasını garanti eder,Özellikle sessiz: yüksek performansta sadece 45 dB ses basıncı.,Halojen aydınlatma: ocağın optimum enerji verimliliği ile aydınlatılmasını sağlar,Yoğun hız ayarı: mutfaktaki kokuyu hızlı ve efektif bir şekilde tahliye eder,
DWA097A50,duvar tipi davlumbazlar,pisirme grubu,DWA097A50,//media3.bosch-home.com/Product_Shots/600x600/MCSA00661315_DWA097A50_def.jpg,0,https://www.bosch-home.com.tr/urun-listesi/pisirme-grubu/davlumbazlar-ve-aspiratorler/duvar-tipi-davlumbazlar/DWA097A50?breadcrumb=null,0,0,Duvar tipi davlumbaz: duvara monte edilen davlumbaz mutfağınızı planlamanız için size özgürlük verir.,,-,https://www.bosch-home.com.tr/yetkili-saticilar?product=DWA097A50,-,Serie | 4,1552431600,LED aydınlatma: enerji verimliliği sayesinde ocağın mükemmel bir şekilde aydınlatılmasını sağlar.,Özellikle sessiz: yüksek performansta sadece 45 dB ses basıncı.,Emiş gücü: 690 m3/h- mutfağınızda kaliteli hava olmasını garanti eder.,,
DWA091450,arsiv,arsiv,Çelik,//media3.bosch-home.com/Product_Shots/600x600/MCSA038381_DWA091450_def.jpg,0,https://www.bosch-home.com.tr/urun-listesi/arsiv/DWA091450?breadcrumb=null,0,0,-,,-,https://www.bosch-home.com.tr/yetkili-saticilar?product=DWA091450,Duvar tipi davlumbaz- 90 cm,Serie | 2,0,Hava çıkışlı ve hava dolaşımlı kullanıma uygun,Sürgülü kumanda,3 güç kademesi,Max. emiş gücü (DIN/EN 61591 normuna göre) : 370 m³/h,
DWA067E51,arsiv,arsiv,Duvar tipi davlumbaz- 60 cm,//media3.bosch-home.com/Product_Shots/600x600/MCSA00663997_DWA067E51_def.jpg,0,https://www.bosch-home.com.tr/urun-listesi/arsiv/DWA067E51?breadcrumb=null,0,0,Duvar tipi davlumbaz: duvara monte edilen davlumbaz mutfanığızı planlamanız için size özgürlük verir,,-,https://www.bosch-home.com.tr/yetkili-saticilar?product=DWA067E51,Camlı tasarım,Serie | 6,0,Emiş gücü: 680 m3/h- mutfağınızın kaliteli hava kalitesinde olmasını garanti eder,LED aydınlatma: ocağın mükemmel ve enerji verimli bir şekilde aydınlatılmasını sağlar,Yoğun hız ayarı: 6 dakika sonunda davlumbazı otomatik olarak normal hız ayarlarına getirir.,,
DWA067A50T,arsiv,arsiv,Duvar tipi davlumbaz- 60 cm,//media3.bosch-home.com/Product_Shots/600x600/MCSA00804951_445651_DWA067A50T_def.jpg,0,https://www.bosch-home.com.tr/urun-listesi/arsiv/DWA067A50T?breadcrumb=null,0,0,Duvar tipi davlumbaz: duvara monte edilen davlumbaz mutfanığızı planlamanız için size özgürlük verir,,-,https://www.bosch-home.com.tr/yetkili-saticilar?product=DWA067A50T,Camlı tasarım,Serie | 4,0,Halojen aydınlatma: ocağın optimum enerji verimliliği ile aydınlatılmasını sağlar,Özellikle sessiz: yüksek performansta sadece 45 dB ses basıncı.,Emiş gücü: 680 m3/h- mutfağınızın kaliteli hava kalitesinde olmasını garanti eder,Yoğun hız ayarı: 6 dakika sonunda davlumbazı otomatik olarak normal hız ayarlarına getirir.,
DWA061450,arsiv,arsiv,Çelik,//media3.bosch-home.com/Product_Shots/600x600/MCSA038380_DWA061450_def.jpg,0,https://www.bosch-home.com.tr/urun-listesi/arsiv/DWA061450?breadcrumb=null,0,0,-,,-,https://www.bosch-home.com.tr/yetkili-saticilar?product=DWA061450,Duvar tipi davlumbaz- 60 cm,Serie | 2,0,Hava çıkışlı ve hava dolaşımlı kullanıma uygun,Sürgülü kumanda,3 güç kademesi,Max. emiş gücü (DIN/EN 61591 normuna göre) : 370 m³/h,
DSZ0660,arsiv,arsiv,Panel,//media3.bosch-home.com/Product_Shots/600x600/MCSA043729_DSZ0660_def.jpg,0,https://www.bosch-home.com.tr/urun-listesi/arsiv/DSZ0660?breadcrumb=null,0,0,-,,-,https://www.bosch-home.com.tr/yetkili-saticilar?product=DSZ0660,-,-,0,-,,,,
DSZ0630,arsiv,arsiv,DSZ0630,//media3.bosch-home.com/Product_Shots/600x600/MCSA049357_DSZ0630_def.jpg,0,https://www.bosch-home.com.tr/urun-listesi/arsiv/DSZ0630?breadcrumb=null,0,0,-,,-,https://www.bosch-home.com.tr/yetkili-saticilar?product=DSZ0630,-,-,0,Panel,,,,
DSZ0620,arsiv,arsiv,Panel,//media3.bosch-home.com/Product_Shots/600x600/MCSA043732_DSZ0620_def.jpg,0,https://www.bosch-home.com.tr/urun-listesi/arsiv/DSZ0620?breadcrumb=null,0,0,-,,-,https://www.bosch-home.com.tr/yetkili-saticilar?product=DSZ0620,-,-,0,-,,,,
DKE995E,arsiv,arsiv,Duvara monte edilebilen davlumbaz- 90 cm,//media3.bosch-home.com/Product_Shots/600x600/MCSA008820_DKE995E_def.jpg,0,https://www.bosch-home.com.tr/urun-listesi/arsiv/DKE995E?breadcrumb=null,0,0,-,,-,https://www.bosch-home.com.tr/yetkili-saticilar?product=DKE995E,Funktional-Klasse,-,0,Duvara monte edilebilir,Bacalı ve bacasız kullanıma uygun,Bulaşık makinesinde yıkanabilen meta yağ filtresi,2x20 W gücünde halojen lambalarla çalışma tezgahını aydınlatma,
DKE985C,arsiv,arsiv,Duvar tipi davlumbaz- 90 cm,//media3.bosch-home.com/Product_Shots/600x600/MCSA008768_DKE985C_def.jpg,0,https://www.bosch-home.com.tr/urun-listesi/arsiv/DKE985C?breadcrumb=null,0,0,-,,-,https://www.bosch-home.com.tr/yetkili-saticilar?product=DKE985C,-,-,0,Bacalı veya bacasız kullanıma uygun,Motor sesini en düşük seviyede tutan sistem Ses değeri: sadece 54 dB (re 1 pW) (normal kademede 400 m³/h),Bulaşık makinesinde yıkanabilir metal yağ filtresi,Aydınlatma: 3x20 W gücünde Halojen aydınlatma,
DKE975C,arsiv,arsiv,Duvar tipi davlumbaz- 90 cm,//media3.bosch-home.com/Product_Shots/600x600/MCSA031691_DKE975C_def.jpg,0,https://www.bosch-home.com.tr/urun-listesi/arsiv/DKE975C?breadcrumb=null,0,0,-,,-,https://www.bosch-home.com.tr/yetkili-saticilar?product=DKE975C,Funktional-Klasse,-,0,Duvara monte edilebilir,Bacalı veya bacasız kullanıma uygun,Bulaşık makinesinde yıkanabilir metal yağ filtresi,Aydınlatma: 3x20 W gücünde Halojen aydınlatma,
DKE965R,arsiv,arsiv,Duvar tipi davlumbaz- 90 cm,//media3.bosch-home.com/Product_Shots/600x600/MCSA029609_DKE965R_def.jpg,0,https://www.bosch-home.com.tr/urun-listesi/arsiv/DKE965R?breadcrumb=null,0,0,-,,-,https://www.bosch-home.com.tr/yetkili-saticilar?product=DKE965R,-,-,0,Duvara monte edilebilir,Metal çerçeveli cam ve entegre kumanda,Bacalı yada bacasız kullanım,Bulaşık makinesinde yıkanabilen metal yağ filtresi,
DKE945M,arsiv,arsiv,Duvar tipi davlumbaz- 90 cm,//media3.bosch-home.com/Product_Shots/600x600/MCSA029593_DKE945M_def.jpg,0,https://www.bosch-home.com.tr/urun-listesi/arsiv/DKE945M?breadcrumb=null,0,0,-,,-,https://www.bosch-home.com.tr/yetkili-saticilar?product=DKE945M,-,-,0,Bacalı veya bacasız kullanıma uygun,Aydınlatma: 3x20 W gücünde Halojen aydınlatma,Tuşlar ile dijital gösterli elektronik kumanda,3 kademeli,
DKE945E,arsiv,arsiv,Duvar tipi davlumbaz- 90 cm,//media3.bosch-home.com/Product_Shots/600x600/MCSA009301_DKE945E_def.jpg,0,https://www.bosch-home.com.tr/urun-listesi/arsiv/DKE945E?breadcrumb=null,0,0,-,,-,https://www.bosch-home.com.tr/yetkili-saticilar?product=DKE945E,-,-,0,Bacalı veya bacasız kullanıma uygun,Aydınlatma: 3x20 W gücünde Halojen aydınlatma,Tuşlar ile dijital gösterli elektronik kumanda,3 kademeli,
DKE936N,arsiv,arsiv,Nostalji davlumbaz,//media3.bosch-home.com/Product_Shots/600x600/MCSA006048_DKE936N_def.jpg,0,https://www.bosch-home.com.tr/urun-listesi/arsiv/DKE936N?breadcrumb=null,0,0,-,,-,https://www.bosch-home.com.tr/yetkili-saticilar?product=DKE936N,90 cm,-,0,Duvara monte edilebilir,Bacalı ve bacasız kullanıma uygun,3 kademeli,Bacalı kullanımda maksimum hava emiş gücü 400 m³/h,
DKE935A,arsiv,arsiv,Duvara monte edilebilen davlumbaz- 90 cm,//media3.bosch-home.com/Product_Shots/600x600/MCSA008275_DKE935A_def.jpg,0,https://www.bosch-home.com.tr/urun-listesi/arsiv/DKE935A?breadcrumb=null,0,0,-,,-,https://www.bosch-home.com.tr/yetkili-saticilar?product=DKE935A,-,-,0,Bacalı veya bacasız kullanıma uygun,3 kademeli,Bacalı kullanımda maksimum hava emiş gücü 400 m³/h,Bulaşık makinesinde yıkanabilir metal yağ filtresi,
DKE925B,arsiv,arsiv,Duvar tipi davlumbaz- 90 cm,//media3.bosch-home.com/Product_Shots/600x600/MCSA028453_DKE925B_def.jpg,0,https://www.bosch-home.com.tr/urun-listesi/arsiv/DKE925B?breadcrumb=null,0,0,-,,-,https://www.bosch-home.com.tr/yetkili-saticilar?product=DKE925B,-,-,0,Bacalı veya bacasız kullanıma uygun,Yüksek verimli çift üfleme,2 kademeli,Maksimum hava emiş gücü 320 m³/h,
DKE905A,arsiv,arsiv,Duvar tipi davlumbaz- 90 cm,//media3.bosch-home.com/Product_Shots/600x600/MCSA027045_DKE905A_def.jpg,0,https://www.bosch-home.com.tr/urun-listesi/arsiv/DKE905A?breadcrumb=null,0,0,-,,-,https://www.bosch-home.com.tr/yetkili-saticilar?product=DKE905A,-,-,0,Duvara monte edilebilir,Bacalı veya bacasız kullanıma uygun,3 kademeli,Bacalı kullanımda maksimum hava emiş gücü 400 m³/h,
DKE685C,arsiv,arsiv,Duvar tipi davlumbaz- 60 cm,//media3.bosch-home.com/Product_Shots/600x600/MCSA008262_DKE685C_def.jpg,0,https://www.bosch-home.com.tr/urun-listesi/arsiv/DKE685C?breadcrumb=null,0,0,-,,-,https://www.bosch-home.com.tr/yetkili-saticilar?product=DKE685C,-,-,0,Bacalı veya bacasız kullanıma uygun,Motor sesini en düşük seviyede tutan sistem Ses değeri: sadece 54 dB (re 1 pW) (normal kademede 400 m³/h),Bulaşık makinesinde yıkanabilir metal yağ filtresi,Aydınlatma: 2x20 W gücünde Halojen aydınlatma,
DKE665R,arsiv,arsiv,Duvar tipi davlumbaz- 60 cm,//media3.bosch-home.com/Product_Shots/600x600/MCSA029580_DKE665R_def.jpg,0,https://www.bosch-home.com.tr/urun-listesi/arsiv/DKE665R?breadcrumb=null,0,0,-,,-,https://www.bosch-home.com.tr/yetkili-saticilar?product=DKE665R,-,-,0,Metal çerçeveli cam ve entegre kumanda,Bacalı veya bacasız kullanıma uygun,Bulaşık makinesinde yıkanabilen metal yağ filtresi,Aydınlatma: 2x20 W gücünde Halojen aydınlatma,
DKE665M,arsiv,arsiv,60 cm genişliğinde cam dekorlu davlumbaz,//media3.bosch-home.com/Product_Shots/600x600/MCSA008044_DKE665M_def.jpg,0,https://www.bosch-home.com.tr/urun-listesi/arsiv/DKE665M?breadcrumb=null,0,0,-,,-,https://www.bosch-home.com.tr/yetkili-saticilar?product=DKE665M,-,-,0,Duvara monte edilebilir,Metal çerçeveli cam dekorlu,Hava çıkışlı veya hava dolaşımlı kullanım,Bulaşık makinesinde yıkanabilen metal yağ filtresi,
DKE655M,arsiv,arsiv,Duvara monte edilebilen davlumbaz- 60 cm,//media3.bosch-home.com/Product_Shots/600x600/MCSA006104_DKE655M_def.jpg,0,https://www.bosch-home.com.tr/urun-listesi/arsiv/DKE655M?breadcrumb=null,0,0,-,,-,https://www.bosch-home.com.tr/yetkili-saticilar?product=DKE655M,-,-,0,Bacalı veya bacasız kullanıma uygun,Bulaşık makinesinde yıkanabilen metal yağ filtresi,Aydınlatma: 2x20 W gücünde halojen lambalarla,3 güç kademesi- ve 1 yoğun kademe,
DKE645E,arsiv,arsiv,Duvara monte edilebilen davlumbaz- 60 cm,//media3.bosch-home.com/Product_Shots/600x600/MCSA008526_DKE645E_def.jpg,0,https://www.bosch-home.com.tr/urun-listesi/arsiv/DKE645E?breadcrumb=null,0,0,-,,-,https://www.bosch-home.com.tr/yetkili-saticilar?product=DKE645E,-,-,0,Bacalı veya bacasız kullanıma uygun,Aydınlatma: 2x20 W gücünde halojen lambalarla,Tuşlar ile dijital gösterli elektronik kumanda,3 kademeli,
DKE635A,arsiv,arsiv,Duvara monte edilebilen davlumbaz- 60 cm,//media3.bosch-home.com/Product_Shots/600x600/MCSA007810_DKE635A_def.jpg,0,https://www.bosch-home.com.tr/urun-listesi/arsiv/DKE635A?breadcrumb=null,0,0,-,,-,https://www.bosch-home.com.tr/yetkili-saticilar?product=DKE635A,-,-,0,Bacalı veya bacasız kullanıma uygun,3 kademeli,Bacalı kullanımda maksimum hava emiş gücü 400 m³/h,Bulaşık makinesinde yıkanabilir metal yağ filtresi,
DKE632A,arsiv,arsiv,Duvara monte edilebilen davlumbaz- 60 cm,//media3.bosch-home.com/Product_Shots/600x600/MCSA006096_DKE632A_def.jpg,0,https://www.bosch-home.com.tr/urun-listesi/arsiv/DKE632A?breadcrumb=null,0,0,-,,-,https://www.bosch-home.com.tr/yetkili-saticilar?product=DKE632A,-,-,0,Bacalı veya bacasız kullanıma uygun,3 kademeli,Bacalı kullanımda maksimum hava emiş gücü 400 m³/h,Bulaşık makinesinde yıkanabilir metal yağ filtresi,
DKE625B,arsiv,arsiv,Duvar tipi davlumbaz- 60 cm,//media3.bosch-home.com/Product_Shots/600x600/MCSA020663_DKE625B_def.jpg,0,https://www.bosch-home.com.tr/urun-listesi/arsiv/DKE625B?breadcrumb=null,0,0,-,,-,https://www.bosch-home.com.tr/yetkili-saticilar?product=DKE625B,-,-,0,Bacalı veya bacasız kullanıma uygun,Bulaşık makinesinde yıkanabilir metal yağ filtresi,Aydınlatma: 2x40 W,2 kademeli,
DKE615A,arsiv,arsiv,Duvar tipi davlumbaz- 60 cm,//media3.bosch-home.com/Product_Shots/600x600/MCSA033272_DKE615A_def.jpg,0,https://www.bosch-home.com.tr/urun-listesi/arsiv/DKE615A?breadcrumb=null,0,0,Duvar tipi davlumbaz: duvara monte edilen davlumbaz mutfanığızı planlamanız için size özgürlük verir,,-,https://www.bosch-home.com.tr/yetkili-saticilar?product=DKE615A,-,Serie | 2,0,Emiş gücü: 400 m3/h- mutfağınızın kaliteli hava kalitesinde olmasını garanti eder,Halojen aydınlatma: ocağın optimum enerji verimliliği ile aydınlatılmasını sağlar,,,
DKE605A,arsiv,arsiv,Duvar tipi davlumbaz- 60 cm,//media3.bosch-home.com/Product_Shots/600x600/MCSA027043_DKE605A_def.jpg,0,https://www.bosch-home.com.tr/urun-listesi/arsiv/DKE605A?breadcrumb=null,0,0,-,,-,https://www.bosch-home.com.tr/yetkili-saticilar?product=DKE605A,-,-,0,Bacalı veya bacasız kullanıma uygun,3 kademeli,Bacalı kullanımda maksimum hava emiş gücü 400 m³/h,Bulaşık makinesinde yıkanabilir metal yağ filtresi,
DKE115A,arsiv,arsiv,Ada Davlumbaz- 110 cm,//media3.bosch-home.com/Product_Shots/600x600/MCSA009399_DKE115A_def.jpg,0,https://www.bosch-home.com.tr/urun-listesi/arsiv/DKE115A?breadcrumb=null,0,0,-,,-,https://www.bosch-home.com.tr/yetkili-saticilar?product=DKE115A,-,-,0,Ada Davlumbaz,Tavana montaj edilebilen ada davlumbazı,Motor sesini en düşük seviyede tutan sistem Ses değeri: sadece 58 dB (re 1 pW) (normal kademede 500 m³/h),Bulaşık makinesinde yıkanabilir metal yağ filtresi,
DHZ3350,arsiv,arsiv,Fırın aksesuarı,//media3.bosch-home.com/Product_Shots/600x600/MCSA00444184_Z5770N0_def.jpg,0,https://www.bosch-home.com.tr/urun-listesi/arsiv/DHZ3350?breadcrumb=null,0,0,-,,-,https://www.bosch-home.com.tr/yetkili-saticilar?product=DHZ3350,-,-,0,aksesuar 60 cm lik bütün davlumbazlara uygun,,,,
DHU665CTR,arsiv,arsiv,Klasik aspiratör- 60 cm,//media3.bosch-home.com/Product_Shots/600x600/MCSA027979_DHU665CTR_def.jpg,0,https://www.bosch-home.com.tr/urun-listesi/arsiv/DHU665CTR?breadcrumb=null,0,0,Klasik aspiratör: mutfak dolabına ya da duvara monte ederek alandan tasarruf edebilirsiniz,,-,https://www.bosch-home.com.tr/yetkili-saticilar?product=DHU665CTR,-,Serie | 4,0,Emiş gücü: 360 m3/h- mutfağınızın kaliteli hava kalitesinde olmasını garanti eder,Halojen aydınlatma: ocağın optimum enerji verimliliği ile aydınlatılmasını sağlar,,,
DHU665BTR,arsiv,arsiv,Klasik aspiratör- 60 cm,//media3.bosch-home.com/Product_Shots/600x600/MCSA022631_DHU665BTR_def.jpg,0,https://www.bosch-home.com.tr/urun-listesi/arsiv/DHU665BTR?breadcrumb=null,0,0,-,,-,https://www.bosch-home.com.tr/yetkili-saticilar?product=DHU665BTR,-,-,0,Bacalı ve bacasız kullanıma uygun,3 kademeli tuşlu düğme,2 fanlı motor,Hava çekme kapasitesi DIN/EN 61591: max. 380 m³/h,
DHU662BTR,arsiv,arsiv,Klasik aspiratör- 60 cm,//media3.bosch-home.com/Product_Shots/600x600/MCSA027977_DHU662BTR_def.jpg,0,https://www.bosch-home.com.tr/urun-listesi/arsiv/DHU662BTR?breadcrumb=null,0,0,Klasik aspiratör: mutfak dolabına ya da duvara monte ederek alandan tasarruf edebilirsiniz,,-,https://www.bosch-home.com.tr/yetkili-saticilar?product=DHU662BTR,-,Serie | 2,0,Emiş gücü: 360 m3/h- mutfağınızın kaliteli hava kalitesinde olmasını garanti eder,Halojen aydınlatma: ocağın optimum enerji verimliliği ile aydınlatılmasını sağlar,,,
DHU662ATR,arsiv,arsiv,Klasik aspiratör- 60 cm,//media3.bosch-home.com/Product_Shots/600x600/MCSA022633_DHU662ATR_def.jpg,0,https://www.bosch-home.com.tr/urun-listesi/arsiv/DHU662ATR?breadcrumb=null,0,0,-,,-,https://www.bosch-home.com.tr/yetkili-saticilar?product=DHU662ATR,-,-,0,Bacalı ve bacasız kullanıma uygun,3 kademeli,2 fanlı motor,Hava çekme kapasitesi DIN/EN 61591: max. 380 m³/h,
DHI645FTR,arsiv,arsiv,Sürgülü aspiratör- 60 cm,//media3.bosch-home.com/Product_Shots/600x600/MCSA00793193_DHI645FTR_def.jpg,0,https://www.bosch-home.com.tr/urun-listesi/arsiv/DHI645FTR?breadcrumb=null,0,0,Sürgülü aspiratör: üst kabini pratik şekilde görünmez kılarak mutfağınıza şık bir görünüm katar,,-,https://www.bosch-home.com.tr/yetkili-saticilar?product=DHI645FTR,-,Serie | 2,0,Emiş gücü: 300 m3/h- mutfağınızda kaliteli hava olmasını garanti eder.,Halojen aydınlatma: enerji verimliliği ile ocağın mükemmel bir şekilde aydınlatılmasını sağlar,,,
DHI645ETR,arsiv,arsiv,Aspiratör- 60 cm,//media3.bosch-home.com/Product_Shots/600x600/MCSA022630_DHI645ETR_def.jpg,0,https://www.bosch-home.com.tr/urun-listesi/arsiv/DHI645ETR?breadcrumb=null,0,0,-,,-,https://www.bosch-home.com.tr/yetkili-saticilar?product=DHI645ETR,-,-,0,Bacalı ve bacasız kullanıma uygun,3 kademeli,2 fanlı motor,Hava çekme kapasitesi DIN/EN 61591: max. 380 m³/h,
DHI642ETR,arsiv,arsiv,Sürgülü aspiratör- 60 cm,//media3.bosch-home.com/Product_Shots/600x600/MCSA00793210_DHI642EQ_def.jpg,0,https://www.bosch-home.com.tr/urun-listesi/arsiv/DHI642ETR?breadcrumb=null,0,0,Sürgülü aspiratör: üst kabini pratik şekilde görünmez kılarak mutfağınıza şık bir görünüm katar,,-,https://www.bosch-home.com.tr/yetkili-saticilar?product=DHI642ETR,-,Serie | 2,0,Emiş gücü: 300 m3/h- mutfağınızın kaliteli hava kalitesinde olmasını garanti eder,Halojen aydınlatma: ocağın optimum enerji verimliliği ile aydınlatılmasını sağlar,,,
DHI642BTR,arsiv,arsiv,Aspiratör- 60 cm,//media3.bosch-home.com/Product_Shots/600x600/MCSA022629_DHI642BTR_def.jpg,0,https://www.bosch-home.com.tr/urun-listesi/arsiv/DHI642BTR?breadcrumb=null,0,0,-,,-,https://www.bosch-home.com.tr/yetkili-saticilar?product=DHI642BTR,-,-,0,Bacalı ve bacasız kullanıma uygun,3 kademeli,2 fanlı motor,Hava çekme kapasitesi DIN/EN 61591: max. 340 m³/h,
DHI625H,arsiv,arsiv,Sürgülü Aspiratör- 60 cm,//media3.bosch-home.com/Product_Shots/600x600/MCSA003391_DHI625H_def.jpg,0,https://www.bosch-home.com.tr/urun-listesi/arsiv/DHI625H?breadcrumb=null,0,0,-,,-,https://www.bosch-home.com.tr/yetkili-saticilar?product=DHI625H,-,Serie | 4,0,Bacalı veya bacasız kullanıma uygun,Bulaşık makinesinde yıkanabilir metal yağ filtresi,Cam siperlik,Çift motorlu,
CIB36P01,arsiv,arsiv,ankastre trio buzdolabı,//media3.bosch-home.com/Product_Shots/600x600/MCSA052136_B36BT830NS_def.jpg,0,https://www.bosch-home.com.tr/urun-listesi/arsiv/CIB36P01?breadcrumb=null,0,0,-,,-,https://www.bosch-home.com.tr/yetkili-saticilar?product=CIB36P01,-,-,0,Enerji verimlilik sınıfı: A+,Elektrik tüketimi: 420 kWh/yıl,Toplam brüt hacim: 560 l,Soğutucu bölmesi net hacim: 392 l,
CIB36P00,arsiv,arsiv,ankastre trio buzdolabı,//media3.bosch-home.com/Product_Shots/600x600/MCSA033233_B36IT70NSP_def.jpg,0,https://www.bosch-home.com.tr/urun-listesi/arsiv/CIB36P00?breadcrumb=null,0,0,-,,-,https://www.bosch-home.com.tr/yetkili-saticilar?product=CIB36P00,Premium,-,0,Niş ölçüler (H x B x T): 213-4 cm x 91-4 cm x 61-0 cm,„French Door“ Dizayn – soğutucu bölmesinde aynı anda açılabilen 2 kapı,Metal iç duvar,Elektronik sıcaklık ayarı,
BX32100,arsiv,arsiv,BX32100 Transparan büyülü siyah/Antrasit,//media3.bosch-home.com/Product_Shots/600x600/MCSA025503_BX32100_def.jpg,0,https://www.bosch-home.com.tr/urun-listesi/arsiv/BX32100?breadcrumb=null,0,0,-,,-,https://www.bosch-home.com.tr/yetkili-saticilar?product=BX32100,BX3 2100 W,-,0,"Toz torbasız süpürge: ""Double Stream"" teknolojisii",Güç: max. 2100 watt,Elektronik emiş gücü ayarı,Ergoplus tutma yeri,
BSG8PRO1,arsiv,arsiv,BSG8PRO1,//media3.bosch-home.com/Product_Shots/600x600/MCSA033836_BSG8PRO1_def.jpg,0,https://www.bosch-home.com.tr/urun-listesi/arsiv/BSG8PRO1?breadcrumb=null,0,0,Bazı ev aletlerinin özel isimleri olur.Çünkü kendileri de özeldir. Tıpkı; HomeProfessional gibi.,,-,https://www.bosch-home.com.tr/yetkili-saticilar?product=BSG8PRO1,-,-,0,10 yıl motor garantisine sahip- enerji tasarrufu sağlayan uzun ömürlü kompresör teknolojisi ile derinlemesine temizlik,Uzun ömürlü kullanım için profesyonel kalite: Gerçek metal tekerlekler- paslanmaz çelik teleskopik boru- özel kumaş hortum,Profesyonel aksesuarlar: Ekstra uzun dar aralık başlığı ve ekstra geniş döşeme başlığı,6 lt ekstra büyük toz torbası sayesinde çok daha seyrek toz torbası değişimi ve çok düşük masraf,Yıkanabilir HEPA Hijyenik Filtre: Alerjik kişiler için uygundur. Dışarı verilen hava odanızın havasından daha temizdir - başka bir hepa filtre satın almaya gerek duymadan
BSG82515,arsiv,arsiv,Toz torbalı elektrikli süpürge,//media3.bosch-home.com/Product_Shots/600x600/MCSA00495525_D5079_BSG82515_106672_def.jpg,0,https://www.bosch-home.com.tr/urun-listesi/arsiv/BSG82515?breadcrumb=null,0,0,Güçlü temizleme performansı. Sizin ve ailenizin yıllarca sorunsuz kullanımı için,,-,https://www.bosch-home.com.tr/yetkili-saticilar?product=BSG82515,BSG82515,-,0,2500 watt'lık motor gücü sayesinde mükemmel temizlik,6 lt ekstra büyük toz torbası sayesinde çok daha seyrek toz torbası değişimi ve çok düşük masraf,Çok uzun kablo ve 13 m kullanım alanı yarı çapı sayesinde fiş takıp çıkartmak geçmişte kalıyor,Yıkanabilir HEPA Hijyenik Filtre: Alerjik kişiler için uygundur. Dışarı verilen hava odanızın havasından daha temizdir - başka bir hepa filtre satın almaya gerek duymadan,Elektronik güç ayarı (ayakla kontrol edilebilir) sayesinde her zemine uygun temizlik
BSG82480,arsiv,arsiv,Elektrikli süpürge,//media3.bosch-home.com/Product_Shots/600x600/MCSA037118_BSG82480_def.jpg,0,https://www.bosch-home.com.tr/urun-listesi/arsiv/BSG82480?breadcrumb=null,0,0,Güçlü temizleme performansı. Sizin ve ailenizin yıllarca sorunsuz kullanımı için,,-,https://www.bosch-home.com.tr/yetkili-saticilar?product=BSG82480,BSG82480 Transparan büyülü siyah,-,0,2400 watt'lık motor gücü sayesinde mükemmel temizlik,Dual filtre: Toz torbalı veya toz konteyner'li kullanım imkanı,6 lt ekstra büyük toz torbası sayesinde çok daha seyrek toz torbası değişimi ve çok düşük masraf,Çok uzun kablo ve 13 m kullanım alanı yarı çapı sayesinde fiş takıp çıkartmak geçmişte kalıyor,Yıkanabilir HEPA Hijyenik Filtre: Alerjik kişiler için uygundur. Dışarı verilen hava odanızın havasından daha temizdir - başka bir hepa filtre satın almaya gerek duymadan
BSG82433,arsiv,arsiv,BSG82433 Pastel sarı,//media3.bosch-home.com/Product_Shots/600x600/MCSA00679738_E3130_BSG82433_332582_korr_def.jpg,0,https://www.bosch-home.com.tr/urun-listesi/arsiv/BSG82433?breadcrumb=null,0,0,Güçlü temizleme performansı. Sizin ve ailenizin yıllarca sorunsuz kullanımı için,,-,https://www.bosch-home.com.tr/yetkili-saticilar?product=BSG82433,Elektrikli süpürge,-,0,2400 watt'lık motor gücü sayesinde mükemmel temizlik,6 lt ekstra büyük toz torbası sayesinde çok daha seyrek toz torbası değişimi ve çok düşük masraf,Çok uzun kablo ve 13 m kullanım alanı yarı çapı sayesinde fiş takıp çıkartmak geçmişte kalıyor,Yıkanabilir HEPA Hijyenik Filtre: Alerjik kişiler için uygundur. Dışarı verilen hava odanızın havasından daha temizdir - başka bir hepa filtre satın almaya gerek duymadan,Yeniliçi- 2 adet dönebilen sert zemin fırçası ile her türlü tozu alabilir ve aynı zamanda halı üzerinde de kullanılabilir
BSG82212,arsiv,arsiv,BSG82212 Siyah/Siyah,//media3.bosch-home.com/Product_Shots/600x600/MCSA027018_BSG82212_def.jpg,0,https://www.bosch-home.com.tr/urun-listesi/arsiv/BSG82212?breadcrumb=null,0,0,-,,-,https://www.bosch-home.com.tr/yetkili-saticilar?product=BSG82212,ergomaxx professional 2200 W,-,0,Güç: 100 - max. 2200 watt,Elektronik emiş gücü ayarı,Soft-start motor ilk çalışma özelliği,"Mükemmel toz emişi için ""Turbo güç"" fonksiyonu",
BSG81266,arsiv,arsiv,Toz torbalı elektrikli süpürge,//media3.bosch-home.com/Product_Shots/600x600/MCSA033710_BSG81266_def.jpg,0,https://www.bosch-home.com.tr/urun-listesi/arsiv/BSG81266?breadcrumb=null,0,0,Güçlü temizleme performansı. Sizin ve ailenizin yıllarca sorunsuz kullanımı için,,-,https://www.bosch-home.com.tr/yetkili-saticilar?product=BSG81266,BSG81266 Siyah,-,0,Benzersiz enerji tasarrufu sağlayan CompressorTechnology™ sayesinde oldukça düşük güç tüketimi ve turbo fonksiyonu ile derinlemesine temizlik,6 lt ekstra büyük toz torbası sayesinde çok daha seyrek toz torbası değişimi ve çok düşük masraf,Çok uzun kablo ve 13 m kullanım alanı yarı çapı sayesinde fiş takıp çıkartmak geçmişte kalıyor,HEPA hijyen filtreleme sistemi: Alerjik kişiler için idealdir. Dışarı verilen hava odanızın havasından daha temizdir.,Elektronik güç ayarı (ayakla kontrol edilebilir) sayesinde her zemine uygun temizlik
BSG72022,arsiv,arsiv,BSG72022 Pastel sarı/İpek grisi,//media3.bosch-home.com/Product_Shots/600x600/MCSA022200_BSG72022CH_def.jpg,0,https://www.bosch-home.com.tr/urun-listesi/arsiv/BSG72022?breadcrumb=null,0,0,-,,-,https://www.bosch-home.com.tr/yetkili-saticilar?product=BSG72022,formula Pro Parquet 2000 W,-,0,Güç: 100 - max. 2000 watt,Elektronik emiş gücü ayarı,"Açma/kapamayı da sağlayan ""Hareketli tutma yeri""",soft-touch ergoplus tutma yeri,
BSG71800,arsiv,arsiv,BSG71800 Sahara/Antrasit,//media3.bosch-home.com/Product_Shots/600x600/MCSA007764_BSG71800_def.jpg,0,https://www.bosch-home.com.tr/urun-listesi/arsiv/BSG71800?breadcrumb=null,0,0,-,,-,https://www.bosch-home.com.tr/yetkili-saticilar?product=BSG71800,formula 1800 W,-,0,Güç: 300 - max. 1800 Watt (max.),Elektronik emiş gücü ayarı,"Açma/kapamayı da sağlayan ""Hareketli tutma yeri""",Ergoplus tutma yeri,
BSG6B111,arsiv,arsiv,Bosch logo,//media3.bosch-home.com/Product_Shots/600x600/MCSA00780378_E8204_BSG6B111_426281_def.jpg,0,https://www.bosch-home.com.tr/urun-listesi/arsiv/BSG6B111?breadcrumb=null,0,0,Kullanımı oldukça kolay- rahat tutma yeri ile hızlı süpürme işlemi,,-,https://www.bosch-home.com.tr/yetkili-saticilar?product=BSG6B111,Elektrikli süpürge,-,1451602800,Olağanüstü güç tasarrufu ile kusursuz temizlik performansı - 2200 W'lık elektrikli süpürge ile karşılaştırıldığında*,PowerProtect System: Toz torbası dolsa dahi- uzun süre yüksek temizleme performansı sunar.,Sadece 4-7 kg ağırlığı ile çok hafif. Kullanımı ve muhafazası kolay tasarım.,4 lt'lik geniş toz torbası sayesinde daha seyrek toz torbası değişimi ve daha az masraf,Hijyenik filtre ile daha temiz çıkış havası ve B sınıfı hava filtreleme.
BSG62200,arsiv,arsiv,BSG62200,//media3.bosch-home.com/Product_Shots/600x600/MCSA030424_BSG62200_def.jpg,0,https://www.bosch-home.com.tr/urun-listesi/arsiv/BSG62200?breadcrumb=null,0,0,Kompakt tasarımda güçlü performans. Tek hareket ile kolay ve hızlı süpürme,,-,https://www.bosch-home.com.tr/yetkili-saticilar?product=BSG62200,-,-,0,2200 watt'lık motor gücü sayesinde derinlemesine temizlik,4 lt'lik geniş toz torbası sayesinde daha seyrek toz torbası değişimi ve daha az masraf,Elektronik güç ayarı (ayarlama düğmesi) sayesinde her zemine uygun temizlik,Hijyenik filtreleme sistemi: Temiz ve filtrelenmiş hava çıkışı,
BSG62004,arsiv,arsiv,Elektrikli süpürge,//media3.bosch-home.com/Product_Shots/600x600/MCSA052413_BSG62004_def.jpg,0,https://www.bosch-home.com.tr/urun-listesi/arsiv/BSG62004?breadcrumb=null,0,0,Kompakt tasarımda güçlü performans. Tek hareket ile kolay ve hızlı süpürme,,-,https://www.bosch-home.com.tr/yetkili-saticilar?product=BSG62004,BSG62004 Ay-mavisi,-,0,2000 watt'lık motor gücü sayesinde derinlemesine temizlik,4 lt'lik geniş toz torbası sayesinde daha seyrek toz torbası değişimi ve daha az masraf,Elektronik güç ayarı (ayarlama düğmesi) sayesinde her zemine uygun temizlik,Hijyenik filtreleme sistemi: Temiz ve filtrelenmiş hava çıkışı,Cihaza entegre 2 aksesuar: Dar aralık başlığı- döşeme başlığı
BSG62002,arsiv,arsiv,BSG62002 Siyah,//media3.bosch-home.com/Product_Shots/600x600/MCSA033741_BSG62002_def.jpg,0,https://www.bosch-home.com.tr/urun-listesi/arsiv/BSG62002?breadcrumb=null,0,0,-,,-,https://www.bosch-home.com.tr/yetkili-saticilar?product=BSG62002,Bosch logo 2000 W,-,0,Güç: 300-max. - 2000 Watt,Elektronik emiş gücü ayarı,Ergoplus tutma yeri,Sürgü tuşlu teleskobik boru,
BSG62000,arsiv,arsiv,BSG62000 Metalik turkuaz/Antrasit,//media3.bosch-home.com/Product_Shots/600x600/MCSA021851_BSG62000_def.jpg,0,https://www.bosch-home.com.tr/urun-listesi/arsiv/BSG62000?breadcrumb=null,0,0,-,,-,https://www.bosch-home.com.tr/yetkili-saticilar?product=BSG62000,Bosch logo 2000 W,-,0,Güç: 300 - max. 2000 Watt (max.),Elektronik emiş gücü ayarı,Ergoplus tutma yeri,Sürgü tuşlu; teleskobik boru,
BSG61877,arsiv,arsiv,BSG61877 Metalik kiraz kırmızı/Antrasit,//media3.bosch-home.com/Product_Shots/600x600/MCSA032464_BSG61877_def.jpg,0,https://www.bosch-home.com.tr/urun-listesi/arsiv/BSG61877?breadcrumb=null,0,0,-,,-,https://www.bosch-home.com.tr/yetkili-saticilar?product=BSG61877,maxx for kids. compressor tec,-,0,Güç: 300 - max. 1800 Watt (max.),Elektronik emiş gücü ayarı,Ergoplus tutma yeri,Sürgü manşetli- klips kilit mekanizmalı teleskobik boru,
BSD3030,arsiv,arsiv,Toz Torbasız Elektrikli Süpürge,//media3.bosch-home.com/Product_Shots/600x600/MCSA028190_BSD3030_def.jpg,0,https://www.bosch-home.com.tr/urun-listesi/arsiv/BSD3030?breadcrumb=null,0,0,Kompakt ve kullanışlı - hızlı temizlik sonuçları için,,-,https://www.bosch-home.com.tr/yetkili-saticilar?product=BSD3030,sphera,-,0,2000 watt'lık motor gücü sayesinde derinlemesine temizlik,Elektronik güç ayarı (ayarlama düğmesi) sayesinde her zemine uygun temizlik,Kolay saklama- pratik kullanım ve kompakt dizayn (4.8 kg),HEPA hijyen filtreleme sistemi: Alerjik kişiler için idealdir. Dışarı verilen hava odanızın havasından daha temizdir.,2 aksesuar: Dar aralık başlığı- döşeme başlığı
BSA2885,arsiv,arsiv,BSA2885 Transparan yeşil/Siyah,//media3.bosch-home.com/Product_Shots/600x600/MCSA020834_BSA2885_def.jpg,0,https://www.bosch-home.com.tr/urun-listesi/arsiv/BSA2885?breadcrumb=null,0,0,-,,-,https://www.bosch-home.com.tr/yetkili-saticilar?product=BSA2885,dual filtration technology,-,0,Güç: 300 - max. 1800 Watt (max.),"Kağıt torbasız kullanım imkanı sağlayan ""cycle-tech"" toz haznesi",Elektronik emiş gücü ayarı,Özel toz emme aparatı,
BSA2882,arsiv,arsiv,BSA2882 Transparan parlak mavi,//media3.bosch-home.com/Product_Shots/600x600/MCSA023981_BSA2882_def.jpg,0,https://www.bosch-home.com.tr/urun-listesi/arsiv/BSA2882?breadcrumb=null,0,0,Kompakt ve kullanışlı - hızlı temizlik sonuçları için,,-,https://www.bosch-home.com.tr/yetkili-saticilar?product=BSA2882,sphera bagless,-,0,1800 watt'lık motor gücü sayesinde derinlemesine temizlik,Elektronik güç ayarı (ayarlama düğmesi) sayesinde her zemine uygun temizlik,,Hijyenik filtreleme sistemi: Temiz ve filtrelenmiş hava çıkışı,2 aksesuar: Dar aralık başlığı- döşeme başlığı
BSA2602,arsiv,arsiv,BSA2602 Kuzey Kutup Denizi mavisi/Siyah,//media3.bosch-home.com/Product_Shots/600x600/MCSA005858_BSA2602_def.jpg,0,https://www.bosch-home.com.tr/urun-listesi/arsiv/BSA2602?breadcrumb=null,0,0,-,,-,https://www.bosch-home.com.tr/yetkili-saticilar?product=BSA2602,Bosch sphera 26 1600 W,-,0,Şarjlı süpürge hediyeli model,Güç: 300 - max. 1600 Watt (max.),Elektronik emiş gücü ayarı,Ergoplus tutma yeri,
BKZ30AF,arsiv,arsiv,Toz torba,//media3.bosch-home.com/Product_Shots/600x600/MCSA00465724_D3340_BKZ30AF_90166_def.jpg,0,https://www.bosch-home.com.tr/urun-listesi/arsiv/BKZ30AF?breadcrumb=null,0,0,-,,-,https://www.bosch-home.com.tr/yetkili-saticilar?product=BKZ30AF,-,-,0,-,,,,
BKS4053,arsiv,arsiv,Şarjlı süpürge,//media3.bosch-home.com/Product_Shots/600x600/MCSA00649184_E1032_BKS4053_297892_korr_def.jpg,0,https://www.bosch-home.com.tr/urun-listesi/arsiv/BKS4053?breadcrumb=null,0,0,Evinizi hızlıca süpürmeniz gerektiğinde küçük kablosuz el süpürgesi,,-,https://www.bosch-home.com.tr/yetkili-saticilar?product=BKS4053,BKS4053 Koyu mavi - metalik,-,0,Wet&Dry: Hem ıslak- hem kuru temizleme,Yalnızca 1.3 kg ağırlığında- kablosuz- her zaman elinizin altında ve hemen hemen her yerde kullanılabilir,17 dakikaya kadar kullanım süresi,3 aksesuar: Dar aralık başlığı- mobilya fırçası ve sıvı başlığı,Zemin veya duvara montaj için şarj ünitesi
BKS4043,arsiv,arsiv,BKS4043 Gümüş,//media3.bosch-home.com/Product_Shots/600x600/MCSA045436_BKS4043_def.jpg,0,https://www.bosch-home.com.tr/urun-listesi/arsiv/BKS4043?breadcrumb=null,0,0,Herzaman elinizin altında- kablosuz- hızlı,,-,https://www.bosch-home.com.tr/yetkili-saticilar?product=BKS4043,-,-,1451602800,Wet&Dry: Hem ıslak- hem kuru temizleme,Yalnızca 1.3 kg ağırlığında- kablosuz- her zaman elinizin altında ve hemen hemen her yerde kullanılabilir,15 dakikaya kadar kullanım süresi,3 aksesuar: Dar aralık başlığı- mobilya fırçası ve sıvı başlığı,Zemin veya duvara montaj için şarj ünitesi
BKS4003,arsiv,arsiv,Şarjlı süpürge,//media3.bosch-home.com/Product_Shots/600x600/MCSA045434_BKS4003_def.jpg,0,https://www.bosch-home.com.tr/urun-listesi/arsiv/BKS4003?breadcrumb=null,0,0,-,,-,https://www.bosch-home.com.tr/yetkili-saticilar?product=BKS4003,BKS4003 Böğürtlen rengi - metalik,-,0,kablosuz süpürme olanağı,Hazne kapasitesi: 300 ml,Kolayca boşaltılabilen toz haznesi,Yıkanabilir filtre,
BKS3042,arsiv,arsiv,şarjlı el süpürgesi,//media3.bosch-home.com/Product_Shots/600x600/MCSA019016_BKS3042_def.jpg,0,https://www.bosch-home.com.tr/urun-listesi/arsiv/BKS3042?breadcrumb=null,0,0,-,,-,https://www.bosch-home.com.tr/yetkili-saticilar?product=BKS3042,BKS3042,-,0,ıslak-kuru temizleme özelliği,hazne kapasitesi 340 ml,uzun ömürlü 3 akü,mikrofiltreli 2 kademeli filtreleme sistemi,
BKS3032,arsiv,arsiv,şarjlı el süpürgesi,//media3.bosch-home.com/Product_Shots/600x600/MCSA003413_BKS3032_def.jpg,0,https://www.bosch-home.com.tr/urun-listesi/arsiv/BKS3032?breadcrumb=null,0,0,-,,-,https://www.bosch-home.com.tr/yetkili-saticilar?product=BKS3032,BKS3032,-,0,kuru şarjlı süpürge,hazne kapasitesi 340 ml,uzun ömürlü 3 akü,mikrofiltreli 2 kademeli filtreleme sistemi,
BKS3003,arsiv,arsiv,3.6V Dry,//media3.bosch-home.com/Product_Shots/600x600/MCSA024433_BKS3003_def.jpg,0,https://www.bosch-home.com.tr/urun-listesi/arsiv/BKS3003?breadcrumb=null,0,0,Herzaman elinizin altında- kablosuz- hızlı,,-,https://www.bosch-home.com.tr/yetkili-saticilar?product=BKS3003,Şarjlı el süpürgesi,-,0,,Zemin veya duvara montaj için şarj ünitesi,Hijyenik filtreleme sistemi: Temiz ve filtrelenmiş hava çıkışı,Kablosuz- her yerde ve hızlı kullanım - Oldukça hafif (600 gr ),
BKS3002,arsiv,arsiv,şarjlı el süpürgesi,//media3.bosch-home.com/Product_Shots/600x600/MCSA003389_BKS3002_def.jpg,0,https://www.bosch-home.com.tr/urun-listesi/arsiv/BKS3002?breadcrumb=null,0,0,-,,-,https://www.bosch-home.com.tr/yetkili-saticilar?product=BKS3002,BKS3002,-,0,kuru şarjlı süpürge,hazne kapasitesi 340 ml,uzun ömürlü 3 akü,mikrofiltreli 2 kademeli filtreleme sistemi,
BHZ4AF1,arsiv,arsiv,Toz torba,//media3.bosch-home.com/Product_Shots/600x600/MCSA01086746_F8577_BHZ4AF1_675906_def.jpg,0,https://www.bosch-home.com.tr/urun-listesi/arsiv/BHZ4AF1?breadcrumb=null,0,0,-,,-,https://www.bosch-home.com.tr/yetkili-saticilar?product=BHZ4AF1,-,-,0,8 adet kilit mekanizmalı toz torba- 1 mikro filtre,,,,
BGS6PRO4,arsiv,arsiv,Roxx'x HomeProfessional,//media3.bosch-home.com/Product_Shots/600x600/MCSA00750222_E6385_BGS6PRO3_398450_korr3_def.jpg,0,https://www.bosch-home.com.tr/urun-listesi/arsiv/BGS6PRO4?breadcrumb=null,0,0,Bazı ev aletlerinin özel isimleri olur.Çünkü kendileri de özeldir. Tıpkı; HomeProfessional gibi.,,-,https://www.bosch-home.com.tr/yetkili-saticilar?product=BGS6PRO4,Toz torbasız elektrik süpürgesi,-,1503439200,Benzersiz SensorBagless™ Teknolojisi: Minimum bakım ile inanılmaz sessiz ve güçlü,Uzun ürün ömrü için profesyonel kalite.Metal tekerlekler ve dayanıklı özel dokulu hortum,Halı ve sert zeminde ulaşılan en iyi temizleme performansı*,Tam otomatik SelfClean Sistemi: Toza temas etmeden filtre temizliği,Yıkanabilir hijyenik HEPA filtre: A sınıfı toz emiş performansı ile alerjik bünyeler için uygun
BGS62232,arsiv,arsiv,Elektrikli süpürge,//media3.bosch-home.com/Product_Shots/600x600/MCSA043262_BGS62232_def.jpg,0,https://www.bosch-home.com.tr/urun-listesi/arsiv/BGS62232?breadcrumb=null,0,0,İnanılmaz derecede güçlü temizle performası. En zor işler için günlük kullanım.,,-,https://www.bosch-home.com.tr/yetkili-saticilar?product=BGS62232,BGS62232 Mineral-Gümüşü,-,0,Benzersiz SensorBagless™ Teknolojisi: Minimum bakım ile sessiz ve çok güçlü,2200 watt'lık motor gücü sayesinde derinlemesine temizlik,Elektronik güç ayarı (ayarlama düğmesi) sayesinde her zemine uygun temizlik,Tam otomatik SelfClean Sistemi: Toza temas etmeden filtre temizliği,Yıkanabilir HEPA Hijyenik Filtre: Alerjik kişiler için uygundur. Dışarı verilen hava odanızın havasından daha temizdir - başka bir hepa filtre satın almaya gerek duymadan
BGS5SIL66C,arsiv,arsiv,Relaxx'x ProSilence66,//media3.bosch-home.com/Product_Shots/600x600/MCSA00749153_E6341_BGS5SIL66C_397602_korr2_def.jpg,0,https://www.bosch-home.com.tr/urun-listesi/arsiv/BGS5SIL66C?breadcrumb=null,0,0,Sessiz toz torbasız elektrikli süpürge. Ekstrem koşullar altında test edilmiştir.,,-,https://www.bosch-home.com.tr/yetkili-saticilar?product=BGS5SIL66C,Torbasız Elektrikli Süpürge,-,1451602800,Benzersiz SensorBagless™ Teknolojisi: Minimum bakım ile inanılmaz sessiz ve güçlü,SilenceSound Sistemi sayesinde inanılmaz düşük ses seviyesi (66dB[A]),QuattroPower System: Benzersiz temizleme performansını düşük enerji tüketimiyle sunan Bosch teknolojisi,Tam otomatik SelfClean Sistemi: Toza temas etmeden filtre temizliği,Yıkanabilir hijyenik HEPA filtre: A sınıfı toz emiş performansı ile alerjik bünyeler için uygun
BGS5PERF5,arsiv,arsiv,Elektrikli Süpürge,//media3.bosch-home.com/Product_Shots/600x600/MCSA01674134_G4279_BGS5PERF5_1119888_def.jpg,0,https://www.bosch-home.com.tr/urun-listesi/arsiv/BGS5PERF5?breadcrumb=null,0,0,İnanılmaz güçlü. İnanılmaz sessiz - Eksiksiz bir toz torbasız süpürge,,-,https://www.bosch-home.com.tr/yetkili-saticilar?product=BGS5PERF5,-,-,1503439200,Benzersiz SensorBagless™ Teknolojisi: Minimum bakım ile inanılmaz sessiz ve güçlü,Enerji etiketindeki tüm kategorilerde en yüksek puan. A sınıfı halı temizleme- sert zemin temizleme- hava filtreleme ve enerji sınıfı. (EU No.665/2013),QuattroPower System: Benzersiz temizleme performansını düşük enerji tüketimiyle sunan Bosch teknolojisi,Tam otomatik SelfClean Sistemi: Toza temas etmeden filtre temizliği,Yıkanabilir hijyenik HEPA filtre: A sınıfı toz emiş performansı ile alerjik bünyeler için uygun
BGS52200,arsiv,arsiv,Toz torbasız elektrik süpürgesi,//media3.bosch-home.com/Product_Shots/600x600/MCSA00403787_D0668_BGS52200_28673_def.jpg,0,https://www.bosch-home.com.tr/urun-listesi/arsiv/BGS52200?breadcrumb=null,0,0,İnanılmaz güçlü. İnanılmaz sessiz - Her şeyi başaran toz torbasız,,-,https://www.bosch-home.com.tr/yetkili-saticilar?product=BGS52200,BGS52200 İsot kırmızısı,-,0,Benzersiz SensorBagless™ Teknolojisi: Minimum bakım ile sessiz ve güçlü,Entegre RotationClean Sistemi: Toza temas etmeden filtre temizliği,Hijyenik filtreleme sistemi: Temiz ve filtrelenmiş hava çıkışı,,
BGS4ALL4,arsiv,arsiv,Runn'n,//media3.bosch-home.com/Product_Shots/600x600/MCSA00752438_E7362_BGS4ALL4_399055_korr_def.jpg,0,https://www.bosch-home.com.tr/urun-listesi/arsiv/BGS4ALL4?breadcrumb=null,0,0,Kompakt ve sağlam. Her zaman elinizin altında.,,-,https://www.bosch-home.com.tr/yetkili-saticilar?product=BGS4ALL4,Elektrikli Süpürge,-,0,Benzersiz SensorBagless™ Teknolojisi: Minimum bakım ile sessiz ve güçlü,Kompakt tasarım sayesinde rahat kullanım ve kolay saklama,QuattroPower System: Benzersiz temizleme performansını düşük enerji tüketimiyle sunan Bosch teknolojisi,EasyClean Sistemi: Toz haznesi ve filtre temizliği oldukça kolay,Yıkanabilir hijyenik HEPA filtre: A sınıfı toz emiş performansı ile alerjik bünyeler için uygun
BGS42211,arsiv,arsiv,BGS42211 Kızılcık rengi,//media3.bosch-home.com/Product_Shots/600x600/MCSA00477711_D4541_BGS42211_101222_def.jpg,0,https://www.bosch-home.com.tr/urun-listesi/arsiv/BGS42211?breadcrumb=null,0,0,Kompakt ve sağlam. Her zaman elinizin altında.,,-,https://www.bosch-home.com.tr/yetkili-saticilar?product=BGS42211,Elektrikli süpürge,-,0,Benzersiz SensorBagless™ Teknolojisi: Minimum bakım ile güçlü,Kompakt tasarım sayesinde rahat kullanım ve kolay saklama,2200 watt'lık motor gücü sayesinde derinlemesine temizlik,EasyClean Sistemi: Toz haznesi ve filtre temizliği oldukça kolay,HEPA hijyen filtreleme sistemi: Alerjik kişiler için idealdir. Dışarı verilen hava odanızın havasından daha temizdir.
BGS4212,arsiv,arsiv,Runn'n,//media3.bosch-home.com/Product_Shots/600x600/MCSA00928005_F4934_BGS4212_559341_korr2_def.jpg,0,https://www.bosch-home.com.tr/urun-listesi/arsiv/BGS4212?breadcrumb=null,0,0,Kompakt ve sağlam. Her zaman elinizin altında.,,-,https://www.bosch-home.com.tr/yetkili-saticilar?product=BGS4212,Elektrikli Süpürge,-,1464645600,Benzersiz SensorBagless™ Teknolojisi: Minimum bakım ile sessiz ve güçlü,Kompakt tasarım sayesinde rahat kullanım ve kolay saklama,QuattroPower System: Benzersiz temizleme performansını düşük enerji tüketimiyle sunan Siemens teknolojisi,EasyClean Sistemi: Toz haznesi ve filtre temizliği oldukça kolay,Hijyenik filtre ile daha temiz çıkış havası ve B sınıfı hava filtreleme.
BGS41800,arsiv,arsiv,BGS41800 Kristal mavisi,//media3.bosch-home.com/Product_Shots/600x600/MCSA00478137_D5282_BGS41800_101504_def.jpg,0,https://www.bosch-home.com.tr/urun-listesi/arsiv/BGS41800?breadcrumb=null,0,0,Kompakt ve sağlam. Her zaman elinizin altında.,,-,https://www.bosch-home.com.tr/yetkili-saticilar?product=BGS41800,Elektrikli süpürge,-,0,1800 watt'lık motor gücü sayesinde derinlemesine temizlik,Kompakt tasarım sayesinde rahat kullanım ve kolay saklama,Elektronik güç ayarı (ayarlama düğmesi) sayesinde her zemine uygun temizlik,EasyClean Sistemi: Toz haznesi ve filtre temizliği oldukça kolay,HEPA hijyen filtreleme sistemi: Alerjik kişiler için idealdir. Dışarı verilen hava odanızın havasından daha temizdir.
BGS41430,arsiv,arsiv,Elektrikli süpürge,//media3.bosch-home.com/Product_Shots/600x600/MCSA00477709_D4540_BGS41430_101221_def.jpg,0,https://www.bosch-home.com.tr/urun-listesi/arsiv/BGS41430?breadcrumb=null,0,0,Kompakt ve sağlam. Her zaman elinizin altında.,,-,https://www.bosch-home.com.tr/yetkili-saticilar?product=BGS41430,BGS41430 Siyah,-,0,Benzersiz SensorBagless™ Teknolojisi: Minimum bakım ile sessiz ve güçlü,Kompakt tasarım sayesinde rahat kullanım ve kolay saklama,Benzersiz enerji tasarrufu sağlayan CompressorTechnology™ sayesinde oldukça düşük güç tüketimi ile derinlemesine temizlik,EasyClean Sistemi: Toz haznesi ve filtre temizliği oldukça kolay,Yıkanabilir HEPA Hijyenik Filtre: Alerjik kişiler için uygundur. Dışarı verilen hava odanızın havasından daha temizdir - başka bir hepa filtre satın almaya gerek duymadan
BGS2ALL4,arsiv,arsiv,Easyy`y,//media3.bosch-home.com/Product_Shots/600x600/MCSA00776897_E7311_BGS2ALL4_423914_korr_def.jpg,0,https://www.bosch-home.com.tr/urun-listesi/arsiv/BGS2ALL4?breadcrumb=null,0,0,Bosch'un yenisi Easyy'y: ultra hafif ve süper güçlü toz torbasız.,,-,https://www.bosch-home.com.tr/yetkili-saticilar?product=BGS2ALL4,Elektrikli Süpürge,-,1474840800,Benzersiz SensorBagless™ Teknolojisi: Minimum bakım ile yüksek performans,Çok hafif oluşu ve ultra kompakt tasarımı sayesinde kolay kullanım ve muhafaza imkanı (4-7 kg),Yeni geliştirilmiş HiSpin Motor'un aerodinamik tasarımı sayesinde daha düşük enerji tüketimiyle mükemmel hava akımı ve yüksek toz toplama performansı,Mükemmel temizlik sonuçları için son derece verimli toz ayırma sistemi,Yıkanabilir hijyenik HEPA filtre: A sınıfı toz emiş performansı ile alerjik bünyeler için uygun
BGS22030,arsiv,arsiv,Easyy`y,//media3.bosch-home.com/Product_Shots/600x600/MCSA00826930_F1154_BGS22030_463795_def.jpg,0,https://www.bosch-home.com.tr/urun-listesi/arsiv/BGS22030?breadcrumb=null,0,0,Bosch'un yenisi Easyy'y: ultra hafif ve süper güçlü toz torbasız.,,-,https://www.bosch-home.com.tr/yetkili-saticilar?product=BGS22030,Elektrikli Süpürge,-,0,Benzersiz SensorBagless™ Teknolojisi: Minimum bakım ile yüksek performans,Çok hafif oluşu ve ultra kompakt tasarımı sayesinde kolay kullanım ve muhafaza imkanı (4-7 kg),2000 watt'lık motor gücü sayesinde derinlemesine temizlik,2 aksesuar: Dar aralık başlığı- döşeme başlığı,Yıkanabilir HEPA Hijyenik Filtre: Alerjik kişiler için uygundur. Dışarı verilen hava odanızın havasından daha temizdir - başka bir hepa filtre satın almaya gerek duymadan
BGL8PERF5,arsiv,arsiv,Elektrikli süpürge,//media3.bosch-home.com/Product_Shots/600x600/MCSA01646400_G3040_BGL8PERF5_1093291_def.jpg,0,https://www.bosch-home.com.tr/urun-listesi/arsiv/BGL8PERF5?breadcrumb=null,0,0,Bosch tarafından ulaşılmış en iyi temizleme performansı.,,-,https://www.bosch-home.com.tr/yetkili-saticilar?product=BGL8PERF5,-,-,1503439200,QuattroPower System: Benzersiz temizleme performansını düşük enerji tüketimiyle sunan Bosch teknolojisi,Enerji etiketindeki tüm kategorilerde en yüksek puan. A sınıfı halı temizleme- sert zemin temizleme- hava filtreleme ve enerji sınıfı. (EU No.665/2013),SilenceSound System sayesinde inanılmaz sessiz gürültü seviyesi (69dB[A]),Ekstra uzun kablo ve 15 m kullanım alanı yarı çapı sayesinde fiş takıp çıkartmak geçmişte kalıyor,Yıkanabilir HEPA hijyenik filtre. Ek maliyet getirmez ve alerjik kişiler için uygun
BGL8522,toz torbali elektrikli supurgeler,elektrikli supurgeler,In'genius ProPerformPlus,//media3.bosch-home.com/Product_Shots/600x600/MCSA01787018_G7115_BGL8522_1218228_def.jpg,0,https://www.bosch-home.com.tr/urun-listesi/elektrikli-supurgeler/toz-torbali-elektrikli-supurgeler/BGL8522?breadcrumb=null,0,0,Bosch tarafından ulaşılmış en iyi temizleme performansı.,,-,https://www.bosch-home.com.tr/yetkili-saticilar?product=BGL8522,Elektrikli süpürge,-,1504216800,QuattroPower System: Benzersiz temizleme performansını düşük enerji tüketimiyle sunan Siemens teknolojisi,Enerji etiketindeki tüm kategorilerde en yüksek puan. A sınıfı halı temizleme- sert zemin temizleme- hava filtreleme ve enerji sınıfı. (EU No.665/2013),En yüksek beklentiler için özel kumaş hortum,Ekstra uzun kablo ve 15 m kullanım alanı yarı çapı sayesinde fiş takıp çıkartmak geçmişte kalıyor,Yıkanabilir HEPA Hijyenik Filtre: Alerjik kişiler için uygundur. Dışarı verilen hava odanızın havasından daha temizdir - başka bir hepa filtre satın almaya gerek duymadan
BGL81030,arsiv,arsiv,In'genius,//media3.bosch-home.com/Product_Shots/600x600/MCSA00783476_E7671_BGL81030_429373_def.jpg,0,https://www.bosch-home.com.tr/urun-listesi/arsiv/BGL81030?breadcrumb=null,0,0,Bosch tarafından ulaşılmış en iyi temizleme performansı.,,-,https://www.bosch-home.com.tr/yetkili-saticilar?product=BGL81030,Elektrikli süpürge,premium sınıf,0,QuattroPower System: Benzersiz temizleme performansını düşük enerji tüketimiyle sunan Bosch teknolojisi,PowerProtect System: Toz torbası dolsa dahi- uzun süre yüksek temizleme performansı sunar.,5 lt'lik büyük toz torbası sayesinde çok daha seyrek toz torbası değişimi ve daha az masraf,Ekstra uzun kablo ve 15 m kullanım alanı yarı çapı sayesinde fiş takıp çıkartmak geçmişte kalıyor,Yıkanabilir HEPA Hijyenik Filtre: Alerjik kişiler için uygundur. Dışarı verilen hava odanızın havasından daha temizdir - başka bir hepa filtre satın almaya gerek duymadan
BGL452101,arsiv,arsiv,Elektrikli süpürge,//media3.bosch-home.com/Product_Shots/600x600/MCSA052531_BGL452101_def.jpg,0,https://www.bosch-home.com.tr/urun-listesi/arsiv/BGL452101?breadcrumb=null,0,0,Güçlü ve oldukça sessiz. XXL geniş toz torbası sayesinde daha seyrek toz torbası değişimi ve daha az masraf,,-,https://www.bosch-home.com.tr/yetkili-saticilar?product=BGL452101,Bosch Maxx'x 2100W,-,0,2100 watt'lık motor gücü sayesinde derinlemesine temizlik,Entegre SilenceSound Sistemi sayesinde süper sessiz çalışma (70dB(A)),5 lt'lik büyük toz torbası sayesinde çok daha seyrek toz torbası değişimi ve daha az masraf,Hijyenik filtreleme sistemi: Temiz ve filtrelenmiş hava çıkışı,Süpürge borusuna sabitlenmiş 2 aksesuar: Dar aralık başlığı- döşeme başlığı
BGL35MOV16,arsiv,arsiv,Toz torbalı elektrikli süpürge,//media3.bosch-home.com/Product_Shots/600x600/MCSA00458710_D3202_BGL35MOV16_83358_def.jpg,0,https://www.bosch-home.com.tr/urun-listesi/arsiv/BGL35MOV16?breadcrumb=null,0,0,Move on. Daha esnek- daha güçlü- daha eğelenceli,,-,https://www.bosch-home.com.tr/yetkili-saticilar?product=BGL35MOV16,BGL35MOV16,-,0,2200 watt'lık motor gücü sayesinde derinlemesine temizlik,EasyFollow sistemi ile mükemmel manevra kabiliyeti: Büyük tekerlekler ve 360° dönebilen hortum bağlantısı,En yüksek beklentiler için özel kumaş hortum,HEPA hijyen filtreleme sistemi: Alerjik kişiler için idealdir. Dışarı verilen hava odanızın havasından daha temizdir.,2 aksesuar: Dar aralık başlığı- döşeme başlığı
BGL35MOV14,arsiv,arsiv,Toz torbalı elektrikli süpürge,//media3.bosch-home.com/Product_Shots/600x600/MCSA00452736_D2905_BGL35MOV14_78348_def.jpg,0,https://www.bosch-home.com.tr/urun-listesi/arsiv/BGL35MOV14?breadcrumb=null,0,0,Move on. Daha esnek- daha güçlü- daha eğelenceli,,-,https://www.bosch-home.com.tr/yetkili-saticilar?product=BGL35MOV14,BGL35MOV14,-,0,2200 watt'lık motor gücü sayesinde derinlemesine temizlik,EasyFollow sistemi ile mükemmel manevra kabiliyeti: Büyük tekerlekler ve 360° dönebilen hortum bağlantısı,En yüksek beklentiler için özel kumaş hortum,HEPA hijyen filtreleme sistemi: Alerjik kişiler için idealdir. Dışarı verilen hava odanızın havasından daha temizdir.,
BGL32500,arsiv,arsiv,Elektrikli süpürge,//media3.bosch-home.com/Product_Shots/600x600/MCSA00585127_E0314_BGL32500_223348_korr_def.jpg,0,https://www.bosch-home.com.tr/urun-listesi/arsiv/BGL32500?breadcrumb=null,0,0,Kullanımı oldukça kolay- rahat tutma yeri ile hızlı süpürme işlemi,,-,https://www.bosch-home.com.tr/yetkili-saticilar?product=BGL32500,BGL32500 İsot kırmızısı,-,0,4 lt'lik geniş toz torbası sayesinde daha seyrek toz torbası değişimi ve daha az masraf,Elektronik güç ayarı (ayarlama düğmesi) sayesinde her zemine uygun temizlik,Kolay saklama ve pratik kullanım - Hafif 4-3 kg,Hijyenik filtreleme sistemi: Temiz ve filtrelenmiş hava çıkışı,2500 watt'lık motor gücü sayesinde mükemmel temizlik
BGL32400,arsiv,arsiv,GL-30,//media3.bosch-home.com/Product_Shots/600x600/MCSA00703984_E3544_BGL32400_363932_def.jpg,0,https://www.bosch-home.com.tr/urun-listesi/arsiv/BGL32400?breadcrumb=null,0,0,Kullanımı oldukça kolay- rahat tutma yeri ile hızlı süpürme işlemi,,-,https://www.bosch-home.com.tr/yetkili-saticilar?product=BGL32400,Elektrikli Süpürge,-,0,2400 watt'lık motor gücü sayesinde mükemmel temizlik,4 lt'lik geniş toz torbası sayesinde daha seyrek toz torbası değişimi ve daha az masraf,Elektronik güç ayarı (ayarlama düğmesi) sayesinde her zemine uygun temizlik,Kolay saklama ve pratik kullanım - Hafif 4-3 kg,HEPA hijyen filtreleme sistemi: Alerjik kişiler için idealdir. Dışarı verilen hava odanızın havasından daha temizdir.
BGB7330,arsiv,arsiv,Ergomaxx'x,//media3.bosch-home.com/Product_Shots/600x600/MCSA01164541_F9500_BGB7330_799927_def.jpg,0,https://www.bosch-home.com.tr/urun-listesi/arsiv/BGB7330?breadcrumb=null,0,0,Mükemmel tezmilik sonuçları için yüksek performans,,-,https://www.bosch-home.com.tr/yetkili-saticilar?product=BGB7330,Toz torbalı elektrikli süpürge,-,1451602800,QuattroPower System: Benzersiz temizleme performansını düşük enerji tüketimiyle sunan Bosch teknolojisi,PowerProtect System: Toz torbası dolsa dahi- uzun süre yüksek temizleme performansı sunar.,Geniş kullanım imkanı sağlayan uzun kablo,5 lt'lik büyük toz torbası sayesinde çok daha seyrek toz torbası değişimi ve daha az masraf,Hijyenik filtreleme sistemi: Temiz ve filtrelenmiş hava çıkışı
BGB452530,arsiv,arsiv,Toz torbalı elektrikli süpürge,//media3.bosch-home.com/Product_Shots/600x600/MCSA00671187_E2653_BGB452530_324611_korr_def.jpg,0,https://www.bosch-home.com.tr/urun-listesi/arsiv/BGB452530?breadcrumb=null,0,0,Güçlü temizleme performansı. XXL torba hacmi sayesinden daha uzun süpürme ve daha az torba değiştirme,,-,https://www.bosch-home.com.tr/yetkili-saticilar?product=BGB452530,Bosch GL 45 ProPower hepa 2500 W,-,0,2500 watt'lık motor gücü sayesinde mükemmel temizlik,5 lt'lik büyük toz torbası sayesinde çok daha seyrek toz torbası değişimi ve daha az masraf,HEPA hijyen filtreleme sistemi: Alerjik kişiler için idealdir. Dışarı verilen hava odanızın havasından daha temizdir.,Elektronik güç ayarı (ayakla kontrol edilebilir) sayesinde her zemine uygun temizlik,2 aksesuar: Dar aralık başlığı- döşeme başlığı
BBZ8SF1,arsiv,arsiv,Hepa filtre,//media3.bosch-home.com/Product_Shots/600x600/MCSA00707576_MCSA006089_BBZ8SF1_def.jpg,0,https://www.bosch-home.com.tr/urun-listesi/arsiv/BBZ8SF1?breadcrumb=null,0,0,-,,-,https://www.bosch-home.com.tr/yetkili-saticilar?product=BBZ8SF1,-,-,0,-,,,,
BBZ42TB,arsiv,arsiv,Özel turbo başlık,//media3.bosch-home.com/Product_Shots/600x600/MCSA003310_BBZ42TB_def.jpg,0,https://www.bosch-home.com.tr/urun-listesi/arsiv/BBZ42TB?breadcrumb=null,0,0,-,,-,https://www.bosch-home.com.tr/yetkili-saticilar?product=BBZ42TB,-,-,0,Eş zamanlı süpürme ve emme,Her türlü tozu- kıl-tüy vb. kirleri iyice çeker,Yatak ve polsterler için idealdir.,BHS 4 serisi süpürgeler için Sadece BBZ 4 AD 1 adaptörü ile kullanılır,
BBZ41FP,aksesuarlar,elektrikli supurgeler,MegaAir Super TEX toz torbası,//media3.bosch-home.com/Product_Shots/600x600/MCSA041440_BBZ41FP_def.jpg,0,https://www.bosch-home.com.tr/urun-listesi/elektrikli-supurgeler/aksesuarlar/BBZ41FP?breadcrumb=null,0,0,-,,-,https://www.bosch-home.com.tr/yetkili-saticilar?product=BBZ41FP,-,-,1527458400,4 toz torbası + 1 micro filtre,BSG8... kodlu elektrikli süpürgeler için uygundur,,,
BBZ41FGXXL,arsiv,arsiv,MEGAfilt SuperTEX toz torbası,//media3.bosch-home.com/Product_Shots/600x600/MCSA041442_BBZ41FGXXL_def.jpg,0,https://www.bosch-home.com.tr/urun-listesi/arsiv/BBZ41FGXXL?breadcrumb=null,0,0,-,,-,https://www.bosch-home.com.tr/yetkili-saticilar?product=BBZ41FGXXL,-,-,0,4 adet toz torbası ve 1 adet mikro-filtre,,,,
BBZ41FGALL,aksesuarlar,elektrikli supurgeler,PowerProtect Toz Torbası: Type G ALL,//media3.bosch-home.com/Product_Shots/600x600/MCSA00879058_146589_BBZ41FGALL_Dustbag_def.jpg,0,https://www.bosch-home.com.tr/urun-listesi/elektrikli-supurgeler/aksesuarlar/BBZ41FGALL?breadcrumb=null,0,0,PowerProtect Toz torbası: Dolsa dahi %60'a kadar yüksek emiş performansı sunar.,,-,https://www.bosch-home.com.tr/yetkili-saticilar?product=BBZ41FGALL,-,-,1527458400,Toz torbası dolsa dahi normal toz torbalarına göre %60 daha yüksek emiş performansı sağlar.,,Toz parçacıklarının büyük ölçüde filtrelenmesi ve kilit sistemi ile hijyenik kullanım,Yüksek toz tutma kapasitesi ve özel torba ağzı sayesinde etkin motor koruma,Ekstra yüksek toz alma kapasitesi ile daha uzun kullanım sağlar-torba değiştirme sıklığını azaltır.
BBZ41FG,arsiv,arsiv,MegaFilt Super TEX toz torbası,//media3.bosch-home.com/Product_Shots/600x600/MCSA041439_BBZ41FG_def.jpg,0,https://www.bosch-home.com.tr/urun-listesi/arsiv/BBZ41FG?breadcrumb=null,0,0,-,,-,https://www.bosch-home.com.tr/yetkili-saticilar?product=BBZ41FG,-,-,0,4 adet toz torbası ve 1 adet mikro-filtre,,,,
BBZ21AF,arsiv,arsiv,Toz torba,//media3.bosch-home.com/Product_Shots/600x600/MCSA00652703_E1027_BBZ21AF_301355_def.jpg,0,https://www.bosch-home.com.tr/urun-listesi/arsiv/BBZ21AF?breadcrumb=null,0,0,-,,-,https://www.bosch-home.com.tr/yetkili-saticilar?product=BBZ21AF,-,-,0,4 adet toz torbası,,,,
BBZ16GALL,aksesuarlar,elektrikli supurgeler,Type GALL Toz Torbası: 16'lı paket,//media3.bosch-home.com/Product_Shots/600x600/MCSA02282078_i0096_1689069_BBZ16GALL_def.jpg,0,https://www.bosch-home.com.tr/urun-listesi/elektrikli-supurgeler/aksesuarlar/BBZ16GALL?breadcrumb=null,0,0,PowerProtect Toz torbası: Dolsa dahi %60'a kadar yüksek emiş performansı sunar.,,-,https://www.bosch-home.com.tr/yetkili-saticilar?product=BBZ16GALL,-,-,1527458400,Toz torbası dolsa dahi normal toz torbalarına göre %60 daha yüksek emiş performansı sağlar.,,Toz parçacıklarının büyük ölçüde filtrelenmesi ve kilit sistemi ile hijyenik kullanım,Yüksek toz tutma kapasitesi ve özel torba ağzı sayesinde etkin motor koruma,Ekstra yüksek toz alma kapasitesi ile daha uzun kullanım sağlar-torba değiştirme sıklığını azaltır.
BBZ153HF,arsiv,arsiv,Hepa filtre,//media3.bosch-home.com/Product_Shots/600x600/MCSA021247_VZ153HFB_def.jpg,0,https://www.bosch-home.com.tr/urun-listesi/arsiv/BBZ153HF?breadcrumb=null,0,0,-,,-,https://www.bosch-home.com.tr/yetkili-saticilar?product=BBZ153HF,-,-,0,Alerjik bünyeli kişiler için önerilir. En küçük partikülleri bile filtreler. Süpürgeden dışarı verilen hava- odada ki havadan daha temizdir.,,,,
BBZ152HF,arsiv,arsiv,Hepa filtre,//media3.bosch-home.com/Product_Shots/600x600/no-picture-available.jpg,0,https://www.bosch-home.com.tr/urun-listesi/arsiv/BBZ152HF?breadcrumb=null,0,0,-,,-,https://www.bosch-home.com.tr/yetkili-saticilar?product=BBZ152HF,-,-,0,Alerjik bünyeli kişiler için önerilir. En küçük partikülleri bile filtreler. Süpürgeden dışarı verilen hava- odada ki havadan daha temizdir.,,,,
BBZ123GALL,aksesuarlar,elektrikli supurgeler,PowerProtect Toz Torbası: 16'lı paket,//media3.bosch-home.com/Product_Shots/600x600/MCSA00878314_BO_T_50_TZF_other_BBZ123GALL_picture_KF_vacuum_cleaner_bag_ENG_240914_def.jpg,0,https://www.bosch-home.com.tr/urun-listesi/elektrikli-supurgeler/aksesuarlar/BBZ123GALL?breadcrumb=null,0,0,PowerProtect Toz torbası: Dolsa dahi %60'a kadar yüksek emiş performansı sunar.,,-,https://www.bosch-home.com.tr/yetkili-saticilar?product=BBZ123GALL,-,-,1527458400,Toz torbası dolsa dahi normal toz torbalarına göre %60 daha yüksek emiş performansı sağlar.,,Toz parçacıklarının büyük ölçüde filtrelenmesi ve kilit sistemi ile hijyenik kullanım,Yüksek toz tutma kapasitesi ve özel torba ağzı sayesinde etkin motor koruma,Ekstra yüksek toz alma kapasitesi ile daha uzun kullanım sağlar-torba değiştirme sıklığını azaltır.
BBZ10TFW,arsiv,arsiv,BBZ10TFW tekstil filtre,//media3.bosch-home.com/Product_Shots/600x600/MCSA007674_BBZ10TFW_def.jpg,0,https://www.bosch-home.com.tr/urun-listesi/arsiv/BBZ10TFW?breadcrumb=null,0,0,-,,-,https://www.bosch-home.com.tr/yetkili-saticilar?product=BBZ10TFW,-,-,0,Tekstil filtre,,,,
BBZ10TFP,arsiv,arsiv,Tekstil filtre,//media3.bosch-home.com/Product_Shots/600x600/MCSA00464745_D3347_BBZ10TFP_89590_def.jpg,0,https://www.bosch-home.com.tr/urun-listesi/arsiv/BBZ10TFP?breadcrumb=null,0,0,-,,-,https://www.bosch-home.com.tr/yetkili-saticilar?product=BBZ10TFP,-,-,0,Devamlı kullanılabilen tekstil filtre,,,,
BBZ10TFG,arsiv,arsiv,Tekstil filtre,//media3.bosch-home.com/Product_Shots/600x600/MCSA004104_BBZ10TFG_def.jpg,0,https://www.bosch-home.com.tr/urun-listesi/arsiv/BBZ10TFG?breadcrumb=null,0,0,-,,-,https://www.bosch-home.com.tr/yetkili-saticilar?product=BBZ10TFG,-,-,0,Devamlı kullanılabilen tekstil filtre,,,,
BBHMOVE6,arsiv,arsiv,Şarjlı El Süpürgesi 2in1,//media3.bosch-home.com/Product_Shots/600x600/MCSA00421458_MCSA053216_BBHMOVE6_def.jpg,0,https://www.bosch-home.com.tr/urun-listesi/arsiv/BBHMOVE6?breadcrumb=null,0,0,Evinizi hızlıca süpürmeniz gerektiğinde hem pratik kablosuz dik şarjlı süpürge hem de kablosuz el süpürgesi,,-,https://www.bosch-home.com.tr/yetkili-saticilar?product=BBHMOVE6,BBHMOVE6 Metalik gece mavisi,-,0,Özellikle sert zeminleri hızlıca temizlemek için ideal,İki güç seviyesi ve 36 dakikaya kadar kullanım süresi,300 ml kapasitesi ile pratik- taşınabilir el süpürgesi,Katlanabilir gövde sayesinde az yer kaplar,Çevre dostu nikel-metal hidrit pil
BBHMOVE4,arsiv,arsiv,Kablosuz Dikey Süpürge,//media3.bosch-home.com/Product_Shots/600x600/MCSA048736_BBHMOVE4_def.jpg,0,https://www.bosch-home.com.tr/urun-listesi/arsiv/BBHMOVE4?breadcrumb=null,0,0,Evinizi hızlıca süpürmeniz gerektiğinde hem pratik ve kablosuz dik şarjlı süpürge hem de kablosuz el süpürgesi,,-,https://www.bosch-home.com.tr/yetkili-saticilar?product=BBHMOVE4,BBHMOVE4,-,1527458400,Özellikle sert zeminleri hızlıca temizlemek için ideal,İki güç seviyesi ve 36 dakikaya kadar kullanım süresi,300 ml kapasitesi ile pratik- taşınabilir el süpürgesi,Katlanabilir gövde sayesinde az yer kaplar,Çevre dostu nikel-metal hidrit pil
BBHMOVE2,arsiv,arsiv,Şarjlı El Süpürgesi 2in1,//media3.bosch-home.com/Product_Shots/600x600/MCSA041159_BBHMOVE2_def.jpg,0,https://www.bosch-home.com.tr/urun-listesi/arsiv/BBHMOVE2?breadcrumb=null,0,0,Evinizi hızlıca süpürmeniz gerektiğinde hem pratik kablosuz dik şarjlı süpürge hem de kablosuz el süpürgesi,,-,https://www.bosch-home.com.tr/yetkili-saticilar?product=BBHMOVE2,BBHMOVE2 Gece siyahı,-,0,Özellikle sert zeminleri hızlıca temizlemek için ideal,300 ml kapasitesi ile pratik- taşınabilir el süpürgesi,Katlanabilir gövde sayesinde az yer kaplar,Çevre dostu nikel-metal hidrit pil,
BBHMOVE1,arsiv,arsiv,Şarjlı El Süpürgesi 2in1,//media3.bosch-home.com/Product_Shots/600x600/MCSA00440551_D1934_BBHMOVE1_65968_def.jpg,0,https://www.bosch-home.com.tr/urun-listesi/arsiv/BBHMOVE1?breadcrumb=null,0,0,Evinizi hızlıca süpürmeniz gerektiğinde hem pratik kablosuz dik şarjlı süpürge hem de kablosuz el süpürgesi,,-,https://www.bosch-home.com.tr/yetkili-saticilar?product=BBHMOVE1,BBHMOVE1 İnci beyazı,-,0,Özellikle sert zeminleri hızlıca temizlemek için ideal,300 ml kapasitesi ile pratik- taşınabilir el süpürgesi,Katlanabilir gövde sayesinde az yer kaplar,Çevre dostu nikel-metal hidrit pil,
B1ZMX18809,arsiv,arsiv,18000 BTU/h Btu inverter klima: B1ZMI18809 iç ünite ve B1ZMA18809 dış üniteyi içerir,//media3.bosch-home.com/Product_Shots/600x600/MCSA01076991_B1ZMAI12909_def.jpg,0,https://www.bosch-home.com.tr/urun-listesi/arsiv/B1ZMX18809?breadcrumb=null,0,0,-,,-,https://www.bosch-home.com.tr/yetkili-saticilar?product=B1ZMX18809,-,-,1496700000,Yeni enerji yönetmeliğine uygun- inverter A++ enerji sınıfı split tipi klima iç ünite,Soğutma kapasitesi : 18000 BTU/h,Isıtma kapasitesi :19000 BTU/h,Heat-Pump ısıtma,
B1ZMI24907,arsiv,arsiv,Isıtmalı - soğutmalı duvar tipi mono split klima-iç ünite,//media3.bosch-home.com/Product_Shots/600x600/MCSA01076969_B1ZMAI12907_def.jpg,0,https://www.bosch-home.com.tr/urun-listesi/arsiv/B1ZMI24907?breadcrumb=null,0,0,-,,-,https://www.bosch-home.com.tr/yetkili-saticilar?product=B1ZMI24907,Yeni enerji yönetmeliğine uygun- Inverter A++ enerji sınıfı klima,-,0,Soğutma kapasitesi : 24000 BTU/h,Isıtma kapasitesi :26000 BTU/h,Heat-Pump ısıtma,Fonksiyonlar: Nem giderme- Sleep- Sogutma- Isitma- Donmaya karsi koruyucu- Otomatik- Follow me,
B1ZMI24903,arsiv,arsiv,24000 BTU/h Btu inverter klima B1ZMI24903 iç ünite ve B1ZMI24903 dış üniteyi içerir.,//media3.bosch-home.com/Product_Shots/600x600/MCSA046403_B1ZMI24903_def.jpg,0,https://www.bosch-home.com.tr/urun-listesi/arsiv/B1ZMI24903?breadcrumb=null,0,0,-,,-,https://www.bosch-home.com.tr/yetkili-saticilar?product=B1ZMI24903,-,-,0,Soğutma kapasitesi : 24000 BTU/h,Isıtma kapasitesi :26000 BTU/h,Heat-Pump ısıtma,Fonksiyonlar: Sogutma- Sleep- Nem giderme- Otomatik- Donmaya karsi koruyucu- Isitma,
B1ZMI24750,arsiv,arsiv,24000 BTU/h Btu inverter klima B1ZMI24750 iç ünite ve B1ZMI24750 dış üniteyi içerir.,//media3.bosch-home.com/Product_Shots/600x600/MCSA049133_B1ZMI24750_def.jpg,0,https://www.bosch-home.com.tr/urun-listesi/arsiv/B1ZMI24750?breadcrumb=null,0,0,-,,-,https://www.bosch-home.com.tr/yetkili-saticilar?product=B1ZMI24750,-,-,0,Soğutma kapasitesi : 24000 BTU/h,Isıtma kapasitesi :27000 BTU/h,Heat-Pump ısıtma,Fonksiyonlar: Sogutma- Isitma- Nem giderme- Otomatik- Sleep- Follow me- Donmaya karsi koruyucu,
B1ZMI24603,arsiv,arsiv,P3ZMI09402 iç ünite ile P3ZMA09402 dış üniteyi içerir.,//media3.bosch-home.com/Product_Shots/600x600/MCSA00615343_B1ZMI24603_def.jpg,0,https://www.bosch-home.com.tr/urun-listesi/arsiv/B1ZMI24603?breadcrumb=null,0,0,-,,-,https://www.bosch-home.com.tr/yetkili-saticilar?product=B1ZMI24603,-,-,1514847600,Soğutma kapasitesi : 24000 BTU/h,Isıtma kapasitesi :25000 BTU/h,Heat-Pump ısıtma,Fonksiyonlar: Nem giderme- Donmaya karsi koruyucu- Isitma- Sogutma- Sleep- Otomatik,
B1ZMI24602,arsiv,arsiv,Bio klima - iç ünite,//media3.bosch-home.com/Product_Shots/600x600/MCSA049134_B1ZMI24602_def.jpg,0,https://www.bosch-home.com.tr/urun-listesi/arsiv/B1ZMI24602?breadcrumb=null,0,0,-,,-,https://www.bosch-home.com.tr/yetkili-saticilar?product=B1ZMI24602,-,-,0,Soğutma kapasitesi : 24000 BTU/h,Isıtma kapasitesi :27000 BTU/h,Heat-Pump ısıtma,Fonksiyonlar: Nem giderme- Donmaya karsi koruyucu- Isitma- Sogutma- Sleep- Otomatik,
B1ZMI24000,arsiv,arsiv,Isıtmalı-Soğutmalı Duvar Tipi Mono Split Klima İç Ünite,//media3.bosch-home.com/Product_Shots/600x600/MCSA034704_B1ZMI24000_def.jpg,0,https://www.bosch-home.com.tr/urun-listesi/arsiv/B1ZMI24000?breadcrumb=null,0,0,-,,-,https://www.bosch-home.com.tr/yetkili-saticilar?product=B1ZMI24000,-,-,0,Isıtma kapasitesi 23500 Btu/h,Soğutma kapasitesi : 21000 Btu/h,3 kademeli ve otomatik fan hızı (otomatik-düşük-orta-yüksek),NO_FEATURE klima - iç ünite,
B1ZMI22902,arsiv,arsiv,22000 BTU/h Btu inverter klima B1ZMI22902 iç ünite ve B1ZMI22902 dış üniteyi içerir.,//media3.bosch-home.com/Product_Shots/600x600/MCSA00779831_B1ZMI22902_def.jpg,0,https://www.bosch-home.com.tr/urun-listesi/arsiv/B1ZMI22902?breadcrumb=null,0,0,-,,-,https://www.bosch-home.com.tr/yetkili-saticilar?product=B1ZMI22902,Inverter klima - iç ünite,-,0,Soğutma kapasitesi : 22000 BTU/h,Isıtma kapasitesi :25000 BTU/h,Heat-Pump ısıtma,Fonksiyonlar: Sleep- Isitma- Filtre degistirme götergesi- Nem giderme- Sogutma- Otomatik,
B1ZMI22603,arsiv,arsiv,22000 BTU/h Btu inverter klima B1ZMI22603 iç ünite ve B1ZMI22603 dış üniteyi içerir.,//media3.bosch-home.com/Product_Shots/600x600/MCSA00824359_B1ZMI09603_def.jpg,0,https://www.bosch-home.com.tr/urun-listesi/arsiv/B1ZMI22603?breadcrumb=null,0,0,-,,-,https://www.bosch-home.com.tr/yetkili-saticilar?product=B1ZMI22603,Inverter klima - iç ünite,-,0,Soğutma kapasitesi : 22000 BTU/h,Isıtma kapasitesi :25000 BTU/h,Heat-Pump ısıtma,Fonksiyonlar: Isitma- Sleep- Sogutma- Donmaya karsi koruyucu- Nem giderme- Otomatik,
B1ZMI22403,arsiv,arsiv,Yeni enerji yönetmeliğine ugun- inverter A enerji sınıfı split klima iç ünite,//media3.bosch-home.com/Product_Shots/600x600/MCSA01076925_B1ZMAI12403_def.jpg,0,https://www.bosch-home.com.tr/urun-listesi/arsiv/B1ZMI22403?breadcrumb=null,0,0,-,,-,https://www.bosch-home.com.tr/yetkili-saticilar?product=B1ZMI22403,-,-,0,Soğutma kapasitesi : 22000 BTU/h,Isıtma kapasitesi :25000 BTU/h,Heat-Pump ısıtma,Fonksiyonlar: Filtre degistirme götergesi- Isitma- Sogutma- Sleep- Otomatik- Nem giderme,
B1ZMI18909,arsiv,arsiv,Yeni enerji yönetmeliğine ugun- inverter A++ enerji sınıfı split klima iç ünite,//media3.bosch-home.com/Product_Shots/600x600/MCSA01076991_B1ZMAI12909_def.jpg,0,https://www.bosch-home.com.tr/urun-listesi/arsiv/B1ZMI18909?breadcrumb=null,0,0,-,,-,https://www.bosch-home.com.tr/yetkili-saticilar?product=B1ZMI18909,-,-,0,Soğutma kapasitesi : 18000 BTU/h,Isıtma kapasitesi :19000 BTU/h,Wi-Fi özelliği,Heat-Pump ısıtma,
B1ZMI18907,arsiv,arsiv,18000 BTU/h Btu inverter klima B1ZMI18907 iç ünite ve B1ZMI18907 dış üniteyi içerir.,//media3.bosch-home.com/Product_Shots/600x600/MCSA01076969_B1ZMAI12907_def.jpg,0,https://www.bosch-home.com.tr/urun-listesi/arsiv/B1ZMI18907?breadcrumb=null,0,0,-,,-,https://www.bosch-home.com.tr/yetkili-saticilar?product=B1ZMI18907,-,-,0,Soğutma kapasitesi : 18000 BTU/h,Isıtma kapasitesi :19000 BTU/h,Heat-Pump ısıtma,Fonksiyonlar: Follow me- Otomatik- Sleep- Sogutma- Isitma- Donmaya karsi koruyucu- Nem giderme,
B1ZMI18905,arsiv,arsiv,P3ZMI09402 iç ünite ile P3ZMA09402 dış üniteyi içerir.,//media3.bosch-home.com/Product_Shots/600x600/MCSA046404_B1ZMI18905_def.jpg,0,https://www.bosch-home.com.tr/urun-listesi/arsiv/B1ZMI18905?breadcrumb=null,0,0,-,,-,https://www.bosch-home.com.tr/yetkili-saticilar?product=B1ZMI18905,-,-,1514847600,Soğutma kapasitesi : 18000 BTU/h,Isıtma kapasitesi :19000 BTU/h,Heat-Pump ısıtma,Fonksiyonlar: Follow me- Sogutma- Sleep- Donmaya karsi koruyucu- Otomatik- Nem giderme- Isitma,
B1ZMI18904,arsiv,arsiv,18000 BTU/h Btu inverter klima B1ZMI18904 iç ünite ve B1ZMI18904 dış üniteyi içerir.,//media3.bosch-home.com/Product_Shots/600x600/MCSA00615342_B1ZMI18904_def.jpg,0,https://www.bosch-home.com.tr/urun-listesi/arsiv/B1ZMI18904?breadcrumb=null,0,0,-,,-,https://www.bosch-home.com.tr/yetkili-saticilar?product=B1ZMI18904,-,-,0,Soğutma kapasitesi : 18000 BTU/h,Isıtma kapasitesi :18500 BTU/h,Heat-Pump ısıtma,A enerji sınıfı,
B1ZMI18903,arsiv,arsiv,18000 BTU/h Btu inverter klima B1ZMI18903 iç ünite ve B1ZMI18903 dış üniteyi içerir.,//media3.bosch-home.com/Product_Shots/600x600/MCSA049138_B1ZMI18903_def.jpg,0,https://www.bosch-home.com.tr/urun-listesi/arsiv/B1ZMI18903?breadcrumb=null,0,0,-,,-,https://www.bosch-home.com.tr/yetkili-saticilar?product=B1ZMI18903,-,-,0,Soğutma kapasitesi : 18000 BTU/h,Isıtma kapasitesi :18500 BTU/h,Heat-Pump ısıtma,A enerji sınıfı,
B1ZMI18902,arsiv,arsiv,17500 BTU/h Btu inverter klima B1ZMI18902 iç ünite ve B1ZMI18902 dış üniteyi içerir.,//media3.bosch-home.com/Product_Shots/600x600/MCSA00779830_B1ZMI18902_def.jpg,0,https://www.bosch-home.com.tr/urun-listesi/arsiv/B1ZMI18902?breadcrumb=null,0,0,-,,-,https://www.bosch-home.com.tr/yetkili-saticilar?product=B1ZMI18902,Inverter klima - iç ünite,-,0,Soğutma kapasitesi : 17500 BTU/h,Isıtma kapasitesi :18000 BTU/h,Heat-Pump ısıtma,Fonksiyonlar: Nem giderme- Donmaya karsi koruyucu- Isitma- Sogutma- Sleep- Otomatik,
B1ZMI18750,arsiv,arsiv,P3ZMI09402 iç ünite ile P3ZMA09402 dış üniteyi içerir.,//media3.bosch-home.com/Product_Shots/600x600/MCSA045753_B1ZMI18750_def.jpg,0,https://www.bosch-home.com.tr/urun-listesi/arsiv/B1ZMI18750?breadcrumb=null,0,0,-,,-,https://www.bosch-home.com.tr/yetkili-saticilar?product=B1ZMI18750,-,-,1514847600,Soğutma kapasitesi : 18000 BTU/h,Isıtma kapasitesi :19000 BTU/h,Heat-Pump ısıtma,Fonksiyonlar: Isitma- Sogutma- Sleep- Donmaya karsi koruyucu- Otomatik- Nem giderme- Follow me,
B1ZMI18603,arsiv,arsiv,17500 BTU/h Btu inverter klima B1ZMI18603 iç ünite ve B1ZMI18603 dış üniteyi içerir.,//media3.bosch-home.com/Product_Shots/600x600/MCSA00824359_B1ZMI09603_def.jpg,0,https://www.bosch-home.com.tr/urun-listesi/arsiv/B1ZMI18603?breadcrumb=null,0,0,-,,-,https://www.bosch-home.com.tr/yetkili-saticilar?product=B1ZMI18603,-,-,0,Soğutma kapasitesi : 17500 BTU/h,Isıtma kapasitesi :18000 BTU/h,Heat-Pump ısıtma,Fonksiyonlar: Nem giderme- Isitma- Sogutma- Sleep- Donmaya karsi koruyucu- Otomatik,
B1ZMI18602,arsiv,arsiv,Bio klima - iç ünite,//media3.bosch-home.com/Product_Shots/600x600/MCSA049137_B1ZMI18602_def.jpg,0,https://www.bosch-home.com.tr/urun-listesi/arsiv/B1ZMI18602?breadcrumb=null,0,0,-,,-,https://www.bosch-home.com.tr/yetkili-saticilar?product=B1ZMI18602,-,-,1514847600,Soğutma kapasitesi : 18000 BTU/h,Isıtma kapasitesi :19000 BTU/h,Heat-Pump ısıtma,Fonksiyonlar: Donmaya karsi koruyucu- Isitma- Sogutma- Nem giderme- Otomatik- Sleep,
B1ZMI18403,arsiv,arsiv,Yeni enerji yönetmeliğine ugun- inverter A enerji sınıfı split klima iç ünite,//media3.bosch-home.com/Product_Shots/600x600/MCSA01076925_B1ZMAI12403_def.jpg,0,https://www.bosch-home.com.tr/urun-listesi/arsiv/B1ZMI18403?breadcrumb=null,0,0,-,,-,https://www.bosch-home.com.tr/yetkili-saticilar?product=B1ZMI18403,-,-,0,Soğutma kapasitesi : 17500 BTU/h,Isıtma kapasitesi :18000 BTU/h,Heat-Pump ısıtma,Fonksiyonlar: Otomatik- Nem giderme- Donmaya karsi koruyucu- Sleep- Isitma- Sogutma,
B1ZMI18000,arsiv,arsiv,Isıtmalı-Soğutmalı Duvar Tipi Mono Split Klima İç Ünite,//media3.bosch-home.com/Product_Shots/600x600/MCSA034702_B1ZMI18000_def.jpg,0,https://www.bosch-home.com.tr/urun-listesi/arsiv/B1ZMI18000?breadcrumb=null,0,0,-,,-,https://www.bosch-home.com.tr/yetkili-saticilar?product=B1ZMI18000,-,-,0,Soğutma kapasitesi : 18000 Btu/h,Isıtma kapasitesi :20000 Btu/h,Çocuk kilidi,3 kademeli ve otomatik fan hızı (Autu-düşük-orta-yüksek),
B1ZMI12915,arsiv,arsiv,12000 BTU/h Btu inverter klima B1ZMI12915 iç unite ve B1ZMA12915 dış üniteyi içerir,//media3.bosch-home.com/Product_Shots/600x600/MCSA00649789_B1ZMI12915_def.jpg,0,https://www.bosch-home.com.tr/urun-listesi/arsiv/B1ZMI12915?breadcrumb=null,0,0,-,,-,https://www.bosch-home.com.tr/yetkili-saticilar?product=B1ZMI12915,-,-,0,Soğutma kapasitesi : 12000 BTU/h,Isıtma kapasitesi :12500 BTU/h,Heat-Pump ısıtma,Fonksiyonlar: Isitma- Nem giderme- Sleep- Sogutma- Donmaya karsi koruyucu- Follow me- Otomatik,
B1ZMI12912,arsiv,arsiv,Yeni enerji yönetmeliğine ugun- inverter A+++ enerji sınıfı split klima iç ünite,//media3.bosch-home.com/Product_Shots/600x600/MCSA01077017_B1ZMAI12912_def.jpg,0,https://www.bosch-home.com.tr/urun-listesi/arsiv/B1ZMI12912?breadcrumb=null,0,0,-,,-,https://www.bosch-home.com.tr/yetkili-saticilar?product=B1ZMI12912,-,-,0,Soğutma kapasitesi : 12000 BTU/h,Isıtma kapasitesi :13000 BTU/h,Heat-Pump ısıtma,Fonksiyonlar: Isitma- Nem giderme- Donmaya karsi koruyucu- Follow me- Otomatik- Sogutma- Sleep,
B1ZMI12911,arsiv,arsiv,12000 BTU/h Btu inverter klima B1ZMI12911 iç ünite ve B1ZMI12911 dış üniteyi içerir.,//media3.bosch-home.com/Product_Shots/600x600/MCSA00506559_B1ZMI12911_def.jpg,0,https://www.bosch-home.com.tr/urun-listesi/arsiv/B1ZMI12911?breadcrumb=null,0,0,-,,-,https://www.bosch-home.com.tr/yetkili-saticilar?product=B1ZMI12911,-,-,0,Soğutma kapasitesi : 12000 BTU/h,Isıtma kapasitesi :13000 BTU/h,Heat-Pump ısıtma,Fonksiyonlar: Sogutma- Sleep- Isitma- Follow me- Donmaya karsi koruyucu- Nem giderme- Otomatik,
B1ZMI12910,arsiv,arsiv,12000 BTU/h Btu inverter klima B1ZMI12910 iç ünite ve B1ZMI12910 dış üniteyi içerir.,//media3.bosch-home.com/Product_Shots/600x600/MCSA049139_B1ZMI12910_def.jpg,0,https://www.bosch-home.com.tr/urun-listesi/arsiv/B1ZMI12910?breadcrumb=null,0,0,-,,-,https://www.bosch-home.com.tr/yetkili-saticilar?product=B1ZMI12910,-,-,0,Soğutma kapasitesi : 12000 BTU/h,Isıtma kapasitesi :13000 BTU/h,Heat-Pump ısıtma,Fonksiyonlar: Sleep- Sogutma- Isitma- Follow me- Nem giderme- Otomatik- Donmaya karsi koruyucu,
B1ZMI12909,arsiv,arsiv,12000 BTU/h Btu inverter klima B1ZMI12909 iç ünite ve B1ZMI12909 dış üniteyi içerir.,//media3.bosch-home.com/Product_Shots/600x600/MCSA01076991_B1ZMAI12909_def.jpg,0,https://www.bosch-home.com.tr/urun-listesi/arsiv/B1ZMI12909?breadcrumb=null,0,0,-,,-,https://www.bosch-home.com.tr/yetkili-saticilar?product=B1ZMI12909,-,-,1464732000,Soğutma kapasitesi : 12000 BTU/h,Isıtma kapasitesi :13000 BTU/h,Wi-Fi özelliği,Heat-Pump ısıtma,
B1ZMI12907,arsiv,arsiv,12000 BTU/h Btu inverter klima B1ZMI12907 iç ünite ve B1ZMI12907 dış üniteyi içerir.,//media3.bosch-home.com/Product_Shots/600x600/MCSA01076969_B1ZMAI12907_def.jpg,0,https://www.bosch-home.com.tr/urun-listesi/arsiv/B1ZMI12907?breadcrumb=null,0,0,-,,-,https://www.bosch-home.com.tr/yetkili-saticilar?product=B1ZMI12907,-,-,0,Soğutma kapasitesi : 12000 BTU/h,Isıtma kapasitesi :13000 BTU/h,Heat-Pump ısıtma,Fonksiyonlar: Follow me- Donmaya karsi koruyucu- Isitma- Nem giderme- Otomatik- Sogutma- Sleep,
B1ZMI12905,arsiv,arsiv,P3ZMI09402 iç ünite ile P3ZMA09402 dış üniteyi içerir.,//media3.bosch-home.com/Product_Shots/600x600/MCSA046406_B1ZMI12905_def.jpg,0,https://www.bosch-home.com.tr/urun-listesi/arsiv/B1ZMI12905?breadcrumb=null,0,0,-,,-,https://www.bosch-home.com.tr/yetkili-saticilar?product=B1ZMI12905,-,-,1514847600,Soğutma kapasitesi : 12000 BTU/h,Isıtma kapasitesi :13000 BTU/h,Heat-Pump ısıtma,Fonksiyonlar: Nem giderme- Sleep- Donmaya karsi koruyucu- Sogutma- Isitma- Otomatik- Follow me,
B1ZMI12903,arsiv,arsiv,P3ZMI09402 iç ünite ile P3ZMA09402 dış üniteyi içerir.,//media3.bosch-home.com/Product_Shots/600x600/MCSA049138_B1ZMI18903_def.jpg,0,https://www.bosch-home.com.tr/urun-listesi/arsiv/B1ZMI12903?breadcrumb=null,0,0,-,,-,https://www.bosch-home.com.tr/yetkili-saticilar?product=B1ZMI12903,-,-,1514847600,Soğutma kapasitesi : 12000 BTU/h,Isıtma kapasitesi :13000 BTU/h,Heat-Pump ısıtma,Fonksiyonlar: Sleep- Sogutma- Isitma- Donmaya karsi koruyucu- Otomatik- Nem giderme,
B1ZMI12902,arsiv,arsiv,12000 BTU/h Btu inverter klima B1ZMI12902 iç ünite ve B1ZMI12902 dış üniteyi içerir.,//media3.bosch-home.com/Product_Shots/600x600/MCSA00779829_B1ZMI12902_def.jpg,0,https://www.bosch-home.com.tr/urun-listesi/arsiv/B1ZMI12902?breadcrumb=null,0,0,-,,-,https://www.bosch-home.com.tr/yetkili-saticilar?product=B1ZMI12902,Inverter klima - iç ünite,-,0,Soğutma kapasitesi : 12000 BTU/h,Isıtma kapasitesi :12500 BTU/h,Heat-Pump ısıtma,Fonksiyonlar: Sleep- Sogutma- Donmaya karsi koruyucu- Nem giderme- Otomatik- Isitma,
B1ZMI12752,arsiv,arsiv,P3ZMI09402 iç ünite ile P3ZMA09402 dış üniteyi içerir.,//media3.bosch-home.com/Product_Shots/600x600/MCSA00615341_B1ZMI12752_def.jpg,0,https://www.bosch-home.com.tr/urun-listesi/arsiv/B1ZMI12752?breadcrumb=null,0,0,-,,-,https://www.bosch-home.com.tr/yetkili-saticilar?product=B1ZMI12752,-,-,1514847600,Soğutma kapasitesi : 12000 BTU/h,Isıtma kapasitesi :13000 BTU/h,Heat-Pump ısıtma,Fonksiyonlar: Donmaya karsi koruyucu- Nem giderme- Otomatik- Follow me- Sleep- Sogutma- Isitma,
B1ZMI12750,arsiv,arsiv,12000 BTU/h Btu inverter klima B1ZMI12750 iç ünite ve B1ZMI12750 dış üniteyi içerir.,//media3.bosch-home.com/Product_Shots/600x600/MCSA045741_B1ZMI12750_def.jpg,0,https://www.bosch-home.com.tr/urun-listesi/arsiv/B1ZMI12750?breadcrumb=null,0,0,-,,-,https://www.bosch-home.com.tr/yetkili-saticilar?product=B1ZMI12750,-,-,0,Soğutma kapasitesi : 12000 BTU/h,Isıtma kapasitesi :13000 BTU/h,Heat-Pump ısıtma,Fonksiyonlar: Donmaya karsi koruyucu- Sogutma- Sleep- Nem giderme- Isitma- Otomatik- Follow me,
B1ZMI12603,arsiv,arsiv,Isıtmalı - soğutmalı duvar tipi mono split klima-iç ünite,//media3.bosch-home.com/Product_Shots/600x600/MCSA00824359_B1ZMI09603_def.jpg,0,https://www.bosch-home.com.tr/urun-listesi/arsiv/B1ZMI12603?breadcrumb=null,0,0,-,,-,https://www.bosch-home.com.tr/yetkili-saticilar?product=B1ZMI12603,Yeni enerji yönetmeliğine uygun- Inverter A+ enerji sınıfı klima,-,0,Soğutma kapasitesi : 12000 BTU/h,Isıtma kapasitesi :12500 BTU/h,Heat-Pump ısıtma,Fonksiyonlar: Nem giderme- Otomatik- Isitma- Sogutma- Sleep- Donmaya karsi koruyucu,
B1ZMI12602,arsiv,arsiv,P3ZMI09402 iç ünite ile P3ZMA09402 dış üniteyi içerir.,//media3.bosch-home.com/Product_Shots/600x600/MCSA049136_B1ZMI12602_def.jpg,0,https://www.bosch-home.com.tr/urun-listesi/arsiv/B1ZMI12602?breadcrumb=null,0,0,-,,-,https://www.bosch-home.com.tr/yetkili-saticilar?product=B1ZMI12602,-,-,1514847600,Soğutma kapasitesi : 12000 BTU/h,Isıtma kapasitesi :13500 BTU/h,Heat-Pump ısıtma,Fonksiyonlar: Sleep- Sogutma- Isitma- Donmaya karsi koruyucu- Otomatik- Nem giderme,
B1ZMI12403,arsiv,arsiv,Yeni enerji yönetmeliğine ugun- inverter A enerji sınıfı split klima iç ünite,//media3.bosch-home.com/Product_Shots/600x600/MCSA01076925_B1ZMAI12403_def.jpg,0,https://www.bosch-home.com.tr/urun-listesi/arsiv/B1ZMI12403?breadcrumb=null,0,0,-,,-,https://www.bosch-home.com.tr/yetkili-saticilar?product=B1ZMI12403,-,-,0,Soğutma kapasitesi : 12000 BTU/h,Isıtma kapasitesi :12500 BTU/h,Heat-Pump ısıtma,Fonksiyonlar: Sleep- Sogutma- Isitma- Donmaya karsi koruyucu- Nem giderme- Otomatik,
B1ZMI12002,arsiv,arsiv,Isıtmalı-Soğutmalı Duvar Tipi Mono Split Klima İç Ünite,//media3.bosch-home.com/Product_Shots/600x600/MCSA034700_B1ZMI12002_def.jpg,0,https://www.bosch-home.com.tr/urun-listesi/arsiv/B1ZMI12002?breadcrumb=null,0,0,-,,-,https://www.bosch-home.com.tr/yetkili-saticilar?product=B1ZMI12002,-,-,0,Isıtma kapasitesi :13000 Btu/h,Soğutma kapasitesi : 12000 Btu/h,LCD uzaktan kumanda,3 kademeli ve otomatik fan hızı ( Autu-düşük-orta-yüksek),
B1ZMI09915,arsiv,arsiv,9000 BTU/h Btu inverter klima B1ZMI09915 iç ünite ve B1ZMI09915 dış üniteyi içerir.,//media3.bosch-home.com/Product_Shots/600x600/MCSA00649788_B1ZMI09915_def.jpg,0,https://www.bosch-home.com.tr/urun-listesi/arsiv/B1ZMI09915?breadcrumb=null,0,0,-,,-,https://www.bosch-home.com.tr/yetkili-saticilar?product=B1ZMI09915,-,-,0,Soğutma kapasitesi : 9000 BTU/h,Isıtma kapasitesi :10000 BTU/h,Heat-Pump ısıtma,Fonksiyonlar: Nem giderme- Donmaya karsi koruyucu- Follow me- Isitma- Sogutma- Sleep- Otomatik,
B1ZMI09912,arsiv,arsiv,Yeni enerji yönetmeliğine uygun- inverter A+++ enerji sınıfı split klima iç ünite,//media3.bosch-home.com/Product_Shots/600x600/MCSA01077017_B1ZMAI12912_def.jpg,0,https://www.bosch-home.com.tr/urun-listesi/arsiv/B1ZMI09912?breadcrumb=null,0,0,-,,-,https://www.bosch-home.com.tr/yetkili-saticilar?product=B1ZMI09912,-,-,1466114400,Soğutma kapasitesi : 9000 BTU/h,Isıtma kapasitesi :10000 BTU/h,Heat-Pump ısıtma,Fonksiyonlar: Isitma- Sogutma- Sleep- Follow me- Otomatik- Nem giderme- Donmaya karsi koruyucu,
B1ZMI09911,arsiv,arsiv,9000 BTU/h Btu inverter klima B1ZMI09911 iç ünite ve B1ZMI09911 dış üniteyi içerir.,//media3.bosch-home.com/Product_Shots/600x600/MCSA00506558_B1ZMI09911_def.jpg,0,https://www.bosch-home.com.tr/urun-listesi/arsiv/B1ZMI09911?breadcrumb=null,0,0,-,,-,https://www.bosch-home.com.tr/yetkili-saticilar?product=B1ZMI09911,-,-,0,Soğutma kapasitesi : 9000 BTU/h,Isıtma kapasitesi :10000 BTU/h,Heat-Pump ısıtma,Fonksiyonlar: Otomatik- Follow me- Isitma- Sogutma- Sleep- Nem giderme- Donmaya karsi koruyucu,
B1ZMI09910,arsiv,arsiv,9000 BTU/h Btu inverter klima B1ZMI09910 iç ünite ve B1ZMI09910 dış üniteyi içerir.,//media3.bosch-home.com/Product_Shots/600x600/MCSA049135_B1ZMI09910_def.jpg,0,https://www.bosch-home.com.tr/urun-listesi/arsiv/B1ZMI09910?breadcrumb=null,0,0,-,,-,https://www.bosch-home.com.tr/yetkili-saticilar?product=B1ZMI09910,-,-,0,Soğutma kapasitesi : 9000 BTU/h,Isıtma kapasitesi :10000 BTU/h,Heat-Pump ısıtma,Fonksiyonlar: Sleep- Sogutma- Isitma- Follow me- Nem giderme- Otomatik- Donmaya karsi koruyucu,
B1ZMI09909,arsiv,arsiv,9500 BTU/h Btu inverter klima B1ZMI09909 iç ünite ve B1ZMI09909 dış üniteyi içerir.,//media3.bosch-home.com/Product_Shots/600x600/MCSA01076991_B1ZMAI12909_def.jpg,0,https://www.bosch-home.com.tr/urun-listesi/arsiv/B1ZMI09909?breadcrumb=null,0,0,-,,-,https://www.bosch-home.com.tr/yetkili-saticilar?product=B1ZMI09909,Inverter klima - iç ünite,-,0,Soğutma kapasitesi : 9500 BTU/h,Isıtma kapasitesi :10500 BTU/h,Wi-Fi özelliği,Heat-Pump ısıtma,
B1ZMI09907,arsiv,arsiv,Isıtmalı - soğutmalı duvar tipi mono split klima-iç ünite,//media3.bosch-home.com/Product_Shots/600x600/MCSA01076969_B1ZMAI12907_def.jpg,0,https://www.bosch-home.com.tr/urun-listesi/arsiv/B1ZMI09907?breadcrumb=null,0,0,-,,-,https://www.bosch-home.com.tr/yetkili-saticilar?product=B1ZMI09907,Yeni enerji yönetmeliğine uygun- Inverter A++ enerji sınıfı klima,-,0,Soğutma kapasitesi : 10000 BTU/h,Isıtma kapasitesi :10000 BTU/h,Heat-Pump ısıtma,Fonksiyonlar: Sleep- Sogutma- Otomatik- Donmaya karsi koruyucu- Nem giderme- Isitma- Follow me,
B1ZMI09750,arsiv,arsiv,P3ZMI09402 iç ünite ile P3ZMA09402 dış üniteyi içerir.,//media3.bosch-home.com/Product_Shots/600x600/MCSA046407_B1ZMI09750_def.jpg,0,https://www.bosch-home.com.tr/urun-listesi/arsiv/B1ZMI09750?breadcrumb=null,0,0,-,,-,https://www.bosch-home.com.tr/yetkili-saticilar?product=B1ZMI09750,-,-,1514847600,Soğutma kapasitesi : 9000 BTU/h,Isıtma kapasitesi :10300 BTU/h,Heat-Pump ısıtma,Fonksiyonlar: Follow me- Donmaya karsi koruyucu- Otomatik- Nem giderme- Isitma- Sleep- Sogutma,
B1ZMI09603,arsiv,arsiv,Isıtmalı - soğutmalı duvar tipi mono split klima-iç ünite,//media3.bosch-home.com/Product_Shots/600x600/MCSA00824359_B1ZMI09603_def.jpg,0,https://www.bosch-home.com.tr/urun-listesi/arsiv/B1ZMI09603?breadcrumb=null,0,0,-,,-,https://www.bosch-home.com.tr/yetkili-saticilar?product=B1ZMI09603,Yeni enerji yönetmeliğine uygun- Inverter A+ enerji sınıfı klima,-,0,Soğutma kapasitesi : 9000 BTU/h,Isıtma kapasitesi :9500 BTU/h,Heat-Pump ısıtma,Fonksiyonlar: Nem giderme- Sleep- Sogutma- Isitma- Donmaya karsi koruyucu- Otomatik,
B1ZMI09602,arsiv,arsiv,P3ZMI09402 iç ünite ile P3ZMA09402 dış üniteyi içerir.,//media3.bosch-home.com/Product_Shots/600x600/MCSA049140_B1ZMI09602_def.jpg,0,https://www.bosch-home.com.tr/urun-listesi/arsiv/B1ZMI09602?breadcrumb=null,0,0,-,,-,https://www.bosch-home.com.tr/yetkili-saticilar?product=B1ZMI09602,-,-,1514847600,Soğutma kapasitesi : 9000 BTU/h,Isıtma kapasitesi :9500 BTU/h,Heat-Pump ısıtma,Fonksiyonlar: Sleep- Sogutma- Isitma- Donmaya karsi koruyucu- Otomatik- Nem giderme,
B1ZMI09403,arsiv,arsiv,Isıtmalı - soğutmalı duvar tipi mono split klima- iç ünite.,//media3.bosch-home.com/Product_Shots/600x600/MCSA01076925_B1ZMAI12403_def.jpg,0,https://www.bosch-home.com.tr/urun-listesi/arsiv/B1ZMI09403?breadcrumb=null,0,0,-,,-,https://www.bosch-home.com.tr/yetkili-saticilar?product=B1ZMI09403,Yeni enerji yönetmeliğine uygun Ionizer A enerji sınıfı klima,-,0,Soğutma kapasitesi : 9000 BTU/h,Isıtma kapasitesi :9500 BTU/h,Heat-Pump ısıtma,Fonksiyonlar: Sogutma- Sleep- Isitma- Donmaya karsi koruyucu- Nem giderme- Otomatik,
B1ZMI09002,arsiv,arsiv,Isıtmalı-Soğutmalı Duvar Tipi Mono Split Klima İç Ünite,//media3.bosch-home.com/Product_Shots/600x600/MCSA034698_B1ZMI09002_def.jpg,0,https://www.bosch-home.com.tr/urun-listesi/arsiv/B1ZMI09002?breadcrumb=null,0,0,-,,-,https://www.bosch-home.com.tr/yetkili-saticilar?product=B1ZMI09002,-,-,0,Isıtma kapasitesi :10000 Btu/h,Soğutma kapasitesi : 9000 Btu/h,İyonizer model,Isıtma/Soğutma/Nem alma/Fan/Auto,
B1ZMI09000,arsiv,arsiv,Isıtmalı - soğutmalı duvar tipi mono split klima-iç ünite,//media3.bosch-home.com/Product_Shots/600x600/MCSA034697_B1ZMI09000_def.jpg,0,https://www.bosch-home.com.tr/urun-listesi/arsiv/B1ZMI09000?breadcrumb=null,0,0,-,,-,https://www.bosch-home.com.tr/yetkili-saticilar?product=B1ZMI09000,-,-,0,Soğutma kapasitesi : 9000 Btu/h,Isıtma kapasitesi :10000 Btu/h,3 kademeli ve otomatik fan hızı (Autu-düşük-orta-yüksek),Bio Model,
B1ZAI12406,arsiv,arsiv,Isıtmalı - soğutmalı fresh air duvar tipi split klima-iç ünite,//media3.bosch-home.com/Product_Shots/600x600/MCSA034692_B1ZAI12406_def.jpg,0,https://www.bosch-home.com.tr/urun-listesi/arsiv/B1ZAI12406?breadcrumb=null,0,0,-,,-,https://www.bosch-home.com.tr/yetkili-saticilar?product=B1ZAI12406,-,-,0,Isıtma kapasite : 12690Btu/h,Soğutma kapasite :12280 Btu/h,Isıtma / soğutma / nem alma / fan / auto,Antibakteriyel filtre,
B1RDC4211L,arsiv,arsiv,Cerapur yoğuşmalı kat kaloriferi,//media3.bosch-home.com/Product_Shots/600x600/MCSA034671_B1RDC4211L_def.jpg,0,https://www.bosch-home.com.tr/urun-listesi/arsiv/B1RDC4211L?breadcrumb=null,0,0,-,,-,https://www.bosch-home.com.tr/yetkili-saticilar?product=B1RDC4211L,-,-,0,10 lt genleşme tankı,36.120 kcal/h 41-4 kW. %109 verim,42 dBA sessizliği,Akıllı kart,
